P 1217.5329, 1543.875, 23.1, 0, 0, 0, 1, Good_camp_spot
P 1381.2465, -1369.6116, 13.3145, 0, 0, 0, 1, Danvi's_Corpse(Mag1.5)
P 501.815, -180.1108, -28.998, 240, 0, 0, 1, trap
P 897.8744, -179.5583, -25.5497, 240, 0, 0, 1, trap
P 1102.8264, -228.2368, -25.306, 240, 0, 0, 1, trap
P 1315.4148, -277.7019, 0.2, 240, 0, 0, 1, trap
P 1550.394, -262.6673, 0.2, 240, 0, 0, 1, trap
P 1436.9927, -472.2893, 12.2, 240, 0, 0, 1, trap
P 1420.6552, -712.648, 12.2, 0, 0, 0, 1, Section_of_Parchment(Mnk1.5)
P 1435.1695, -860.9296, 12.2, 240, 0, 0, 1, trap
P 803.4628, -170.8797, -25.998, 240, 0, 0, 1, trap
P 1454.2014, -591.501, 12.7014, 240, 0, 0, 1, trap
P 982.5055, -930.4384, 16.19, 240, 0, 0, 1, trap
P 256.3435, -289.2744, -17.998, 240, 0, 0, 1, trap
P 969.5879, -589.7296, 16.724, 240, 0, 0, 1, trap
P 84.7789, 17.5671, 0.2, 240, 0, 0, 1, trap
P 505.7176, -547.5738, 22.1062, 127, 0, 0, 2, Atulinae`Vius_(Cle1.5)
