P -54.8342, 804.6702, -10.6044, 0, 0, 240, 2, Bale
P 526.6208, 5812.1719, -12.5593, 0, 0, 240, 2, Breinne_(roam)
P 85.9513, 843.3238, -11.8674, 0, 0, 240, 2, Braxi_Keeper_Yubai
P 391.957, 172.551, -13.7022, 0, 0, 240, 2, Treg_(Q)
P 260.93, 110.9257, -13.1379, 0, 0, 240, 2, Elder_Poanag
P -2771.8564, -314.5869, 2.3698, 0, 0, 240, 2, Kalda_Treg_(MI R)
P -2769.2219, -302.5667, 2.7322, 0, 0, 240, 2, Mea_Treg_(Quest)
P -9.9064, 2950.2096, 36.3725, 0, 0, 240, 2, Yahnoa_(Q)
P -1192.1302, 3910.3674, 12.2387, 0, 0, 240, 2, Blackwort_(Q)
P -607.2205, 3583.989, -15.1283, 0, 0, 240, 2, Hunter_Bindani_(Q)
P -572.6264, 1586.307, -12.3524, 0, 0, 240, 2, Wart
P -1013.9053, 1067.6038, 21.4112, 0, 0, 240, 2, Yurv
P -1206.6132, 2333.6251, -15.1485, 0, 0, 240, 2, Klar
P -2609.8362, 2887.3236, -10.18, 0, 0, 240, 2, Kar_of_the_Domain_Clan
P 267.6793, -10.6372, -12.457, 0, 0, 240, 2, Elder_Hilnaah
P 486.3856, 96.8466, -12.3488, 0, 0, 240, 2, Elder_Giaborn
P -1143.4797, -547.3215, 6.4667, 0, 0, 240, 2, The_Sklyg_(Spells)
P -1190.7678, -500.59, 6.4667, 0, 0, 240, 2, Rocher_Hampstin
P -1207.4105, -485.7556, 6.4665, 0, 0, 240, 2, Jayt_Steed
P -1195.7534, -468.103, 6.4665, 0, 0, 240, 2, Jheron_Welson
P -2761.5623, 622.25, 6.5312, 0, 0, 240, 2, Yioan_(Q _M,_R)
P -4444.9771, 4816.5415, 197.1719, 0, 0, 127, 2, a_harrowed_Gigglegibber_Goblin_(Frostfell)
