P -731.2063, 103.4, 0.6099, 240, 0, 0, 2, Slaughter
P -1555.1496, 5820.8329, -15.1485, 240, 0, 0, 2, Twisted_Strangler*
P 455.4223, 4066.949, -14.327, 240, 0, 0, 2, Maw_Lurker
P -238.813, 4294.9198, 7.4648, 240, 0, 0, 2, Stonebark
P -2555.5709, 2780.3955, -11.8558, 240, 0, 0, 2, Jorth_Hunter_of_Beasts
P 809.8514, 2543.5783, -15.3405, 240, 0, 0, 2, Blightwing
P -3914.717, 6159.9678, 19.1909, 240, 0, 0, 2, Tangledeath
P -2400.243, 2863.356, -12.3611, 240, 0, 0, 2, Elder_Gotikan
P -1313.7218, 2690.2507, -11.1923, 240, 0, 0, 2, Deathleaper
P 607.5362, 2198.432, -11.8245, 240, 0, 0, 2, Stranglefang
P 650, 1240, 0, 240, 0, 0, 2, An_Ancient_Selyrah
P 920, 1470, 0, 240, 0, 0, 2, An_Ancient_Selyrah
P -2130, 3160, -6, 240, 0, 0, 2, Bonecruncher
P -2342, 1944, -4.5999, 240, 0, 0, 2, Bopo
P -471.5239, 3439.2903, -3.7221, 240, 0, 0, 2, Deathglider
P -740, 2050, 0, 240, 0, 0, 2, Deathleaper_(Roam)
P -2534.4481, 2915.3043, -12.4078, 240, 0, 0, 2, Elder_Gotikan*
P -2631.9965, -346.8419, 10.3652, 240, 0, 0, 2, Karn_the_Hunter
P -1500, 2985, -10, 240, 0, 0, 2, King_Rex
P 600, 5900, -10, 240, 0, 0, 2, Nighthowl
P -642.6884, 1348.8831, -11.1562, 240, 0, 0, 2, Ribcrusher
P -1115, 1325, -10, 240, 0, 0, 2, Ribcrusher
P 120, 4200, -10, 240, 0, 0, 2, Stonebark
P -1098.9489, 708.4158, 13.2167, 240, 0, 0, 2, Swiftwind
P -2043.9458, 1040.9192, -14.789, 240, 0, 0, 2, Thundercut
P -3003.2849, 6048.5586, -23.8384, 240, 0, 0, 2, Tangledeath
P -2092.6653, 6250.4086, -14.695, 240, 0, 0, 2, _A_Twisted_Strangler*
P -384.5706, 1261.2573, -13.6563, 240, 0, 0, 2, Ribcrusher
P -243.7329, -463.5228, -12.9703, 240, 0, 0, 2, Slaughter
P -1142.8104, -87.9134, -3.8035, 240, 0, 0, 2, Slaughter
P 1307.7482, 2958.891, -7.1699, 240, 0, 0, 2, Willowcrush
P 997.1719, 2984.6806, -7.1699, 240, 0, 0, 2, Blightwing
P -1431.2991, -35.914, -13.3536, 240, 0, 0, 2, Nightleaper
P -2212.5439, -107.27, 0.256, 240, 0, 0, 2, Thundercut
P -455.2504, 781.531, -16.2115, 240, 0, 0, 2, Bonecracker
P -2277.8584, 4728.2046, -4.4919, 240, 0, 0, 2, Deathsquirm
P 382.8641, -43.4172, -12.275, 240, 0, 0, 2, Jorth_Hunter_of_Beasts
P 15.2838, -940.2699, 1.5177, 240, 0, 0, 2, Thunderpunch
P 395.3607, 2479.793, -14.322, 240, 0, 0, 2, Stranglefang
P 649.6462, 4384.8936, -12.5341, 240, 0, 0, 2, Mawlurker
P 410.1646, 4260.6015, -12.5702, 240, 0, 0, 2, Mawlurker
P -2168.9971, 4158.604, -4.3404, 240, 0, 0, 2, Deathsquirm
P 161.1289, 2157.3827, -11.4495, 240, 0, 0, 2, Stranglefang
