P -1411.2908, 6529.4926, -4.6082, 0, 0, 0, 1, a_sentry_stone
P -41.3528, 1656.1212, -14.1734, 0, 0, 0, 1, great_dark_ape
P -709.8526, 2902.1648, 53.408, 150, 0, 150, 1, King_of_the_"Hill"
P 1304.1119, 2613.3422, -15.1485, 150, 0, 150, 1, Grall's_Lost_Spear
P 1379.7739, 1745.1153, -4.4436, 99, 0, 255, 1, Iridescent_Frond
P -549.3359, 991.9163, -8.7753, 150, 0, 150, 1, Foul_Weed
P -932.664, 985.7442, 16.951, 255, 127, 0, 1, Poisonous_Weed
P -1312.9403, 711.4085, 13.863, 0, 255, 0, 1, Deadly_Weed
P -1384.3052, 1029.7834, -5.2812, 0, 255, 255, 1, Wilting_Weed
P -1630.676, 658.3828, 13.6976, 255, 127, 0, 1, Poisonous_Weed
P -246.8693, 1075.7699, -9.7322, 0, 255, 0, 1, Deadly_Weed
P 273.709, 350.1512, 1.7374, 255, 127, 0, 1, Poisonous_Weed
P -436.563, 600.8732, -6.4325, 150, 0, 150, 1, Foul_Weed
P -580.583, 21.1158, 13.9856, 150, 0, 150, 1, Foul_Weed
P -869.6876, 110.1954, -6.5217, 255, 127, 0, 1, Poisonous_Weed
P -198.6016, -83.8829, -0.6998, 0, 255, 0, 1, Deadly_Weed
P -1940.8507, 2047.889, -10.6895, 0, 255, 255, 1, Wilting_Weed
P -1949.26, 2457.6567, -12.981, 0, 255, 0, 1, Deadly_Weed
P -1410.3435, 1907.9394, -0.3268, 150, 0, 150, 1, Foul_Weed
P -1210.8024, 2033.5407, -12.3272, 255, 127, 0, 1, Poisonous_Weed
P -1514.7627, 2037.408, -12.3264, 255, 127, 0, 1, Poisonous_Weed
P -1535.797, 2336.2238, -13.5021, 150, 0, 150, 1, Foul_Weed
P -1429.6287, 2331.3267, -13.7385, 0, 255, 0, 1, Deadly_Weed
P -984.1301, 1818.4608, -13.7439, 0, 255, 0, 1, Deadly_Weed
P -1316.7108, 2541.4304, -2.7461, 150, 0, 150, 1, Foul_Weed
P -841.8491, 3262.6984, 45.8282, 255, 127, 0, 1, Poisonous_Weeds
P 106.314, 3051.4918, -13.7413, 0, 255, 0, 1, Deadly_Weed
P -304.8025, 3171.4486, 22.2214, 0, 255, 255, 1, Wilting_Weed
P 428.7939, 2995.4373, -13.6536, 150, 0, 150, 1, Foul_Weed
P 422.7337, 2549.5706, -13.7113, 255, 127, 0, 1, Poisonous_Weed
P -41.8682, 1604.35, -8.7405, 0, 255, 0, 1, Deadly_Weed
P -139.7775, 1519.8064, -9.7102, 0, 255, 255, 1, Wilting_Weed
P -36.5555, 1892.3361, -10.5821, 0, 255, 255, 1, Wilting_Weed
P -348.4205, 4483.1347, 7.9192, 0, 255, 255, 1, Wilting_Weed
P -1178.2013, -283.91, -1.2799, 0, 0, 255, 1, Windberries
P -676.4382, -2.7751, 4.2073, 0, 0, 255, 1, Windberries
P 254.8916, -63.3258, -9.9573, 0, 0, 255, 1, Windberries
P 413.4336, 118.216, -12.8762, 0, 0, 255, 1, Windberries
P -1900.1501, -470.3025, -13.7566, 0, 0, 255, 1, Windberries
P -1820.218, -403.6859, -13.7003, 0, 0, 255, 1, Windberries
P -1883.7919, -173.7065, -4.6684, 0, 0, 255, 1, Windberries
P -1965.17, -79.4825, -9.3706, 0, 0, 255, 1, Windberres
P -1860.6652, 14.862, -2.3683, 0, 0, 255, 1, Windberries
P -1846.4672, 82.9942, -1.4289, 0, 0, 255, 1, Windberries
P -1801.8931, 163.8858, 1.346, 0, 0, 255, 1, Windberries
P -1859.474, 510.9039, 7.521, 0, 0, 255, 1, Windberries
P -524.6462, 856.1503, -11.5472, 0, 0, 255, 1, Windberries
P -876.5738, 525.2056, -1.4632, 0, 0, 255, 1, Windberries
P -1457.3373, 808.4985, -0.983, 0, 0, 255, 3, Widdberries
P -1417.617, 706.2148, 11.3295, 0, 0, 255, 1, Windberries
P -90.9574, -8.432, -3.341, 0, 0, 255, 1, Windberries
P 174.4492, -279.1702, -5.9154, 0, 0, 255, 1, Windberries
P 218.5661, -146.1434, -5.457, 0, 0, 255, 1, Windberries/Bloodbeet
P -1115.3887, 40.7194, -13.7033, 0, 0, 255, 1, Windberries/Bloodbeet
P -1698.7263, 661.5104, 13.5251, 255, 0, 0, 1, Bloodbeet
P -7.2142, 372.778, 14.5794, 255, 0, 0, 1, Bloodbeet
P 2.2599, -110.1889, 3.8029, 255, 0, 0, 1, Bloodbeet
P -1055.1515, 719.8536, 7.6527, 255, 0, 0, 1, Bloodbeet
P -911.646, -291.6322, 2.948, 255, 0, 0, 1, Bloodbeet
P -563.7356, -542.6882, -1.2381, 255, 0, 0, 1, Bloodbeet
P -434.4549, -676.4144, -2.9771, 255, 0, 0, 1, Bloodbeet
P -367.9259, -767.6711, -4.569, 255, 0, 0, 1, Bloodbeet
P -35.8415, -582.947, -6.365, 255, 0, 0, 1, Bloodbeet
P -56.6379, -784.87, -0.887, 255, 0, 0, 1, Bloodbeet
P 441.6415, -112.1734, -7.381, 255, 0, 0, 1, Bloodbeet
P 270.6741, 144.9039, -11.4639, 255, 0, 0, 1, Bloodbeet
P 412.4433, 1.9653, -13.442, 255, 0, 0, 1, Bloodbeet
P 386.812, 236.808, -7.9478, 255, 0, 0, 1, Bloodbeet
P -201.9653, 469.3138, 13.1097, 255, 0, 0, 1, Bloodbeet
P -299.564, 664.1159, 2.4336, 255, 0, 0, 1, Bloodbeet
P -639.2634, 256.4225, 10.8356, 255, 0, 0, 1, Bloodbeet
P -1893.978, -310.3688, -12.5015, 255, 0, 0, 1, Bloodbeet
P -1946.8046, -18.9738, -7.2622, 255, 0, 0, 1, Bloodbeet
P -1783.3181, 41.9596, -1.2183, 255, 0, 0, 1, Bloodbeet
P -1678.9148, 42.3042, -3.356, 255, 0, 0, 1, Bloodbeet
P -1741.9429, -147.2943, -5.1717, 255, 0, 0, 1, Bloodbeet
P -1811.3606, 271.6211, 6.5408, 255, 0, 0, 1, Bloodbeet
P -1862.5604, 176.1191, -0.1452, 255, 0, 0, 1, Bloodbeet
P -1832.975, 383.5079, 1.6704, 255, 0, 0, 1, Bloodbeet
P -1765.1878, 186.9567, 1.1055, 255, 0, 0, 1, Bloodbeet
P -553.9813, 748.3795, -9.6511, 255, 0, 0, 1, Bloodbeet
P -642.8486, 689.1921, -7.925, 255, 0, 0, 1, Bloodbeet
P -908.409, 764.869, -4.8033, 255, 0, 0, 1, Bloodbeet
P -2623.6631, 153.852, 0.8419, 25, 0, 25, 1, Giant_Leaf
P -2474.4546, -252.6913, 6.729, 25, 0, 25, 1, Giant_Leaf
P -2639.6752, -437.8374, 15.283, 25, 0, 25, 1, Giant_Leaf
P -1385.1748, 2388.4319, -15.1376, 25, 0, 25, 1, Giant_Leaf
P -749.3088, 3271.4176, 43.6178, 25, 0, 25, 1, Giant_Leaf
P 1328.5374, 2063.7582, -14.808, 25, 0, 25, 1, Giant_Leaf
P 240.539, -150.256, -5.6685, 25, 0, 25, 1, Giant_Leaf
P 453.9474, 445.185, -9.7714, 25, 0, 25, 1, Giant_Leaf
P -91.9465, 324.2497, 7.4833, 25, 0, 25, 1, Giant_Leaf
P -337.3306, 489.1487, 0.8313, 25, 0, 25, 1, Giant_Leaf
P -426.1478, 556.6176, -0.3276, 25, 0, 25, 1, Giant_Leaf
P -1743.972, 18.7495, -2.6705, 25, 0, 25, 1, Giant_Leaf
P -1915.704, 483.591, -2.1488, 25, 0, 25, 1, Giant_Leaf
P -908.2686, 696.2998, -2.494, 25, 0, 25, 1, Giant_Leaf
P -931.7654, 1078.4055, 16.1465, 25, 0, 25, 1, Giant_Leaf
P -755.1763, 1163.6771, -7.2183, 25, 0, 25, 1, Giant_Leaf
P -1315.7551, 1203.298, -2.6415, 25, 0, 25, 1, Giant_Leaf
P -1502.3094, 895.2107, -3.7686, 25, 0, 25, 1, Giant_Leaf
P -294.891, 1036.7337, -8.5604, 25, 0, 25, 1, Giant_Leaf
P -2073.2024, 976.1879, -4.3025, 25, 0, 25, 1, Giant_Leaf
P -2051.2995, 810.256, -4.3025, 25, 0, 25, 1, Giant_Leaf
P -2587.1069, 664.7368, -9.4591, 25, 0, 25, 1, Giant_Leaf
P -1538.3527, 1860.3241, -6.8715, 25, 0, 25, 1, Giant_Leaf
P 139.4343, 2816.8798, -12.4582, 25, 0, 25, 1, Giant_Leaf
P -39.7637, 2928.3627, -11.9876, 25, 0, 25, 1, Giant_Leaf
P 321.6188, 2445.576, -12.4236, 25, 0, 25, 1, Giant_Leaf
P 758.3867, 2888.8229, -13.7318, 25, 0, 25, 1, Giant_Leaf
P -2448.6181, -192.7038, 8.3259, 255, 255, 0, 1, Bamboo_Shoot
P -2559.382, -374.8503, 13.8911, 255, 255, 0, 1, Bamboo_Shoot
P -2270.7366, -182.6081, 10.7742, 255, 255, 0, 1, Bamboo_Shoot
P -1833.694, -116.9431, -3.8556, 255, 255, 0, 1, Bamboo_Shoot
P -1804.8843, 293.3349, 5.6573, 255, 255, 0, 1, Bamboo_Shoot
P -697.3224, 602.6552, -14.587, 255, 255, 0, 1, Bamboo_Shoot
P -1211.9275, 920.7874, -3.9281, 255, 255, 0, 1, Bamboo_Shoot
P -1379.3286, 2685.5635, -4.2925, 255, 255, 0, 1, Bamboo_Shoot
P -1106.2348, 1286.2235, -5.9793, 255, 255, 0, 1, Bamboo_Shoot
P 668.4466, 365.538, -3.1049, 255, 255, 0, 1, Bamboo_Shoot
P -522.5484, 903.471, -10.7725, 255, 255, 0, 1, Bamboo_Shoot
P -1222.777, 1355.3371, -5.144, 255, 255, 0, 1, Bamboo_Shoot
P -1727.545, 662.822, 13.7906, 255, 255, 0, 1, Bamboo_Shoot
P -1947.1204, 829.7442, -4.3025, 255, 255, 0, 1, Bamboo_Shoot
P -2218.6624, 761.6108, -13.7271, 255, 255, 0, 1, Bamboo_Shoot
P -2570.5707, 380.9701, 1.6467, 255, 255, 0, 1, Bamboo_Shoot
P -1469.1971, 2153.731, -13.7314, 255, 255, 0, 1, Bamboo_Shoot
P 371.9058, 2662.9216, -13.5111, 255, 255, 0, 1, Bamboo_Shoot
P -1734.3402, 823.4841, -10.8771, 255, 255, 0, 1, Bamboo_Shoot
