L -40.9281, 71.126, 0.2, -40.9288, 82.9287, 0.2, 0, 0, 0
L -40.9288, 82.9287, 0.2, 14.893, 82.9227, 0.2, 0, 0, 0
L 112.8738, 71.53, 0.2, -28.3319, 71.105, 0.2, 0, 0, 0
L -28.332, 71.96, 0.2, -40.9281, 71.126, 0.2, 255, 0, 255
L 14.8915, 140.3084, -0.998, 0.8939, 154.306, -2.998, 0, 0, 0
L 0.8939, 154.306, -13.9979, 0.8922, 207.149, -13.9979, 0, 0, 0
L 0.8922, 207.149, -13.9979, 2.8925, 207.115, -13.9979, 0, 0, 0
L 2.8925, 207.115, -13.9979, 2.8921, 212.7976, -13.9979, 0, 0, 0
L 2.8921, 212.7976, -13.9979, -3.243, 212.7983, -13.9979, 0, 0, 0
L -2.9682, 221.203, -13.9979, 2.8913, 221.109, -13.9979, 0, 0, 0
L 2.8913, 221.109, -13.9979, 2.8927, 226.8003, -13.9979, 0, 0, 0
L 0.8922, 226.7978, -13.9979, 2.8927, 226.8003, -13.9979, 0, 0, 0
L 0.892, 226.7978, -13.9979, 0.8925, 263.145, -13.9979, 0, 0, 0
L 0.8925, 263.145, -13.9979, 2.8925, 263.101, -13.9979, 0, 0, 0
L 2.8925, 263.101, -13.9979, 2.8921, 268.7988, -13.9979, 0, 0, 0
L 2.1461, 268.7866, -13.9979, 2.1147, 276.9649, -13.9979, 240, 127, 0
L 2.8921, 276.9503, -13.9979, -2.9672, 277.6, -13.9979, 0, 0, 0
L -2.9666, 268.7984, -13.9979, 2.8921, 268.7988, -13.9979, 0, 0, 0
L 2.8921, 276.9503, -13.9979, 2.8932, 282.769, -13.9979, 0, 0, 0
L 2.8932, 282.769, -13.9979, 0.8916, 282.7665, -13.9979, 0, 0, 0
L 0.8916, 282.7665, -13.9979, 0.9368, 321.5504, -13.9979, 0, 0, 0
L 0.9368, 321.5504, -13.9979, 14.2944, 334.9094, -13.9979, 0, 0, 0
L 14.2944, 334.9094, -13.9979, 28.893, 334.99, -13.9979, 0, 0, 0
L 28.893, 334.99, -13.9979, 28.8926, 347.331, -10.8354, 0, 0, 0
L 28.8926, 347.331, -10.8354, 34.4155, 352.9519, -4.9325, 0, 0, 0
L 34.4155, 352.9519, -4.9325, 39.9714, 349.8704, -11.1668, 0, 0, 0
L 39.9714, 349.8704, -11.1668, 46.2212, 349.9603, -7.7324, 0, 0, 0
L 46.2212, 349.9603, -7.7324, 48.2045, 348.8543, -14.7124, 0, 0, 0
L 48.2045, 348.8543, -14.7124, 55.778, 350.1378, -8.2704, 0, 0, 0
L 55.778, 350.1378, -8.2704, 55.765, 343.5319, -16.998, 0, 0, 0
L 55.765, 343.5319, -16.998, 55.628, 334.9812, -13.9976, 0, 0, 0
L 55.628, 334.9812, -13.9979, 69.5194, 334.9843, -13.9979, 0, 0, 0
L 69.5194, 334.9843, -13.9979, 83.776, 321.4553, -13.9979, 0, 0, 0
L 83.776, 321.4553, -13.9979, 83.587, 282.7667, -13.9979, 0, 0, 0
L 83.587, 282.7667, -13.9979, 81.769, 282.7681, -13.9979, 0, 0, 0
L 81.769, 282.7681, -13.9979, 81.762, 276.9812, -13.9979, 0, 0, 0
L 81.4996, 277.1157, -13.9979, 81.471, 268.6458, -13.9979, 240, 127, 0
L 86.9411, 268.7923, -13.9979, 81.767, 268.7995, -13.9979, 0, 0, 0
L 86.936, 276.9825, -13.9979, 81.762, 276.9812, -13.9979, 0, 0, 0
L 81.767, 268.7995, -13.9979, 81.755, 263.104, -13.9979, 0, 0, 0
L 81.755, 263.104, -13.9979, 83.772, 263.145, -13.9979, 0, 0, 0
L 83.772, 263.145, -13.9979, 83.772, 226.852, -13.9979, 0, 0, 0
L 81.694, 226.8805, -13.9979, 81.785, 221.132, -13.9979, 0, 0, 0
L 81.9303, 220.9125, -13.9979, 81.9309, 212.8077, -13.9979, 240, 127, 0
L 86.9352, 221.138, -13.9979, 81.785, 221.132, -13.9979, 0, 0, 0
L 81.26, 207.579, -13.9979, 83.771, 206.9926, -13.9979, 0, 0, 0
L 83.771, 206.9926, -13.9979, 83.73, 166.7515, -13.9979, 0, 0, 0
L 83.73, 166.7515, -13.9979, 83.768, 154.3596, -7.998, 0, 0, 0
L 83.768, 154.3596, -7.998, 69.764, 140.3057, -0.998, 0, 0, 0
L 69.764, 140.3057, 0.2, 69.756, 83.762, 0.2, 0, 0, 0
L 69.756, 83.762, 0.2, 125.469, 83.764, 0.2, 0, 0, 0
L 125.469, 83.764, 0.2, 125.425, 62.9123, 0.2, 0, 0, 0
L 125.425, 62.9123, 4.9706, 124.4405, 63.2145, 6.1653, 0, 0, 0
L 124.4405, 63.2145, 6.1653, 121.9826, 64.3152, 6.157, 0, 0, 0
L 121.9826, 64.3152, 6.157, 116.2413, 65.4615, 8.1448, 0, 0, 0
L 116.2413, 65.4615, 8.1448, 113.8388, 64.8586, 8.1441, 0, 0, 0
L 113.8388, 64.8586, 8.1441, 112.8607, 64.8374, 9.1996, 0, 0, 0
L 112.8607, 64.8374, 9.1996, 112.8738, 71.53, 7.1962, 0, 0, 0
L 14.893, 82.9227, 0.2, 14.8915, 140.3084, 0.2, 0, 0, 0
L 5.3144, 175.9641, -12.4773, 4.2625, 177.103, -13.7833, 127, 127, 127
L -3.243, 212.7983, -13.8416, -2.9659, 210.872, -13.8416, 0, 0, 0
L -2.9659, 210.872, -13.8416, -70.9347, 210.874, -13.8416, 0, 0, 0
L 1.6335, 220.9201, -13.8416, 1.6348, 212.872, -13.8416, 240, 127, 0
L -1.2971, 212.8718, -13.8416, -1.2977, 220.9406, -13.8416, 240, 127, 0
L -2.9682, 221.203, -13.8416, -2.9658, 222.9406, -13.8416, 0, 0, 0
L -2.9658, 222.9406, -13.8416, -96.9668, 222.9404, -13.8416, 0, 0, 0
L -96.9668, 222.9404, -13.8416, -97.74, 178.9706, -13.8416, 0, 0, 0
L -97.74, 178.9706, -13.8416, -100.9312, 178.9704, -13.8416, 0, 0, 0
L -100.9312, 178.9704, -13.8416, -100.9595, 222.9404, -13.8416, 0, 0, 0
L -100.9595, 222.9404, -13.8416, -166.9716, 222.936, -13.8416, 0, 0, 0
L -166.9716, 222.936, -13.8416, -166.9669, 126.9037, -13.8416, 0, 0, 0
L -166.9669, 126.9037, -13.8416, -100.9731, 126.9035, -13.8416, 0, 0, 0
L -100.9731, 126.9035, -13.8416, -100.9304, 170.9044, -13.8416, 0, 0, 0
L -100.9304, 170.9044, -13.8416, -97.31, 170.9031, -13.8416, 0, 0, 0
L -97.31, 170.9031, -13.8416, -97.36, 126.9034, -13.8411, 0, 0, 0
L -97.36, 126.9034, -13.8416, -70.9356, 126.9039, -13.8416, 0, 0, 0
L -70.9356, 126.9039, -13.8416, -70.9343, 170.9048, -13.8416, 0, 0, 0
L -70.9346, 165.9716, -13.8416, -70.9545, 165.9715, -13.8416, 0, 0, 0
L -70.9762, 170.9033, -13.8416, -70.9758, 178.9718, -13.8416, 240, 127, 0
L -70.9583, 178.9719, -13.8416, -70.9347, 210.874, -13.8416, 0, 0, 0
L -70.9343, 170.9048, -13.8416, -67.48, 170.8977, -13.8416, 0, 0, 0
L -70.9583, 178.9719, -13.8416, -67.37, 178.9693, -13.8416, 0, 0, 0
L -67.37, 178.9693, -13.8416, -67.28, 206.9404, -13.8416, 0, 0, 0
L -67.28, 206.9402, -13.8416, -14.9657, 206.9399, -13.8416, 0, 0, 0
L -14.9657, 206.9399, -13.8416, -14.9659, 126.903, -13.8416, 0, 0, 0
L -14.9659, 126.903, -13.8416, -66.9876, 126.9034, -13.8416, 0, 0, 0
L -66.9876, 126.9034, -13.8416, -67.48, 170.8977, -13.8416, 0, 0, 0
L -68.427, 170.9029, -13.8416, -68.429, 178.9719, -13.8416, 240, 127, 0
L -2.9666, 268.7984, -13.8416, -2.9658, 266.8716, -13.8416, 0, 0, 0
L -2.9658, 266.8716, -13.8416, -97.28, 266.872, -13.8416, 0, 0, 0
L -97.28, 266.872, -13.8416, -97.2, 310.8416, -13.8416, 0, 0, 0
L -97.2, 310.8416, -13.8416, -100.9652, 310.8408, -13.8416, 0, 0, 0
L -100.9355, 318.9105, -13.8416, -97.27, 318.9085, -13.8416, 0, 0, 0
L -97.2827, 318.9091, -13.8416, -97.2827, 310.8414, -13.8416, 240, 127, 0
L -100.2142, 310.8403, -13.8416, -100.2142, 318.9091, -13.8416, 240, 127, 0
L -100.9355, 318.9105, -13.8416, -100.9342, 334.9094, -13.8416, 0, 0, 0
L -100.9342, 334.9094, -13.8416, -152.9713, 334.8885, -13.8416, 0, 0, 0
L -152.9713, 334.8885, -13.8416, -152.973, 306.9075, -13.8529, 0, 0, 0
L -152.973, 306.9075, -13.8416, -170.9029, 306.9098, -13.8416, 0, 0, 0
L -170.9029, 306.9098, -13.8416, -170.9045, 310.841, -13.8416, 0, 0, 0
L -178.9713, 306.9096, -13.8416, -178.9711, 310.8403, -13.8416, 0, 0, 0
L -178.9711, 310.8403, -13.8416, -194.9405, 310.8417, -13.8416, 0, 0, 0
L -194.9405, 310.8417, -13.8416, -194.9373, 334.9076, -13.8416, 0, 0, 0
L -194.9373, 334.9076, -13.8416, -156.9033, 334.9089, -13.8416, 0, 0, 0
L -156.9045, 310.8424, -13.8416, -156.9038, 334.9091, -13.8416, 0, 0, 0
L -156.9045, 310.8424, -13.8416, -170.9045, 310.841, -13.8416, 0, 0, 0
L -178.9713, 306.9096, -13.8416, -194.9439, 306.908, -13.8416, 0, 0, 0
L -194.9439, 306.908, -13.8416, -194.9044, 266.8716, -13.8416, 0, 0, 0
L -194.9044, 266.8716, -13.8416, -100.9312, 266.8722, -13.8416, 0, 0, 0
L -100.9312, 266.8722, -13.8416, -100.9652, 310.8408, -13.8416, 0, 0, 0
L -97.27, 318.9085, -13.8416, -97.5, 350.2701, -13.8416, 0, 0, 0
L -97.5, 350.2701, -13.8416, -111.27, 364.2855, -13.8416, 0, 0, 0
L -111.27, 364.2855, -13.8416, -110.9338, 391.5063, -13.8416, 0, 0, 0
L -110.9338, 391.5063, -13.8416, -97.5974, 404.8494, -13.8416, 0, 0, 0
L -97.5974, 404.8494, -13.8416, -70.3418, 404.8507, -13.8416, 0, 0, 0
L -70.3418, 404.8507, -13.8416, -56.9335, 391.367, -13.8416, 0, 0, 0
L -56.9335, 391.367, -13.8416, -56.9348, 364.3057, -13.8416, 0, 0, 0
L -56.9348, 364.3057, -13.8416, -70.9378, 350.2339, -13.8422, 0, 0, 0
L -70.9378, 350.2339, -13.8416, -70.9337, 318.9094, -13.8416, 0, 0, 0
L -80.5687, 370.877, -13.8416, -87.3703, 370.877, -13.8416, 0, 0, 0
L -87.3703, 370.877, -13.8416, -90.9347, 374.4424, -13.8416, 0, 0, 0
L -90.9347, 374.4424, -13.8416, -90.9351, 381.2425, -13.8416, 0, 0, 0
L -90.9351, 381.2425, -13.8416, -87.3689, 384.8104, -13.8416, 0, 0, 0
L -80.5581, 384.7991, -12.2236, -87.3689, 384.8104, -13.42, 0, 0, 0
L -80.5581, 384.7991, -13.8416, -77.31, 381.2445, -13.8416, 0, 0, 0
L -77.31, 381.2445, -13.8416, -77.15, 374.4442, -13.8416, 0, 0, 0
L -77.15, 374.4442, -13.8416, -80.5687, 370.877, -13.8416, 0, 0, 0
L -70.9257, 278.9089, -13.8416, -70.9741, 310.8408, -13.8416, 0, 0, 0
L -70.8803, 310.8408, -13.8416, -70.8735, 318.9094, -13.8416, 240, 127, 0
L -70.9337, 318.9094, -13.8416, -67.87, 318.9066, -13.8416, 0, 0, 0
L -70.9741, 310.8408, -13.8416, -67.96, 310.8405, -13.8416, 0, 0, 0
L -67.9419, 318.9091, -13.8416, -67.9428, 310.8537, -13.8416, 240, 127, 0
L -67.96, 310.8405, -13.8416, -66.9672, 282.8408, -13.5254, 0, 0, 0
L -66.9672, 282.8408, -13.5254, -2.966, 282.8704, -13.8416, 0, 0, 0
L -2.966, 282.8704, -13.8416, -2.9666, 334.9091, -13.8416, 0, 0, 0
L -2.9666, 334.9091, -13.8416, -66.9859, 334.9091, -13.8416, 0, 0, 0
L -66.9859, 334.9091, -13.8416, -67.87, 318.9066, -13.8416, 0, 0, 0
L -70.9257, 278.9089, -13.8416, -2.9665, 278.9092, -13.8416, 0, 0, 0
L -2.9665, 278.9092, -13.8416, -2.9672, 277.6, -13.8416, 0, 0, 0
L -0.7432, 276.9096, -13.8416, -0.7433, 268.9302, -13.8416, 240, 127, 0
L 81.26, 207.579, -13.8416, 81.6, 212.8648, -13.8416, 0, 0, 0
L 84.7884, 220.9404, -13.8416, 84.7884, 212.8718, -13.8416, 240, 127, 0
L 81.6, 212.8648, -13.8416, 86.9377, 212.8761, -13.8416, 0, 0, 0
L 86.9343, 210.8718, -13.8416, 86.9377, 212.8761, -13.8416, 0, 0, 0
L 154.9062, 210.8719, -13.8416, 86.9377, 210.8717, -13.8416, 0, 0, 0
L 156.9823, 222.8976, -7.6436, 86.935, 222.9404, -13.8416, 0, 0, 0
L 86.935, 222.9404, -13.8416, 86.9352, 221.138, -13.8416, 0, 0, 0
L 82.9741, 226.8712, -13.8416, 81.694, 226.8805, -13.8416, 0, 0, 0
L 180.9685, 178.9711, -13.8416, 180.9715, 254.9405, -13.8416, 0, 0, 0
L 180.9715, 254.9405, -13.8416, 128.9033, 254.9396, -13.8416, 0, 0, 0
L 128.9033, 254.9396, -13.8416, 128.902, 226.8708, -13.8416, 0, 0, 0
L 128.902, 226.8708, -8.1155, 156.9823, 226.8725, -13.8416, 0, 0, 0
L 156.9823, 226.8725, -10.193, 156.9823, 222.8976, -10.192, 0, 0, 0
L 180.9336, 203.8257, -13.8416, 176.3706, 202.4282, -13.8416, 127, 127, 127
L 181.1656, 178.9711, -13.8416, 181.1658, 170.9033, -13.8416, 240, 127, 0
L 180.9712, 170.9033, -13.8416, 184.9036, 170.9029, -13.8416, 0, 0, 0
L 180.9685, 178.9711, -13.8416, 184.9034, 178.9713, -13.8416, 0, 0, 0
L 184.9034, 178.9713, -13.8416, 184.9028, 222.9398, -13.8416, 0, 0, 0
L 184.9028, 222.9398, -13.8416, 250.9402, 222.8774, -13.8416, 0, 0, 0
L 250.9402, 222.8774, -13.8416, 250.9407, 126.9034, -13.8416, 0, 0, 0
L 250.9407, 126.9034, -13.8416, 184.9048, 126.9026, -13.8407, 0, 0, 0
L 184.9048, 126.9026, -13.8416, 184.9036, 170.9029, -13.8416, 0, 0, 0
L 184.973, 170.9027, -13.8416, 184.982, 178.9718, -13.8416, 240, 127, 0
L 180.9712, 170.9033, -13.8416, 180.9711, 126.9022, -13.8416, 0, 0, 0
L 180.9711, 126.9022, -13.8384, 154.9037, 126.9031, -13.8416, 0, 0, 0
L 154.9037, 126.9031, -13.8416, 154.9038, 170.9036, -13.8416, 0, 0, 0
L 155.51, 170.8968, -13.8416, 155.455, 178.9776, -13.8416, 240, 127, 0
L 154.9029, 178.9706, -13.8416, 150.9727, 178.9727, -13.8416, 0, 0, 0
L 154.9038, 170.9036, -13.8416, 150.9711, 170.9035, -13.8416, 0, 0, 0
L 150.9711, 170.9035, -13.8416, 150.9713, 126.9034, -13.8416, 0, 0, 0
L 150.9713, 126.9034, -13.8416, 98.9347, 126.9029, -13.8416, 0, 0, 0
L 98.9347, 126.9029, -13.8416, 98.9346, 206.9089, -13.8416, 0, 0, 0
L 98.9346, 206.9089, -13.8416, 150.9677, 206.9384, -13.8416, 0, 0, 0
L 150.9727, 178.9727, -13.8416, 150.9677, 206.9384, -13.8416, 0, 0, 0
L 152.1076, 170.9035, -13.8416, 152.1075, 178.9716, -13.8416, 240, 127, 0
L 154.9029, 178.9706, -13.8416, 154.9062, 210.8719, -13.8416, 0, 0, 0
L 86.936, 276.9825, -13.8416, 86.9344, 278.9094, -13.8416, 0, 0, 0
L 86.9344, 278.9094, -13.8416, 154.9037, 278.906, -13.8416, 0, 0, 0
L 154.9037, 278.906, -13.8416, 154.9096, 310.7683, -13.8416, 0, 0, 0
L 86.9411, 268.7923, -13.8416, 86.9343, 266.872, -13.8416, 0, 0, 0
L 86.9343, 266.872, -13.8416, 180.9714, 266.872, -13.8416, 0, 0, 0
L 180.9714, 266.872, -13.8416, 180.9714, 310.8403, -13.8416, 0, 0, 0
L 180.9716, 318.9091, -13.8416, 180.9711, 351.5855, -15.2469, 0, 0, 0
L 202.128, 338.8396, -14.502, 180.9711, 351.5855, -15.6061, 0, 0, 0
L 188.1495, 347.261, -14.7731, 187.6117, 351.9105, -16.5587, 64, 64, 64
L 187.6117, 351.9105, -16.5587, 179.9882, 355.6832, -16.5497, 64, 64, 64
L 179.9882, 355.6832, -16.5497, 174.345, 353.7427, -14.8663, 64, 64, 64
L 174.345, 353.7427, -14.8663, 167.7099, 357.5371, -14.8416, 64, 64, 64
L 167.7099, 357.5371, -14.8416, 162.3772, 355.4698, -14.8416, 64, 64, 64
L 162.3772, 355.4698, -14.8416, 155.7247, 349.4143, -13.8416, 64, 64, 64
L 155.7247, 349.4143, -13.8416, 153.9585, 352.4879, -14.8416, 64, 64, 64
L 153.9585, 352.4879, -14.8416, 152.9549, 352.2162, -14.8416, 64, 64, 64
L 152.9549, 352.2162, -14.8416, 154.904, 349.6399, -13.8416, 64, 64, 64
L 154.904, 349.6399, -13.8416, 154.903, 318.9904, -13.8416, 0, 0, 0
L 180.9716, 318.9091, -13.8416, 184.9033, 318.9066, -13.8416, 0, 0, 0
L 180.9714, 310.8403, -13.8416, 184.9379, 310.8421, -13.8416, 0, 0, 0
L 184.9379, 310.8421, -13.8416, 184.9033, 266.8722, -13.8416, 0, 0, 0
L 184.9033, 266.8722, -13.8416, 250.9406, 266.872, -13.8416, 0, 0, 0
L 250.9406, 266.872, -13.8416, 250.9399, 334.9091, -13.8416, 0, 0, 0
L 250.9399, 334.9091, -13.8416, 245.5697, 334.9076, -13.8416, 0, 0, 0
L 238.3132, 334.9085, -13.8416, 221.3815, 334.9062, -13.8416, 0, 0, 0
L 209.4907, 334.9232, -13.8416, 184.9046, 334.8913, -13.8416, 0, 0, 0
L 184.9046, 334.8913, -13.8416, 184.9033, 318.9066, -13.8416, 0, 0, 0
L 221.3815, 334.9062, -12.419, 218.327, 338.8405, -13.5222, 0, 0, 0
L 218.327, 338.8405, -13.8416, 242.2333, 338.8414, -13.8416, 0, 0, 0
L 238.3132, 334.9085, -12.3919, 242.2333, 338.8414, -13.6, 0, 0, 0
L 249.5103, 338.841, -10.5089, 245.5697, 334.9076, -10.976, 0, 0, 0
L 249.5103, 338.841, -13.8416, 254.8728, 338.8416, -14.9037, 0, 0, 0
L 254.8728, 338.8416, -16.609, 254.8714, 328.1709, -18.608, 0, 0, 0
L 254.8714, 328.1709, -18.608, 258.3238, 323.319, -19.4543, 0, 0, 0
L 258.3238, 323.319, -19.4543, 263.548, 324.7748, -19.4527, 64, 64, 64
L 263.548, 324.7748, -19.4527, 275.3424, 322.9692, -20.9664, 64, 64, 64
L 275.3424, 322.9692, -20.9664, 278.8231, 329.9782, -22.6061, 64, 64, 64
L 278.8231, 329.9782, -22.6061, 274.817, 341.985, -24.2501, 64, 64, 64
L 274.817, 341.985, -24.2501, 278.8629, 355.9818, -22.7899, 64, 64, 64
L 278.8629, 355.9818, -22.7899, 276.9866, 365.2087, -21.7526, 64, 64, 64
L 276.9866, 365.2087, -21.7526, 268.9379, 369.673, -20.9902, 64, 64, 64
L 268.9413, 377.2391, -21.9228, 268.9379, 369.673, -21.9226, 64, 64, 64
L 268.9399, 377.269, -21.9238, 263.6417, 380.8593, -22.3673, 64, 64, 64
L 263.6417, 380.8593, -22.3673, 253.2145, 381.719, -23.2704, 64, 64, 64
L 253.2145, 381.719, -25.1729, 249.3606, 388.7495, -27.391, 64, 64, 64
L 249.3606, 388.7495, -27.391, 240.1214, 386.9008, -28.4559, 64, 64, 64
L 240.1214, 386.9008, -28.4559, 231.8737, 390.7798, -29.9159, 64, 64, 64
L 231.8737, 390.7798, -29.9159, 214.5653, 385.15, -35.7483, 64, 64, 64
L 214.5653, 385.15, -35.7483, 212.5173, 380.9014, -37.2531, 64, 64, 64
L 212.5173, 380.9014, -37.2531, 201.9029, 378.7567, -41.8104, 0, 0, 0
L 201.9029, 378.7567, -41.8104, 193.8906, 382.7848, -41.1263, 0, 0, 0
L 193.8906, 382.7848, -41.1263, 188.9209, 393.6866, -40.5429, 0, 0, 0
L 189.5339, 396.8027, -39.9697, 188.9209, 393.6866, -40.6084, 0, 0, 0
L 189.5339, 396.8027, -39.8442, 180.9688, 405.4431, -41.8104, 0, 0, 0
L 180.9688, 405.4431, -41.8104, 180.969, 476.7787, -41.8104, 0, 0, 0
L 180.969, 476.7787, -41.8104, 226.8725, 476.778, -41.8104, 0, 0, 0
L 209.4907, 334.9232, -9.6166, 207.255, 338.8994, -13.8416, 0, 0, 0
L 207.255, 338.8994, -13.8416, 202.128, 338.8396, -14.846, 0, 0, 0
L 202.1896, 338.8403, -14.846, 206.1885, 349.6415, -15.589, 64, 64, 64
L 206.1885, 349.6415, -15.589, 212.591, 350.683, -15.9734, 64, 64, 64
L 212.591, 350.683, -15.9734, 217.9485, 355.3, -17.1787, 64, 64, 64
L 217.9485, 355.3, -17.1787, 228.971, 349.6379, -13.8416, 64, 64, 64
L 228.971, 349.6379, -13.8416, 238.228, 351.2628, -13.8416, 64, 64, 64
L 238.228, 351.2628, -13.8416, 250.1064, 345.5679, -13.846, 64, 64, 64
L 250.1064, 345.5679, -13.846, 257.9666, 348.7943, -15.3823, 64, 64, 64
L 258.751, 348.8387, -15.3823, 259.4005, 340.7581, -15.2012, 64, 64, 64
L 273.326, 354.4332, -27.7788, 269.3958, 342.7568, -26.12, 64, 64, 64
L 269.3958, 342.7568, -26.12, 259.4005, 340.7581, -26.117, 64, 64, 64
L 273.326, 354.4332, -22.449, 263.8684, 362.5799, -21.5751, 64, 64, 64
L 263.8684, 362.5799, -21.5751, 259.1134, 370.4757, -22.7555, 64, 64, 64
L 259.1134, 370.4757, -22.7555, 247.4636, 376.3104, -25.95, 64, 64, 64
L 247.4636, 376.3104, -25.95, 235.942, 379.3197, -32.1522, 64, 64, 64
L 235.942, 379.3197, -32.1522, 229.389, 370.7943, -39.4007, 64, 64, 64
L 153.709, 352.627, -41.8094, 140.9033, 364.2585, -41.8104, 0, 0, 0
L 140.9033, 364.2585, -41.8104, 140.942, 391.4818, -41.8104, 0, 0, 0
L 140.942, 391.4818, -41.8104, 154.9039, 405.4386, -41.8104, 0, 0, 0
L 154.9039, 405.4386, -41.8104, 154.9057, 476.7823, -41.8104, 0, 0, 0
L 154.9057, 476.7823, -41.8104, 111.125, 476.7778, -41.8104, 0, 0, 0
L 111.125, 476.7778, -41.8104, 110.9587, 460.8467, -41.8104, 0, 0, 0
L 98.9369, 460.9209, -41.8104, 98.9347, 502.8451, -41.8104, 0, 0, 0
L 224.8717, 502.8639, -41.8104, 98.9347, 502.8451, -41.8104, 0, 0, 0
L 224.8717, 502.8639, -41.8104, 224.8747, 532.7088, -41.8104, 0, 0, 0
L 224.8747, 532.7088, -41.8104, 194.9317, 532.9909, -41.8104, 0, 0, 0
L 194.9422, 544.8153, -41.8104, 236.9401, 544.8156, -41.8104, 0, 0, 0
L 236.9401, 544.8156, -41.8104, 236.854, 472.8467, -41.8104, 0, 0, 0
L 226.8703, 472.8466, -41.8104, 226.8727, 477.1211, -41.8104, 0, 0, 0
L 236.854, 472.8467, -41.8104, 264.9404, 472.8462, -41.8104, 0, 0, 0
L 264.9404, 472.8462, -41.8104, 264.9404, 420.8095, -41.8104, 0, 0, 0
L 264.9404, 420.8095, -41.8104, 196.875, 420.8091, -41.8104, 0, 0, 0
L 196.875, 420.8091, -41.8104, 196.8957, 472.8466, -41.8104, 0, 0, 0
L 196.8957, 472.8466, -41.8104, 226.8703, 472.8466, -41.8104, 0, 0, 0
L 236.8556, 474.1548, -41.8104, 226.8718, 474.1558, -41.8104, 240, 127, 0
L 226.8727, 477.1211, -41.8104, 236.8591, 477.797, -41.8104, 240, 127, 0
L 197.8036, 544.8153, -41.8104, 197.8036, 532.9638, -41.8104, 240, 127, 0
L 194.9317, 532.9909, -41.8104, 194.9402, 518.7468, -41.8104, 0, 0, 0
L 194.9402, 518.7468, -41.8104, 154.9062, 518.7468, -41.8104, 0, 0, 0
L 154.9062, 518.7468, -41.8104, 154.9034, 548.326, -41.8104, 0, 0, 0
L 194.8719, 532.9915, -41.8104, 194.872, 544.8152, -41.8104, 240, 127, 0
L 194.9395, 553.1209, -69.8105, 194.9427, 628.7844, -69.8105, 0, 0, 0
L 194.9402, 568.8152, -69.8105, 194.3026, 568.7807, -69.8105, 0, 0, 0
L 194.3026, 568.7807, -69.8105, 192.137, 566.8135, -69.8105, 0, 0, 0
L 187.5346, 566.8156, -69.7492, 192.137, 566.8135, -69.8105, 0, 0, 0
L 187.5346, 566.8156, -69.1133, 185.5845, 568.7676, -68.7021, 0, 0, 0
L 185.5845, 568.7676, -68.7021, 183.846, 569.192, -67.6132, 0, 0, 0
L 183.846, 569.192, -67.6132, 180.8628, 572.4, -67.468, 0, 0, 0
L 180.8628, 572.4, -67.468, 182.9713, 574.2432, -68.412, 0, 0, 0
L 182.9713, 574.2432, -68.412, 183.1496, 576.3536, -68.8491, 0, 0, 0
L 183.1496, 576.3536, -68.8491, 185.5828, 578.7943, -69.8105, 0, 0, 0
L 185.5828, 578.7943, -69.8105, 194.9404, 578.7467, -61.3881, 0, 0, 0
L 181.461, 628.7839, -69.8105, 194.9427, 628.7844, -69.8105, 0, 0, 0
L 181.461, 628.7494, -69.8105, 168.8266, 628.748, -69.8105, 240, 127, 0
L 168.8266, 628.7839, -69.8105, 154.9024, 628.7853, -69.808, 0, 0, 0
L 154.9024, 628.7853, -69.8105, 154.907, 602.4958, -69.8105, 0, 0, 0
L 154.907, 602.4958, -69.8105, 154.9038, 548.327, -41.8106, 0, 0, 0
L 164.9696, 542.8143, -42.81, 164.9711, 602.715, -68.8105, 0, 0, 0
L 164.9711, 602.715, -69.8105, 168.9028, 602.7168, -69.8105, 0, 0, 0
L 168.9028, 602.7168, -69.8105, 168.9215, 546.7471, -61.8975, 0, 0, 0
L 168.9215, 546.7471, -61.8975, 180.9715, 546.7471, -65.5717, 0, 0, 0
L 180.9715, 546.7471, -65.5717, 180.9685, 554.316, -64.8318, 0, 0, 0
L 180.9685, 554.316, -64.8318, 183.705, 556.7462, -65.9526, 0, 0, 0
L 194.9318, 556.7471, -69.8105, 183.705, 556.7462, -68.8481, 0, 0, 0
L 188.2101, 584.8124, -67.5281, 183.5403, 584.8162, -69.8104, 0, 0, 0
L 183.5403, 584.8162, -69.8104, 180.9687, 587.3473, -69.8104, 0, 0, 0
L 180.9687, 587.3473, -69.8105, 180.9713, 602.7173, -69.8104, 0, 0, 0
L 180.9713, 602.7173, -69.8104, 184.9045, 602.7146, -69.8104, 0, 0, 0
L 184.9045, 602.7146, -68.8104, 184.8988, 584.8151, -63.8104, 0, 0, 0
L 191.3634, 586.3766, -63.6413, 188.2101, 584.8124, -64.5485, 0, 0, 0
L 194.3372, 589.1935, -63.4949, 191.3634, 586.3766, -63.5769, 0, 0, 0
L 194.9403, 589.2015, -62.9527, 194.3372, 589.1935, -63.6732, 0, 0, 0
L 164.9696, 542.8143, -41.8104, 184.903, 542.8152, -41.8104, 0, 0, 0
L 184.903, 542.8152, -41.8104, 184.9081, 554.1752, -44.9956, 0, 0, 0
L 182.9826, 556.1046, -46.4435, 184.9081, 554.1752, -46.1441, 0, 0, 0
L 194.9422, 544.8153, -41.8104, 194.9396, 553.1209, -45.1689, 0, 0, 0
L 194.9396, 553.1209, -45.1689, 187.8586, 553.394, -45.1801, 0, 0, 0
L 187.8586, 553.394, -45.1801, 186.3653, 554.8148, -46.2434, 0, 0, 0
L 186.3653, 554.8148, -46.2434, 184.2284, 554.8559, -46.2627, 0, 0, 0
L 98.9368, 465.2334, -41.8104, 110.9736, 465.2588, -41.8104, 240, 127, 0
L 110.9587, 460.8467, -41.8104, 124.9722, 460.8462, -41.8104, 0, 0, 0
L 124.9722, 460.8462, -41.8104, 124.9705, 364.812, -41.8104, 0, 0, 0
L 124.9705, 364.812, -41.8104, 72.9347, 364.8091, -41.8104, 0, 0, 0
L 72.9347, 364.8091, -41.8104, 72.935, 422.8091, -41.8104, 0, 0, 0
L 73.671, 422.8274, -41.8104, 73.854, 430.8539, -41.8104, 240, 127, 0
L 72.935, 422.8091, -41.8104, 69.3, 422.8099, -41.8104, 0, 0, 0
L 69.3, 422.8099, -41.8104, 69.26, 406.3007, -41.8104, 0, 0, 0
L 69.26, 406.3007, -41.8104, 55.2, 392.24, -41.8104, 0, 0, 0
L 55.2, 392.24, -41.8104, 55.22, 384.8093, -36.7222, 0, 0, 0
L 55.22, 384.8093, -36.7222, 53.2077, 384.6071, -33.9667, 0, 0, 0
L 53.2077, 384.6071, -33.9667, 48.1786, 382.9547, -37.275, 0, 0, 0
L 48.1786, 382.9547, -37.275, 42.4033, 379.295, -32.951, 0, 0, 0
L 42.4033, 379.295, -32.951, 36.842, 378.8333, -30.489, 0, 0, 0
L 36.842, 378.8333, -30.489, 30.6123, 380.6576, -29.4656, 0, 0, 0
L 30.6123, 380.6576, -29.4656, 29.141, 382.194, -31.6595, 0, 0, 0
L 29.141, 382.194, -31.6595, 28.9609, 392.2572, -40.1034, 0, 0, 0
L 28.9609, 392.2572, -39.621, 14.9663, 406.3192, -41.8104, 0, 0, 0
L 14.9663, 406.3192, -41.8104, 14.9719, 422.8113, -41.8104, 0, 0, 0
L 14.9719, 422.8113, -41.8104, 11.345, 422.81, -41.8104, 0, 0, 0
L 11.345, 422.81, -41.8104, 11.296, 364.812, -41.8104, 0, 0, 0
L 11.296, 364.812, -41.8104, -55.24, 364.8106, -41.8104, 0, 0, 0
L -55.24, 364.8106, -41.8104, -55.43, 408.7368, -41.8094, 0, 0, 0
L -55.65, 416.9524, -41.8104, -54.9384, 460.8464, -41.8104, 0, 0, 0
L -54.9384, 460.8464, -41.8104, -27.317, 460.8453, -41.8104, 0, 0, 0
L -27.317, 460.8453, -41.8104, -27.304, 560.7485, -41.8104, 0, 0, 0
L -27.304, 560.7485, -41.8104, -56.8596, 560.7469, -41.8104, 0, 0, 0
L -52.7329, 560.7472, -41.8104, -52.7323, 572.8155, -41.8104, 240, 127, 0
L -56.8858, 572.8165, -41.8104, 14.9658, 572.7976, -41.8104, 0, 0, 0
L 14.9658, 572.7976, -41.8104, 14.9657, 600.7812, -41.8104, 0, 0, 0
L 14.9657, 600.7812, -41.8104, 69.28, 600.7843, -41.8104, 0, 0, 0
L 69.28, 600.7843, -41.8104, 69.7, 532.7492, -41.8104, 0, 0, 0
L 69.7, 532.7492, -41.8104, 14.9657, 532.7468, -41.8104, 0, 0, 0
L 14.9657, 532.7468, -41.8104, 14.9664, 560.7554, -41.8104, 0, 0, 0
L 13.9861, 572.7979, -41.8104, 13.9856, 560.755, -41.8104, 240, 127, 0
L 14.9664, 560.7554, -41.8104, -14.9669, 560.7485, -41.8104, 0, 0, 0
L 11.545, 560.7545, -41.8104, 11.535, 572.7985, -41.8104, 240, 127, 0
L -14.9669, 560.7485, -41.8104, -14.971, 460.9184, -41.8104, 0, 0, 0
L -55.5897, 560.7471, -41.9667, -55.5897, 572.8161, -41.9667, 240, 127, 0
L -56.8858, 572.8165, -41.9667, -56.8603, 600.8292, -41.9667, 0, 0, 0
L -56.8603, 600.8292, -41.9667, -111.773, 600.8523, -41.9667, 0, 0, 0
L -111.773, 600.8523, -41.9667, -111.771, 572.8894, -41.9667, 0, 0, 0
L -110.7998, 572.8894, -41.9667, -110.7332, 560.6734, -41.9667, 240, 127, 0
L -111.724, 560.6733, -41.9667, -111.765, 532.6726, -41.9667, 0, 0, 0
L -111.765, 532.6726, -41.9667, -56.8603, 532.6734, -41.9667, 0, 0, 0
L -56.8603, 532.6734, -41.9667, -56.8596, 560.7469, -41.9667, 0, 0, 0
L -113.6004, 560.6734, -41.9667, -113.5674, 572.8895, -41.9667, 240, 127, 0
L -110.7998, 572.8894, -41.9667, -167.252, 572.8899, -41.9667, 0, 0, 0
L -167.252, 572.8899, -41.9667, -167.549, 556.892, -41.9667, 0, 0, 0
L -167.476, 560.7545, -41.9667, -156.8293, 560.7548, -41.9667, 240, 127, 0
L -156.8293, 560.6725, -41.9667, -111.724, 560.6733, -41.9667, 0, 0, 0
L -156.8293, 560.7548, -41.9667, -156.8301, 556.889, -41.9667, 0, 0, 0
L -156.8301, 556.889, -41.9667, -126.8774, 556.8893, -41.9667, 0, 0, 0
L -126.8774, 556.8893, -41.9667, -126.8568, 504.7038, -41.9667, 0, 0, 0
L -126.8568, 504.7038, -41.9667, -195.147, 504.7046, -41.9667, 0, 0, 0
L -195.147, 504.7046, -41.9667, -195.142, 556.8671, -41.9667, 0, 0, 0
L -195.142, 556.8671, -41.9667, -167.549, 556.892, -41.9667, 0, 0, 0
L -156.8285, 557.9715, -41.9667, -167.528, 557.9714, -41.9667, 240, 127, 0
L -14.971, 460.9184, -41.9667, 11.1073, 460.9207, -41.9667, 0, 0, 0
L 11.1073, 460.9207, -41.9667, 11.848, 430.9241, -41.9667, 0, 0, 0
L -55.65, 416.9524, -41.9667, -58.8444, 416.9504, -41.9667, 0, 0, 0
L -55.43, 408.7368, -41.9667, -58.8624, 408.735, -41.9667, 0, 0, 0
L -58.8624, 408.735, -41.9667, -58.8605, 392.7577, -41.9667, 0, 0, 0
L -58.8605, 392.7577, -41.9667, -111.769, 392.7823, -41.9667, 0, 0, 0
L -111.769, 392.7823, -41.9667, -111.773, 460.9207, -41.9667, 0, 0, 0
L -111.773, 460.9207, -41.9667, -58.8907, 460.9205, -41.9667, 0, 0, 0
L -58.8907, 460.9205, -41.9667, -58.8444, 416.9504, -41.9667, 0, 0, 0
L 14.8782, 430.9196, -41.9667, 14.9274, 447.4802, -41.9667, 0, 0, 0
L 14.9274, 447.4802, -41.9667, 28.3374, 460.8899, -41.9667, 0, 0, 0
L 28.3374, 460.8899, -41.9667, 55.6432, 460.8765, -41.9667, 0, 0, 0
L 55.6432, 460.8765, -41.9667, 69.695, 447.4408, -41.9667, 0, 0, 0
L 69.801, 430.9211, -32.8635, 69.695, 447.4408, -34.24, 0, 0, 0
L 69.801, 430.9211, -41.9667, 72.8602, 430.9202, -41.9667, 0, 0, 0
L 70.2095, 422.7352, -41.9667, 70.2092, 430.9211, -41.9667, 240, 127, 0
L 72.8602, 430.9202, -41.9667, 72.8605, 460.9209, -41.9667, 0, 0, 0
L 72.8605, 460.9209, -41.9667, 98.9369, 460.9209, -41.9667, 0, 0, 0
L 98.9369, 462.3641, -41.9667, 110.9639, 462.3654, -41.9667, 240, 127, 0
L 155.2144, 318.9911, -13.9979, 155.1475, 310.7683, -13.9979, 240, 127, 0
L 155.1475, 310.7683, -13.9979, 151.64, 310.7681, -13.9979, 0, 0, 0
L 152.3641, 310.7662, -13.9979, 152.364, 318.9839, -13.9979, 240, 127, 0
L 155.2144, 318.9911, -13.9979, 151.446, 318.9807, -13.9979, 0, 0, 0
L 151.446, 318.9807, -13.9979, 151.458, 334.982, -13.9979, 0, 0, 0
L 151.458, 334.982, -13.9979, 86.8603, 334.9823, -13.9979, 0, 0, 0
L 86.8603, 334.9823, -13.9979, 86.8614, 282.7665, -13.9979, 0, 0, 0
L 86.8614, 282.7665, -13.9979, 151.458, 282.7674, -13.9979, 0, 0, 0
L 151.344, 282.7662, -13.9979, 151.64, 310.7681, -13.9982, 0, 0, 0
L 14.753, 430.8296, -41.9667, 14.771, 422.735, -41.9667, 240, 127, 0
L 11.848, 430.9241, -41.9667, 14.8782, 430.9196, -41.9667, 0, 0, 0
L 11.9332, 422.7354, -41.9667, 11.9496, 430.9205, -41.9667, 240, 127, 0
L 168.8266, 628.748, -69.9667, 168.8325, 640.2265, -69.9667, 0, 0, 0
L 181.461, 628.7494, -69.9667, 181.417, 652.1281, -70.9667, 0, 0, 0
L 181.417, 652.1281, -70.9667, 191.326, 662.1046, -70.9667, 0, 0, 0
L 191.326, 662.1046, -70.9667, 191.58, 683.905, -70.9667, 0, 0, 0
L 191.58, 683.905, -70.9667, 162.32, 692.7477, -70.9667, 0, 0, 0
L 162.32, 692.7477, -70.9667, 142.8293, 683.1149, -70.9667, 0, 0, 0
L 142.8293, 683.1149, -70.9667, 142.83, 669.6276, -70.9667, 0, 0, 0
L 142.83, 669.6276, -69.9667, 140.8307, 659.6716, -69.9667, 0, 0, 0
L 140.8307, 659.6716, -69.9667, 140.8309, 656.8556, -69.9667, 0, 0, 0
L 140.8309, 656.8556, -69.9667, 83.768, 656.8555, -69.9667, 0, 0, 0
L 83.768, 656.8555, -69.9667, 83.772, 667.827, -69.9665, 0, 0, 0
L 83.772, 667.827, -69.9665, 81.738, 667.8216, -69.9667, 0, 0, 0
L 81.765, 669.5059, -69.9667, 72.8611, 669.5059, -69.9667, 240, 127, 0
L 81.835, 672.6105, -69.9665, 81.738, 667.8216, -69.9667, 0, 0, 0
L 83.773, 667.827, -69.9667, 82.6548, 667.8265, -69.9667, 0, 0, 0
L 70.8606, 667.827, -69.9667, 72.8624, 667.8211, -69.9667, 0, 0, 0
L 72.856, 672.635, -69.9667, 72.8624, 667.8211, -69.9667, 0, 0, 0
L 70.8602, 667.8253, -69.9667, 70.8619, 656.8537, -69.9667, 0, 0, 0
L 70.8619, 656.8537, -69.9667, 14.8916, 656.8577, -69.9667, 0, 0, 0
L 14.8916, 656.8577, -69.9667, 14.8937, 630.6426, -69.9667, 0, 0, 0
L 14.8937, 630.6426, -69.9667, 28.8922, 630.6431, -69.9667, 0, 0, 0
L 28.8922, 630.6431, -69.9667, 28.8916, 605.6414, -69.9665, 0, 0, 0
L 28.8916, 605.6414, -69.9665, 30.8934, 605.6426, -69.9667, 0, 0, 0
L 30.8881, 600.8582, -69.9667, 30.8934, 605.6426, -69.9667, 0, 0, 0
L 39.799, 600.8618, -69.9667, 39.743, 605.6435, -69.9667, 0, 0, 0
L 41.75, 605.6414, -69.9667, 39.743, 605.6435, -69.9667, 0, 0, 0
L 41.75, 605.6414, -69.9667, 41.752, 630.6414, -69.9667, 0, 0, 0
L 41.752, 630.6414, -69.9667, 84.8615, 630.6417, -69.9667, 0, 0, 0
L 84.8615, 630.6417, -69.9667, 95.762, 630.6416, -69.9667, 240, 240, 0
L 95.76, 630.6414, -69.9667, 145.4242, 630.6417, -69.9667, 0, 0, 0
L 145.4242, 630.6417, -69.9667, 155.4802, 644.6414, -69.9667, 0, 0, 0
L 155.4802, 644.6414, -70.9667, 162.2059, 644.6446, -70.9667, 0, 0, 0
L 162.2059, 644.6446, -70.9667, 168.8325, 640.2265, -70.9667, 0, 0, 0
L 168.8281, 631.6063, -69.9667, 181.457, 631.6061, -69.9667, 240, 127, 0
L 39.799, 600.8618, -69.9667, 69.768, 600.8374, -69.9667, 0, 0, 0
L 69.768, 600.8374, -69.9667, 69.754, 532.6783, -69.9667, 0, 0, 0
L 69.754, 532.6783, -49.7648, 14.8915, 532.6734, -69.9667, 0, 0, 0
L 14.8915, 532.6734, -69.9667, 14.8919, 600.8582, -69.9667, 0, 0, 0
L 14.8919, 600.8582, -69.9667, 30.8881, 600.8582, -69.9667, 0, 0, 0
L 30.8917, 600.9663, -69.9667, 39.745, 600.9787, -69.9667, 240, 127, 0
L 30.8914, 603.7625, -69.9667, 38.9782, 603.7622, -69.9667, 240, 127, 0
L 84.8615, 630.6417, -69.9667, 84.8615, 517.1521, -70.9667, 127, 64, 0
L 121.8448, 593.4208, -70.9667, 98.8599, 615.8473, -70.9667, 127, 64, 0
L 98.8599, 615.8473, -70.9667, 98.8623, 610.8631, -70.9667, 0, 0, 0
L 121.8448, 593.4208, -70.9667, 111.742, 574.149, -70.9667, 127, 64, 0
L 111.742, 574.149, -69.9667, 111.58, 517.4801, -69.9688, 127, 64, 0
L 95.76, 630.6414, -69.9667, 95.745, 610.8514, -69.9667, 0, 0, 0
L 95.745, 610.8514, -70.9667, 98.8623, 610.8631, -70.9667, 0, 0, 0
L 111.58, 517.4801, -66.9068, 139.464, 489.3917, -67.2583, 127, 64, 0
L 139.464, 489.3917, -67.2583, 139.425, 461.4456, -68.5293, 127, 64, 0
L 139.425, 461.4456, -69.3764, 153.2087, 447.2774, -71.1334, 127, 64, 0
L 153.2087, 447.2774, -71.1334, 167.228, 419.6811, -75.193, 127, 64, 0
L 167.228, 419.6811, -75.193, 167.257, 406.133, -76.9407, 127, 64, 0
L 167.257, 406.133, -76.9407, 139.1875, 350.4966, -86.8389, 127, 64, 0
L 139.1875, 350.4966, -86.8389, 111.9258, 336.8917, -86.8342, 127, 64, 0
L 111.9258, 336.8917, -86.8342, 84.9004, 350.4005, -83.426, 127, 64, 0
L 84.9004, 350.4005, -83.426, 84.8596, 377.2538, -80.63, 127, 64, 0
L 84.8596, 377.2538, -80.63, 111.7486, 390.735, -80.587, 127, 64, 0
L 111.7486, 390.735, -80.587, 125.9385, 376.5821, -82.5602, 127, 64, 0
L 125.9385, 376.5821, -83.339, 140.8312, 391.4746, -79.15, 127, 64, 0
L 140.8312, 391.4746, -77.2793, 140.831, 406.464, -76.6218, 127, 64, 0
L 140.831, 406.464, -76.7621, 126.8281, 434.957, -72.9885, 127, 64, 0
L 126.8281, 434.957, -72.9885, 126.8308, 449.2495, -71.2116, 127, 64, 0
L 126.8308, 449.2495, -69.6584, 97.9125, 434.8378, -64.7309, 127, 64, 0
L 97.9125, 434.8378, -64.7309, 70.1501, 448.7201, -69.9667, 127, 64, 0
L 70.1501, 448.7201, -69.9667, 55.4157, 448.7031, -69.9667, 127, 64, 0
L 55.4157, 448.7031, -69.4759, 41.2357, 420.3713, -70.337, 127, 64, 0
L 41.2357, 420.3713, -70.337, 26.8592, 405.5618, -68.7005, 127, 64, 0
L 26.8592, 405.5618, -68.7005, 13.2711, 378.4553, -69.7385, 127, 64, 0
L 13.2711, 378.4553, -70.4441, -14.2878, 364.7355, -70.9177, 127, 64, 0
L -14.2878, 364.7355, -70.9177, -56.334, 364.7388, -69.9667, 127, 64, 0
L -56.334, 364.7388, -69.9667, -70.3126, 350.7914, -69.9667, 127, 64, 0
L -70.3126, 350.7914, -69.9667, -97.628, 350.7946, -69.9667, 127, 64, 0
L -97.628, 350.7946, -69.9667, -111.771, 364.2611, -69.9667, 127, 64, 0
L -111.771, 364.2611, -69.9667, -111.772, 391.458, -69.9667, 127, 64, 0
L -111.772, 391.458, -69.9667, -97.5528, 404.9519, -69.9667, 127, 64, 0
L -97.5528, 404.9519, -69.9667, -70.3863, 404.9519, -69.9667, 127, 64, 0
L -70.3863, 404.9519, -69.9667, -51.4598, 386.982, -69.9667, 127, 64, 0
L -51.4598, 386.982, -69.2934, -13.8432, 404.9203, -68.7353, 127, 64, 0
L -13.8432, 404.9203, -68.7353, 14.9016, 433.4483, -69.9825, 127, 64, 0
L 14.9016, 433.4483, -69.9825, 14.8937, 462.7033, -69.6324, 127, 64, 0
L 14.8937, 462.7033, -71.6163, -0.379, 462.7076, -73.2707, 127, 64, 0
L -0.379, 462.7076, -76.1159, -14.8726, 447.9968, -77.9667, 127, 64, 0
L -14.8726, 447.9968, -77.9667, -14.9281, 434.1449, -77.9667, 127, 64, 0
L -14.9281, 434.1449, -77.9667, -28.3311, 420.773, -77.9667, 127, 64, 0
L -28.3311, 420.773, -77.9667, -55.769, 420.7354, -77.9667, 127, 64, 0
L -55.769, 420.7354, -77.9667, -55.769, 447.3881, -77.9667, 127, 64, 0
L -55.769, 447.3881, -77.9667, -42.9106, 459.6109, -77.9677, 127, 64, 0
L -43.4671, 478.5724, -77.5049, -56.2132, 491.3197, -77.504, 127, 64, 0
L -43.4686, 478.5738, -77.5049, -36.7905, 482.6211, -78.91, 127, 64, 0
L -36.7905, 482.6211, -78.91, -26.543, 475.8593, -75.921, 127, 64, 0
L -26.543, 475.8593, -75.921, -19.943, 461.9854, -77.3986, 127, 64, 0
L -19.943, 461.9854, -77.3986, -26.8003, 450.4734, -78.9352, 127, 64, 0
L -26.8003, 450.4734, -77.9667, -40.143, 456.5172, -77.9667, 127, 64, 0
L -40.143, 456.5172, -77.9667, -42.9106, 459.6109, -77.9673, 127, 64, 0
L -56.2132, 491.3197, -82.793, -70.6162, 462.5101, -83.8657, 127, 64, 0
L -70.6162, 462.5101, -83.8657, -97.7596, 448.9141, -83.8667, 127, 64, 0
L -97.7596, 448.9141, -83.8667, -111.459, 462.1508, -81.9238, 127, 64, 0
L -111.459, 462.1508, -81.9238, -111.776, 489.1197, -75.2691, 127, 64, 0
L -111.776, 489.1197, -75.2691, -69.8431, 502.9152, -79.9348, 127, 64, 0
L -69.8431, 502.9152, -79.9348, -42.2728, 502.8564, -78.8971, 127, 64, 0
L -42.2728, 502.8564, -78.8971, -29.2625, 489.8093, -78.8966, 127, 64, 0
L -29.2625, 489.8093, -78.8966, -0.4071, 475.181, -74.2279, 127, 64, 0
L -0.4071, 475.181, -74.2279, 13.9101, 474.9193, -69.9904, 127, 64, 0
L 13.9101, 474.9193, -69.9904, 42.144, 502.5978, -69.9693, 127, 64, 0
L 42.144, 502.5978, -69.9693, 84.8615, 517.1521, -69.9667, 127, 64, 0
L 81.835, 672.6105, -69.9667, 128.8737, 672.6119, -60.6343, 0, 0, 0
L 128.8737, 672.6119, -60.6343, 126.7304, 681.6702, -60.6353, 0, 0, 0
L 126.7304, 681.6702, -60.6353, 130.858, 694.3787, -60.6351, 0, 0, 0
L 130.858, 694.3787, -60.6351, 139.444, 696.8624, -60.6351, 0, 0, 0
L 139.444, 696.8624, -60.6351, 139.431, 700.6112, -62.6946, 0, 0, 0
L 139.431, 700.6112, -63.298, 142.8282, 700.61, -62.8085, 0, 0, 0
L 142.8309, 697.3509, -60.5185, 142.8282, 700.61, -61.2083, 0, 0, 0
L 142.8309, 697.3509, -60.5523, 148.7223, 700.8419, -61.6441, 0, 0, 0
L 148.7223, 700.8419, -61.6441, 150.6945, 712.7675, -71.3688, 0, 0, 0
L 150.6945, 712.7675, -71.3688, 154.424, 712.8197, -71.3842, 0, 0, 0
L 154.424, 712.8197, -71.3842, 156.9244, 723.3895, -71.6914, 0, 0, 0
L 156.9244, 723.3895, -71.8563, 151.2094, 740.317, -70.9942, 0, 0, 0
L 151.2094, 740.317, -70.9942, 157.1611, 756.1417, -70.9916, 0, 0, 0
L 157.1611, 756.1417, -70.9916, 173.107, 766.1599, -70.9953, 0, 0, 0
L 173.107, 766.1599, -70.9953, 173.302, 783.3623, -71.4428, 0, 0, 0
L 173.302, 783.3623, -71.4428, 155.7682, 802.5026, -72.2493, 0, 0, 0
L 155.7682, 802.5026, -72.2493, 131.7531, 786.7581, -71.2637, 0, 0, 0
L 131.7531, 786.7581, -71.2637, 118.4012, 784.8528, -70.9959, 0, 0, 0
L 118.4012, 784.8528, -70.9959, 113.9772, 780.7945, -71.8246, 0, 0, 0
L 113.9772, 780.7945, -71.8246, 91.9406, 780.7952, -71.1526, 0, 0, 0
L 91.9406, 780.7952, -71.1526, 91.8919, 784.5199, -69.9667, 0, 0, 0
L 91.8919, 784.5199, -69.9667, 111.5486, 784.5788, -69.9667, 0, 0, 0
L 111.5486, 784.5788, -69.9667, 139.466, 812.1014, -69.9667, 0, 0, 0
L 139.466, 812.1014, -69.9667, 139.451, 840.5488, -69.9667, 0, 0, 0
L 139.451, 840.5488, -69.9667, 178.451, 840.5475, -69.9667, 0, 0, 0
L 178.454, 842.5493, -69.9667, 182.8297, 842.5484, -69.9667, 0, 0, 0
L 182.8297, 842.5484, -69.9667, 182.8291, 798.5789, -69.9667, 0, 0, 0
L 182.8291, 798.5789, -69.9667, 237.148, 798.5788, -69.9667, 0, 0, 0
L 237.148, 798.5788, -69.9667, 237.116, 894.7648, -69.9667, 0, 0, 0
L 237.116, 894.7648, -69.9667, 209.124, 894.7622, -69.9667, 0, 0, 0
L 209.124, 894.7622, -71.49, 209.12, 909.8388, -71.2862, 0, 0, 0
L 209.12, 909.8388, -70.9877, 223.55, 937.8152, -70.9873, 0, 0, 0
L 223.55, 937.8152, -70.9873, 222.997, 965.4497, -71.4164, 0, 0, 0
L 222.997, 965.4497, -71.4164, 209.2547, 992.9032, -71.9509, 0, 0, 0
L 209.2547, 992.9032, -71.9509, 181.9034, 1006.6156, -72.58, 0, 0, 0
L 181.9034, 1006.6156, -68.4084, 111.765, 978.4729, -71.311, 0, 0, 0
L 111.765, 978.4729, -69.9667, 111.767, 1006.7019, -69.9667, 0, 0, 0
L 111.767, 1006.7019, -69.9667, 28.8924, 1006.7021, -69.9667, 0, 0, 0
L 28.8924, 1006.7021, -69.9667, 28.8916, 952.5166, -69.9667, 0, 0, 0
L 28.8916, 952.5166, -69.9667, 72.8619, 952.5515, -69.9667, 0, 0, 0
L 72.8619, 952.5131, -69.9667, 81.772, 952.5127, -69.9667, 240, 127, 0
L 81.772, 952.5163, -69.9667, 81.739, 947.7331, -69.9667, 0, 0, 0
L 72.8498, 947.7294, -69.9667, 72.8619, 952.5515, -69.9667, 0, 0, 0
L 81.752, 949.7296, -69.9667, 72.8549, 949.7296, -69.9667, 240, 127, 0
L 81.739, 947.7331, -69.9667, 83.775, 947.7331, -69.9665, 0, 0, 0
L 83.775, 947.7331, -69.9665, 83.713, 908.7295, -69.9667, 0, 0, 0
L 70.8639, 947.7337, -69.9667, 72.8498, 947.7294, -69.9667, 0, 0, 0
L 81.772, 952.5163, -69.9667, 111.776, 952.5171, -69.9667, 0, 0, 0
L 111.776, 952.5171, -69.9667, 111.759, 966.5172, -69.9667, 0, 0, 0
L 70.8602, 947.7333, -69.9665, 70.8632, 908.7395, -69.9667, 0, 0, 0
L 70.8632, 908.7395, -69.9667, 42.2929, 908.6876, -69.9667, 0, 0, 0
L 42.2929, 908.6876, -69.9667, 14.8919, 881.2224, -69.9667, 0, 0, 0
L 14.8919, 881.2224, -69.9667, 14.8909, 852.7639, -69.9667, 0, 0, 0
L 14.8909, 852.7639, -69.9667, -24.1078, 852.7644, -69.9667, 0, 0, 0
L -24.1078, 852.7644, -69.9667, -24.1075, 850.7621, -69.9667, 0, 0, 0
L -24.1045, 842.5476, -69.9667, -28.8842, 842.5502, -69.9667, 0, 0, 0
L -28.8911, 850.7664, -69.9667, -24.1075, 850.7621, -69.9667, 0, 0, 0
L -28.8911, 850.7664, -69.9667, -28.8916, 894.7643, -69.9667, 0, 0, 0
L -28.8916, 894.7643, -69.9667, -83.716, 894.7605, -69.9667, 0, 0, 0
L -83.794, 836.7637, -69.9667, -87.8605, 836.7628, -69.9667, 0, 0, 0
L -87.8605, 836.7628, -69.9667, -87.8603, 838.7641, -69.9667, 0, 0, 0
L -87.8603, 838.7641, -69.9667, -98.861, 838.7614, -69.9667, 0, 0, 0
L -98.861, 838.7614, -69.9667, -98.8605, 867.2377, -69.9667, 0, 0, 0
L -98.8605, 867.2377, -69.9667, -126.1307, 894.5625, -69.9667, 0, 0, 0
L -126.1307, 894.5625, -69.9667, -153.4161, 880.9166, -69.9667, 0, 0, 0
L -153.4161, 880.9166, -69.9667, -180.8289, 853.5034, -69.9667, 0, 0, 0
L -180.8289, 853.5034, -69.9667, -166.7856, 825.7645, -68.8406, 0, 0, 0
L -166.7856, 825.7645, -68.8406, -139.5115, 798.5792, -69.9667, 0, 0, 0
L -139.5115, 798.5792, -69.9667, -126.1163, 798.5946, -69.9667, 0, 0, 0
L -126.1163, 798.5946, -69.9667, -98.8991, 812.2191, -66.776, 0, 0, 0
L -98.8991, 812.2191, -66.776, -98.8546, 826.548, -69.9667, 0, 0, 0
L -98.8546, 826.548, -69.9667, -87.8602, 826.5481, -69.9667, 0, 0, 0
L -87.8609, 828.5475, -69.9667, -83.772, 828.5494, -69.9667, 0, 0, 0
L -87.8607, 826.634, -69.9667, -87.8609, 828.5475, -69.9667, 0, 0, 0
L -83.794, 836.7637, -69.9667, -83.716, 894.7605, -69.9667, 0, 0, 0
L -83.772, 828.5494, -69.9667, -83.771, 798.5792, -69.9667, 0, 0, 0
L -83.771, 798.5792, -69.9667, -28.9532, 798.5786, -69.9667, 0, 0, 0
L -28.9532, 798.5786, -69.9667, -28.8842, 842.5502, -69.9667, 0, 0, 0
L -24.1045, 842.5476, -69.9667, -24.1081, 840.5476, -69.9667, 0, 0, 0
L -25.2452, 842.5479, -69.9667, -25.2449, 850.7649, -69.9667, 240, 127, 0
L -28.292, 842.5479, -69.9667, -28.415, 850.7641, -69.9667, 240, 127, 0
L -24.1083, 840.5483, -69.9667, 14.888, 840.5533, -69.9667, 0, 0, 0
L 14.888, 840.5533, -69.9667, 14.93, 812.182, -69.9667, 0, 0, 0
L 14.93, 812.182, -69.9667, 42.3729, 784.5789, -69.9667, 0, 0, 0
L 42.3729, 784.5789, -69.9667, 70.8615, 784.5838, -69.9667, 0, 0, 0
L 70.8615, 784.5838, -69.9667, 70.8603, 745.5795, -69.9667, 0, 0, 0
L 70.8603, 745.5795, -69.9667, 72.8597, 745.581, -69.9667, 0, 0, 0
L 72.8597, 745.581, -69.9667, 72.8619, 740.8234, -69.9667, 0, 0, 0
L 72.8619, 740.8234, -69.9667, 28.8919, 740.827, -69.9667, 0, 0, 0
L 28.8919, 740.827, -69.9667, 28.8914, 710.8256, -69.9667, 0, 0, 0
L 28.8916, 702.6101, -69.9667, 28.8918, 672.61, -69.9667, 0, 0, 0
L 28.8918, 672.61, -69.9667, 72.856, 672.635, -69.9667, 0, 0, 0
L 28.4208, 710.827, -69.9667, 28.4217, 702.61, -69.9667, 240, 127, 0
L 24.108, 700.61, -69.9667, 24.1079, 702.6118, -69.9667, 0, 0, 0
L 28.8916, 702.6101, -69.9667, 24.1079, 702.6118, -69.9667, 0, 0, 0
L 24.105, 710.8279, -69.9667, 24.1083, 712.8274, -69.9667, 0, 0, 0
L 24.1083, 712.8274, -69.9667, -28.8923, 712.8238, -69.9667, 0, 0, 0
L -28.8923, 712.8238, -69.9667, -28.8914, 754.7952, -69.9667, 0, 0, 0
L -28.8914, 754.7952, -69.9667, -64.5609, 754.7966, -64.3975, 0, 0, 0
L -64.5609, 754.7966, -64.3975, -58.9074, 749.8537, -64.1908, 0, 0, 0
L -58.9074, 749.8537, -64.1908, -56.9872, 742.6096, -64.1556, 0, 0, 0
L -56.9872, 742.6096, -64.1556, -41.743, 742.6128, -67.922, 0, 0, 0
L -41.743, 742.6128, -67.1958, -41.722, 712.8262, -69.9667, 0, 0, 0
L -41.722, 712.8262, -69.9667, -111.605, 712.8268, -68.3117, 0, 0, 0
L -111.605, 712.8268, -68.3117, -111.789, 684.8247, -69.9667, 0, 0, 0
L -98.8599, 700.6105, -69.9667, -98.862, 684.8264, -69.9667, 0, 0, 0
L -98.862, 684.8264, -67.96, -84.85, 684.8203, -67.1449, 0, 0, 0
L -84.85, 684.8203, -60.6338, -84.8997, 644.6443, -60.6959, 0, 0, 0
L -84.8997, 644.6443, -60.6351, -139.44, 644.6441, -60.6351, 0, 0, 0
L -139.44, 644.6441, -59.3457, -139.454, 684.8269, -69.9667, 0, 0, 0
L -139.454, 684.8269, -69.9667, -111.789, 684.8247, -69.9667, 0, 0, 0
L -98.8599, 700.6105, -69.9667, -41.75, 700.6132, -69.9667, 0, 0, 0
L -41.75, 700.6132, -69.9667, -41.758, 644.6416, -60.9185, 0, 0, 0
L -41.758, 644.6416, -60.9185, -34.6582, 648.764, -60.6347, 0, 0, 0
L -34.6582, 648.764, -60.6347, -28.8924, 650.7485, -59.3457, 0, 0, 0
L -28.8924, 650.7485, -59.3457, -28.9387, 700.6118, -69.9665, 0, 0, 0
L -28.9387, 700.6118, -69.9667, 24.1083, 700.6109, -69.9667, 0, 0, 0
L 25.6373, 702.6101, -69.9667, 25.6373, 710.8273, -69.9667, 240, 127, 0
L 24.105, 710.8279, -69.9667, 28.8914, 710.8256, -69.9667, 0, 0, 0
L 178.451, 840.5479, -69.9667, 178.454, 842.5493, -69.9667, 0, 0, 0
L 179.989, 842.5478, -69.9667, 179.9423, 850.7627, -69.9667, 240, 127, 0
L 182.8293, 850.759, -69.9667, 178.415, 850.7653, -69.9667, 0, 0, 0
L 178.458, 852.7652, -69.9664, 178.415, 850.7653, -69.9667, 0, 0, 0
L 178.458, 852.764, -69.9667, 139.438, 852.7617, -69.9667, 0, 0, 0
L 139.438, 852.7617, -69.9667, 139.415, 881.2907, -69.9667, 0, 0, 0
L 139.415, 881.2907, -69.9667, 111.6266, 908.7057, -69.9667, 0, 0, 0
L 111.6266, 908.7057, -69.9667, 83.713, 908.7295, -69.9667, 0, 0, 0
L 182.8293, 850.759, -69.9667, 182.8333, 894.7595, -69.9667, 0, 0, 0
L 182.8333, 894.7595, -69.9667, 196.7983, 894.7655, -69.9667, 0, 0, 0
L 182.7254, 850.7646, -69.9667, 182.773, 842.5479, -69.9667, 240, 127, 0
L 196.7983, 894.7655, -71.271, 196.7971, 937.2549, -71.9136, 0, 0, 0
L 196.7971, 937.2549, -71.5083, 211.1668, 951.6286, -71.4943, 0, 0, 0
L 211.1668, 951.6286, -70.9873, 195.9107, 966.8845, -70.9873, 0, 0, 0
L 195.9107, 966.8845, -71.3062, 181.4874, 952.5155, -70.9885, 0, 0, 0
L 181.4874, 952.5155, -70.9885, 140.348, 952.5166, -70.9886, 0, 0, 0
L 140.348, 952.5166, -70.9886, 126.3158, 966.5188, -71.648, 0, 0, 0
L 126.3158, 966.5188, -70.9876, 111.759, 966.5172, -70.9876, 0, 0, 0
P -34.4731, 71.3275, 0.2, 0, 127, 0, 3, to_Commonlands
P 0, 0, 0, 0, 0, 0, 3, Map_by_Goodurden<RoI>
P -35, 82, 0.1, 0, 0, 0, 1, Succor
