L 1129.4519, -3062.5578, 301.2149, 1129.4791, -5771.2206, 301.2176, 0, 0, 240
L 1129.4791, -5771.2206, 301.2332, -2322.4697, -5763.4448, 301.2282, 0, 0, 240
L -2325.9063, -3058.5675, 301.2468, -2322.4697, -5763.4448, 301.2465, 0, 0, 240
L 1129.4519, -3062.5578, 301.2244, -2325.9063, -3058.5675, 301.2121, 0, 0, 240
L -280.6071, -4709.2114, 344.9006, -275.9481, -4712.166, 344.8804, 0, 0, 0
L -275.9481, -4712.166, 344.8725, -277.3688, -4714.6333, 344.8725, 0, 0, 0
L -277.3688, -4714.6333, 344.8566, -282.1453, -4711.876, 344.8958, 0, 0, 0
L -289.3838, -4724.4146, 344.9091, -276.8618, -4731.6543, 344.9091, 0, 0, 0
L -269.6116, -4719.1265, 344.8716, -273.8797, -4716.6772, 344.8833, 0, 0, 0
L -273.3564, -4715.7681, 344.8716, -276.8004, -4713.6445, 344.8457, 127, 127, 0
L -273.8797, -4716.6772, 344.8725, -272.4531, -4714.1698, 344.8725, 0, 0, 0
L -272.4531, -4714.1698, 344.8777, -268.88, -4716.4936, 344.8951, 0, 0, 0
L -276.8618, -4731.6543, 344.8641, -259.9037, -4702.351, 344.8297, 0, 0, 0
L -259.9037, -4702.351, 345.1283, -272.4445, -4695.712, 344.9048, 0, 0, 0
L -277.5056, -4703.8383, 344.9085, -289.3838, -4724.4146, 344.91, 0, 0, 0
L -275.4732, -4700.3208, 344.9083, -272.4445, -4695.712, 344.9087, 0, 0, 0
L -277.5056, -4703.8383, 344.9101, -279.8774, -4702.6103, 344.6471, 0, 0, 0
L -275.4732, -4700.3208, 344.8892, -276.9846, -4699.5434, 344.6471, 0, 0, 0
L -276.9846, -4699.5434, 344.6471, -273.125, -4692.8413, 344.6471, 0, 0, 0
L -273.125, -4692.8413, 344.6471, -257.5124, -4701.8486, 344.6471, 0, 0, 0
L -257.5124, -4701.8486, 344.6483, -275.7035, -4734.5087, 344.6471, 0, 0, 0
L -275.7035, -4734.5087, 344.6485, -292.4796, -4724.8188, 344.6727, 0, 0, 0
L -292.4796, -4724.8188, 344.6471, -279.8774, -4702.6103, 344.6471, 0, 0, 0
L -294.4898, -4689.3793, 339.9039, -276.8365, -4699.2861, 344.8414, 240, 240, 240
L -296.4999, -4693.2157, 339.8417, -279.8616, -4702.582, 344.6929, 240, 240, 240
L -275.9816, -4712.2236, 344.8727, -272.5455, -4714.332, 344.8727, 127, 127, 0
L -291.7268, -4563.565, 343.5581, -285.7139, -4561.546, 343.5427, 0, 0, 0
L -285.4578, -4561.7573, 343.5362, -281.7058, -4560.4774, 343.5362, 127, 127, 0
L -282.382, -4559.6869, 343.5378, -277.3258, -4557.8578, 343.5534, 0, 0, 0
L -271.3272, -4574.2964, 343.5726, -282.9463, -4542.4556, 343.5738, 0, 0, 0
L -282.9463, -4542.4556, 343.5486, -296.5464, -4547.4116, 343.5719, 0, 0, 0
L -296.5464, -4547.4116, 343.5738, -294.475, -4553.1206, 343.5738, 0, 0, 0
L -285.7139, -4561.546, 343.5362, -284.7302, -4563.7543, 343.5364, 0, 0, 0
L -282.382, -4559.6869, 343.5355, -280.9057, -4562.3823, 343.5364, 0, 0, 0
L -280.9057, -4562.3823, 343.5394, -276.2889, -4560.6992, 343.5618, 0, 0, 0
L -271.3272, -4574.2964, 343.5353, -285.73, -4579.5361, 343.5729, 0, 0, 0
L -285.73, -4579.5361, 343.5729, -293.8177, -4557.31, 343.5729, 0, 0, 0
L -290.6843, -4565.9219, 343.5362, -284.7302, -4563.7543, 343.5448, 0, 0, 0
L -281.1729, -4561.7168, 343.5077, -284.9868, -4563.625, 343.4986, 127, 127, 0
L -295.596, -4557.828, 343.3627, -293.8177, -4557.31, 343.5738, 0, 0, 0
L -294.475, -4553.1206, 343.4202, -295.9452, -4553.6103, 343.3106, 0, 0, 0
L -295.9452, -4553.6103, 343.3106, -298.4805, -4546.6459, 343.3107, 0, 0, 0
L -298.4805, -4546.6459, 343.3106, -281.8156, -4540.5673, 343.3106, 0, 0, 0
L -281.8156, -4540.5673, 343.3107, -268.5203, -4575.2826, 343.3107, 0, 0, 0
L -268.5203, -4575.2826, 343.3229, -286.6412, -4581.8823, 343.3107, 0, 0, 0
L -286.6412, -4581.8823, 343.3107, -295.596, -4557.828, 343.3107, 0, 0, 0
L -314.7022, -4565.2533, 338.2817, -295.5108, -4558.57, 343.3476, 240, 240, 240
L -316.22, -4561.1854, 338.4164, -296.398, -4553.3505, 342.7857, 240, 240, 240
L -359.4666, -4741.9233, 340.5326, -439.1173, -4741.9233, 333.513, 0, 0, 0
L -439.1173, -4741.9233, 333.513, -438.1883, -4782.5907, 329.2909, 0, 0, 0
L -438.1883, -4782.5907, 329.2909, -359.5135, -4782.6768, 336.5276, 0, 0, 0
L -359.718, -4602.251, 337.4725, -433.1016, -4602.4472, 338.6892, 127, 64, 0
L -433.1016, -4602.4472, 338.6892, -432.9961, -4575.3247, 340.3763, 127, 64, 0
L -432.9961, -4575.3247, 340.3763, -359.2576, -4575.1426, 336.815, 127, 64, 0
L -185.7923, -4645.2109, 359.7934, -164.8701, -4645.1195, 363.5932, 240, 240, 240
L -164.72, -4644.869, 364.9268, -164.56, -4640.3271, 364.9268, 127, 127, 0
L -163.2039, -4651.2479, 365.1668, -156.8577, -4651.2124, 365.1591, 0, 0, 0
L -156.8584, -4651.6953, 365.1526, -152.8182, -4651.707, 365.1526, 127, 127, 0
L -156.8617, -4654.1265, 365.1526, -156.8577, -4651.2124, 365.1526, 0, 0, 0
L -156.8617, -4654.1265, 365.1157, -163.2018, -4654.1342, 365.1499, 0, 0, 0
L -163.2083, -4644.869, 365.1218, -163.1919, -4668.619, 365.1884, 0, 0, 0
L -163.1919, -4668.619, 365.189, -146.9463, -4668.619, 365.1881, 0, 0, 0
L -146.9463, -4668.619, 365.1899, -146.9473, -4634.7734, 365.1899, 0, 0, 0
L -146.9466, -4654.1421, 365.1551, -152.8164, -4654.1532, 365.1623, 0, 0, 0
L -152.8169, -4653.2665, 365.1469, -156.8605, -4653.2494, 365.1535, 127, 127, 0
L -152.8164, -4654.1532, 365.1526, -152.8186, -4651.2295, 365.1526, 0, 0, 0
L -146.9467, -4651.207, 365.163, -152.8186, -4651.2295, 365.156, 0, 0, 0
L -146.9473, -4634.7734, 365.5149, -162.3847, -4634.7295, 365.1908, 0, 0, 0
L -162.3847, -4634.7295, 365.1895, -162.3366, -4640.335, 365.1899, 0, 0, 0
L -162.3303, -4640.335, 365.1768, -162.3446, -4644.869, 365.1899, 127, 127, 0
L -162.3446, -4644.869, 365.1902, -164.8701, -4644.869, 364.927, 0, 0, 0
L -164.712, -4640.3271, 364.9272, -164.757, -4633.14, 364.927, 0, 0, 0
L -162.3366, -4640.335, 364.927, -164.712, -4640.3271, 364.927, 0, 0, 0
L -164.757, -4633.14, 364.927, -145.9951, -4633.1216, 364.927, 0, 0, 0
L -145.9951, -4633.1216, 364.927, -145.9978, -4670.5092, 364.927, 0, 0, 0
L -145.9978, -4670.5092, 364.9331, -164.867, -4670.5122, 364.927, 0, 0, 0
L -164.867, -4670.5122, 364.927, -164.8701, -4644.869, 364.927, 0, 0, 0
L -185.7093, -4640.9272, 360.973, -164.708, -4640.8477, 364.8634, 240, 240, 240
L -977.6286, -4727.9907, 310.1789, -982.9664, -4727.9647, 310.1494, 0, 0, 0
L -982.9664, -4727.9647, 310.1225, -982.9533, -4742.4951, 310.1789, 0, 0, 0
L -982.9533, -4742.4951, 310.1254, -966.73, -4742.435, 310.3174, 0, 0, 0
L -966.7074, -4728.5, 310.1779, -970.3144, -4727.9736, 310.1598, 0, 0, 0
L -966.7074, -4728.5, 310.1521, -966.73, -4742.435, 310.1789, 0, 0, 0
L -975.3501, -4453.1361, 310.76, -970.1698, -4453.119, 310.761, 0, 0, 0
L -970.1698, -4453.119, 310.763, -970.1484, -4438.6255, 310.761, 0, 0, 0
L -986.4044, -4438.6737, 310.446, -986.4041, -4453.1127, 310.753, 0, 0, 0
L -981.2223, -4453.1377, 310.568, -986.4041, -4453.1127, 310.756, 0, 0, 0
L -970.1484, -4438.6255, 310.308, -986.4044, -4438.6737, 310.756, 0, 0, 0
L -527.8497, -4596.92, 322.7377, -527.8517, -4601.1869, 322.7386, 0, 0, 0
L -527.8517, -4601.1869, 322.7386, -513.3517, -4601.1913, 322.7384, 0, 0, 0
L -513.3517, -4601.1913, 322.7386, -513.3986, -4584.9429, 322.8747, 0, 0, 0
L -513.3986, -4584.9429, 322.6936, -527.8518, -4584.9512, 322.7386, 0, 0, 0
L -527.8518, -4584.9512, 322.7366, -527.8116, -4590.689, 322.7386, 0, 0, 0
L -534.3288, -4755.3119, 323.4433, -534.3129, -4749.9907, 323.4103, 0, 0, 0
L -534.3129, -4749.9907, 323.4073, -519.8857, -4749.994, 323.4168, 0, 0, 0
L -519.8857, -4749.994, 323.5729, -519.8076, -4766.244, 323.3919, 0, 0, 0
L -519.8076, -4766.244, 323.4436, -534.3558, -4766.225, 323.4433, 0, 0, 0
L -534.3558, -4766.225, 323.4433, -534.3134, -4760.9179, 323.4424, 0, 0, 0
L -532.3597, -4796.5038, 323.2531, -528.4672, -4792.5933, 323.252, 0, 0, 0
L -528.4672, -4792.5933, 323.2379, -518.2599, -4802.8428, 323.2536, 0, 0, 0
L -518.2599, -4802.8428, 323.3974, -529.6983, -4814.3486, 323.2144, 0, 0, 0
L -529.6983, -4814.3486, 323.2108, -539.9605, -4804.907, 323.2112, 0, 0, 0
L -539.9605, -4804.907, 323.252, -536.3618, -4800.4921, 323.252, 0, 0, 0
L -572.936, -4810.4228, 321.1356, -567.4077, -4809.5941, 321.1209, 0, 0, 0
L -567.4077, -4809.5941, 321.1598, -564.8889, -4823.8711, 321.1583, 0, 0, 0
L -564.8889, -4823.8711, 321.2889, -580.9595, -4826.3179, 321.1598, 0, 0, 0
L -580.9595, -4826.3179, 321.1594, -583.3989, -4812.395, 321.1598, 0, 0, 0
L -578.1409, -4811.5137, 321.1442, -583.3989, -4812.395, 321.1594, 0, 0, 0
L -1075.7519, -4567.7402, 306.8793, -1075.641, -4595.8065, 305.4123, 127, 127, 0
L -1078.8143, -4595.542, 305.4123, -1074.4084, -4595.8524, 305.4125, 127, 127, 0
L -1074.4084, -4595.8524, 305.389, -1075.8677, -4625.5171, 305.4297, 127, 127, 0
L -1071.4891, -4625.4233, 305.4492, -1071.4799, -4632.9579, 305.4614, 127, 64, 0
L -1082.8541, -4632.979, 305.6664, -1082.7335, -4796.2578, 308.4379, 127, 64, 0
L -963.3935, -4898.8481, 311.8528, -958.2439, -4896.3393, 311.9431, 64, 64, 64
L -958.2439, -4896.3393, 311.9431, -954.4736, -4891.7538, 316.653, 64, 64, 64
L -954.4736, -4891.7538, 316.653, -931.4731, -4868.5209, 326.7676, 64, 64, 64
L -931.4731, -4868.5209, 339.1136, -929.1888, -4860.2929, 333.4787, 64, 64, 64
L -929.1888, -4860.2929, 333.4787, -920.8125, -4848.5176, 326.869, 64, 64, 64
L -920.8125, -4848.5176, 326.869, -918.176, -4845.7147, 325.5273, 64, 64, 64
L -918.176, -4845.7147, 325.5273, -914.2842, -4846.3179, 326.4963, 64, 64, 64
L -914.2842, -4846.3179, 326.4963, -886.5261, -4847.119, 327.6139, 64, 64, 64
L -886.5261, -4847.119, 328.2506, -857.58, -4862.8065, 325.1177, 64, 64, 64
L -857.58, -4862.8065, 325.1177, -848.4953, -4862.8535, 320.2798, 64, 64, 64
L -848.4953, -4862.8535, 320.2798, -842.8826, -4861.7382, 318.3369, 64, 64, 64
L -842.8826, -4861.7382, 318.3369, -834.6982, -4867.6068, 317.7201, 64, 64, 64
L -834.6982, -4867.6068, 317.7201, -815.7626, -4876.3828, 314.762, 64, 64, 64
L -815.7626, -4876.3828, 314.762, -806.6376, -4886.3242, 317.8446, 64, 64, 64
L -806.6376, -4886.3242, 317.8446, -800.1951, -4893.1553, 322.2169, 64, 64, 64
L -800.1951, -4893.1553, 322.2169, -800.8799, -4906.6162, 328.1514, 64, 64, 64
L -800.8799, -4906.6162, 328.1514, -804.1702, -4915.791, 333.1841, 64, 64, 64
L -804.1702, -4915.791, 333.1841, -804.5221, -4930.2611, 341.8829, 64, 64, 64
L -804.5221, -4930.2611, 341.8829, -806.9636, -4935.3158, 344.545, 64, 64, 64
L -806.9636, -4935.3158, 344.545, -807.6639, -4949.5438, 358.7878, 64, 64, 64
L -807.6639, -4949.5438, 358.7878, -815.384, -4961.2402, 361.2583, 64, 64, 64
L -815.384, -4961.2402, 361.2583, -821.4823, -4964.9839, 367.6483, 64, 64, 64
L -821.4823, -4964.9839, 367.6483, -841.3201, -4966.4828, 384.853, 64, 64, 64
L -841.3201, -4966.4828, 384.853, -845.3568, -4975.9945, 386.4628, 64, 64, 64
L -845.3568, -4975.9945, 386.4628, -854.418, -4985.3451, 386.7807, 64, 64, 64
L -848.697, -4979.1859, 386.7807, -848.317, -4979.1, 386.7801, 64, 64, 64
L -813.4871, -5010.4018, 390.7948, -934.392, -4936.3877, 389.9902, 127, 64, 0
L -813.9547, -5011.682, 390.9875, -654.5783, -5071.1024, 405.3068, 127, 64, 0
L -654.1856, -5070.4301, 406.2868, -647.6028, -5072.5551, 406.5944, 127, 64, 0
L -648.147, -5074.1288, 406.548, -644.1367, -5074.4291, 407.2499, 127, 64, 0
L -649.5113, -5078.752, 406.5498, -647.6028, -5072.5551, 406.8507, 127, 64, 0
L -643.8065, -5075.7563, 406.8084, -541.1824, -5075.7138, 419.2379, 127, 64, 0
L -541.1823, -5075.9268, 421.2737, -475.1834, -5081.8423, 440.4893, 127, 64, 0
L -485.9628, -5080.876, 436.1875, -487.9601, -5076.5282, 436.1071, 127, 64, 0
L -487.9601, -5076.5282, 436.5274, -482.1582, -5073.1602, 437.3018, 127, 64, 0
L -482.1582, -5073.1602, 437.5568, -479.2158, -5078.2007, 437.4098, 127, 64, 0
L -474.7225, -5070.2147, 439.2986, -488.5208, -5056.6459, 440.331, 64, 64, 64
L -488.5208, -5056.6459, 438.869, -497.108, -5057.7271, 438.3575, 64, 64, 64
L -497.108, -5057.7271, 438.3575, -506.9909, -5051.226, 431.7669, 64, 64, 64
L -506.9909, -5051.226, 431.7669, -508.6609, -5043.9657, 427.8263, 64, 64, 64
L -508.6609, -5043.9657, 427.8263, -531.8273, -5040.9858, 418.5957, 64, 64, 64
L -531.8273, -5040.9858, 418.5957, -540.5108, -5031.8549, 412.5249, 64, 64, 64
L -540.5108, -5031.8549, 412.5249, -536.4808, -5019.9575, 402.9069, 64, 64, 64
L -536.4808, -5019.9575, 402.9069, -527.7604, -5011.6757, 399.8011, 64, 64, 64
L -527.7604, -5011.6757, 399.8011, -497.766, -5004.4731, 400.3596, 64, 64, 64
L -497.766, -5004.4731, 400.3596, -498.8548, -4992.2489, 400.8299, 64, 64, 64
L -498.8548, -4992.2489, 400.8299, -515.1399, -4983.4477, 386.4069, 64, 64, 64
L -515.1399, -4983.4477, 371.7123, -525.7481, -4968.3158, 353.6143, 64, 64, 64
L -525.7481, -4968.3158, 353.6143, -527.5072, -4963.4043, 349.8156, 64, 64, 64
L -527.5072, -4963.4043, 349.8156, -523.2848, -4941.75, 334.6519, 64, 64, 64
L -523.2848, -4941.75, 334.6519, -531.7708, -4922.9507, 328.5645, 64, 64, 64
L -531.7708, -4922.9507, 323.3799, -529.5212, -4906.2065, 318.5389, 64, 64, 64
L -529.5212, -4906.2065, 318.5389, -497.7921, -4904.9579, 321.5611, 64, 64, 64
L -497.7921, -4904.9579, 321.5611, -494.1714, -4908.8091, 322.5654, 64, 64, 64
L -494.1714, -4908.8091, 322.5654, -485.3084, -4915.3945, 326.2835, 64, 64, 64
L -485.3084, -4915.3945, 326.2835, -480.514, -4916.3969, 327.6938, 64, 64, 64
L -480.514, -4916.3969, 327.6938, -473.329, -4912.9755, 326.6263, 64, 64, 64
L -473.329, -4912.9755, 326.6263, -466.4436, -4892.9237, 324.9384, 64, 64, 64
L -466.4436, -4892.9237, 324.9384, -453.2225, -4889.5293, 327.5758, 64, 64, 64
L -453.2225, -4889.5293, 327.5758, -426.4307, -4889.4546, 329.2345, 64, 64, 64
L -426.4307, -4889.4546, 329.2345, -402.7934, -4894.1649, 332.2008, 64, 64, 64
L -402.7934, -4894.1649, 332.2008, -394.2841, -4905.8788, 333.975, 64, 64, 64
L -394.6687, -4906.2632, 333.975, -391.8004, -4903.395, 333.4664, 127, 64, 0
L -368.4051, -4926.5941, 333.4664, -436.1096, -4859.4561, 330.649, 127, 64, 0
L -411.5984, -4883.7627, 330.649, -414.3129, -4886.4765, 330.5015, 127, 64, 0
L -394.6687, -4906.2632, 333.7302, -390.1619, -4911.5864, 334.3799, 127, 64, 0
L -390.1619, -4911.5864, 336.7158, -386.6797, -4908.25, 336.9764, 127, 64, 0
L -366.2402, -4925.4828, 353.471, -374.2914, -4933.6581, 353.7674, 127, 64, 0
L -374.2914, -4933.6581, 355.7466, -370.85, -4939.619, 360.2323, 127, 64, 0
L -370.85, -4939.619, 360.9796, -364.8673, -4933.6367, 360.3679, 127, 64, 0
L -366.9399, -4935.7094, 360.3679, -363.6673, -4956.747, 382.9442, 127, 64, 0
L -360.9524, -4956.9111, 382.9442, -375.8489, -4952.3198, 372.9773, 64, 64, 64
L -375.8489, -4952.3198, 372.9773, -381.7927, -4951.2382, 370.4119, 64, 64, 64
L -381.7927, -4951.2382, 370.4119, -379.2991, -4944.2709, 361.7115, 64, 64, 64
L -379.2991, -4944.2709, 361.7115, -387.3038, -4936.5459, 352.2948, 64, 64, 64
L -387.3038, -4936.5459, 352.2948, -385.744, -4927.829, 346.2903, 64, 64, 64
L -385.744, -4927.829, 346.2903, -392.3849, -4908.876, 339.6768, 64, 64, 64
L -414.3129, -4886.4765, 332.9479, -419.2857, -4881.4619, 332.1093, 127, 64, 0
L -419.2857, -4881.4619, 329.978, -416.5455, -4878.7334, 330.1413, 127, 64, 0
L -432.8442, -4856.1934, 332.6899, -437.3299, -4860.3491, 332.5649, 127, 64, 0
L -437.3299, -4860.3491, 332.1313, -442.22, -4855.369, 332.9168, 127, 64, 0
L -442.22, -4855.369, 332.2006, -437.8466, -4851.1948, 332.2429, 127, 64, 0
L -437.8466, -4851.1948, 332.1818, -432.8442, -4856.1934, 332.139, 127, 64, 0
L -434.2576, -4857.604, 332.1021, -366.7948, -4925.601, 352.6772, 127, 64, 0
L -366.2402, -4925.4828, 352.6772, -361.1569, -4956.8481, 385.8106, 127, 64, 0
L -441.1813, -4875.8491, 331.3265, -447.24, -4875.8515, 331.3091, 127, 64, 0
L -447.41, -4868.7744, 331.8684, -441.1542, -4868.8521, 331.8736, 127, 64, 0
L -447.24, -4875.8515, 332.122, -447.41, -4868.7744, 332.6159, 127, 64, 0
L -445.4832, -4868.7938, 331.874, -445.545, -4705.7489, 331.6096, 127, 64, 0
L -445.4934, -4841.6791, 331.6096, -449.4433, -4841.6733, 331.6822, 127, 64, 0
L -449.4433, -4841.6733, 332.7558, -449.4676, -4834.6122, 332.298, 127, 64, 0
L -449.4676, -4834.6122, 330.5547, -445.5452, -4834.619, 330.4327, 127, 64, 0
L -445.6413, -4808.5742, 328.6109, -449.4547, -4808.5731, 327.6924, 127, 64, 0
L -449.4547, -4808.5731, 332.5629, -449.4495, -4801.5165, 332.636, 127, 64, 0
L -449.4495, -4801.5165, 326.7379, -445.6798, -4801.5186, 327.127, 127, 64, 0
L -445.5948, -4775.2061, 329.1612, -449.4479, -4775.1986, 328.8229, 127, 64, 0
L -449.4479, -4775.1986, 332.935, -449.4492, -4768.1342, 332.8919, 127, 64, 0
L -449.4492, -4768.1342, 329.4196, -445.6132, -4768.144, 329.7925, 127, 64, 0
L -445.4608, -4740.2637, 332.535, -449.4368, -4740.2641, 332.7959, 127, 64, 0
L -449.4368, -4740.2641, 332.1632, -449.562, -4733.21, 332.7053, 127, 64, 0
L -449.562, -4733.21, 333.396, -445.4307, -4733.204, 333.3398, 127, 64, 0
L -431.774, -4705.8086, 332.797, -447.1154, -4705.7421, 332.7959, 127, 64, 0
L -447.1154, -4705.7421, 332.7937, -447.1184, -4698.2529, 332.7932, 127, 64, 0
L -447.1184, -4698.2529, 332.7932, -431.7817, -4698.3275, 332.793, 127, 64, 0
L -440.4359, -4698.2856, 332.793, -440.555, -4670.1049, 332.793, 127, 127, 0
L -440.5577, -4669.4745, 332.793, -440.682, -4669.46, 332.793, 127, 127, 0
L -447.1184, -4640.5146, 332.7952, -447.117, -4632.9741, 332.7998, 127, 64, 0
L -431.7728, -4640.4994, 332.8, -447.1184, -4640.5146, 332.7977, 127, 64, 0
L -440.5298, -4640.5083, 332.8, -440.5314, -4670.1054, 332.7932, 127, 127, 0
L -447.117, -4632.9741, 332.8018, -431.7828, -4632.6361, 332.8034, 127, 64, 0
L -445.4445, -4632.9375, 332.8034, -444.7853, -4469.9066, 335.4533, 127, 64, 0
L -445.3349, -4605.8359, 335.4533, -449.7429, -4605.8257, 334.8453, 127, 64, 0
L -449.7429, -4605.8257, 334.432, -449.8484, -4598.7611, 335.271, 127, 64, 0
L -449.8484, -4598.7611, 335.2472, -445.3009, -4598.7734, 336.2567, 127, 64, 0
L -445.201, -4572.7299, 337.9288, -450.5899, -4572.7295, 337.218, 127, 64, 0
L -450.5899, -4572.7295, 336.2078, -449.9365, -4565.6875, 335.8946, 127, 64, 0
L -449.9365, -4565.6875, 336.3543, -445.3738, -4565.6288, 337.3729, 127, 64, 0
L -445.2927, -4539.3549, 336.5042, -449.9687, -4539.3554, 336.3516, 127, 64, 0
L -449.9687, -4539.3554, 335.9288, -449.8801, -4532.2808, 335.4809, 127, 64, 0
L -449.8801, -4532.2808, 335.5108, -445.375, -4532.3007, 335.6999, 127, 64, 0
L -444.9248, -4504.4224, 334.5919, -449.7477, -4504.4203, 334.4827, 127, 64, 0
L -449.7477, -4504.4203, 334.1671, -449.6682, -4497.3441, 333.8124, 127, 64, 0
L -449.6682, -4497.3441, 333.8376, -444.8964, -4497.3662, 334.149, 127, 64, 0
L -441.4125, -4469.9247, 333.7126, -447.2185, -4469.8936, 333.5742, 127, 64, 0
L -447.2185, -4469.8936, 333.5668, -447.2293, -4462.8451, 333.6186, 127, 64, 0
L -447.2293, -4462.8451, 333.8817, -441.3888, -4462.8402, 334.9329, 127, 64, 0
L -441.3888, -4462.8402, 334.1224, -441.4125, -4469.9247, 334.749, 127, 64, 0
L -443.677, -4469.9022, 333.9116, -442.9907, -4632.8833, 334.1659, 127, 64, 0
L -443.5749, -4491.1494, 334.271, -438.5765, -4486.5902, 334.5373, 127, 64, 0
L -438.5765, -4486.5902, 334.6865, -434.2013, -4490.5434, 334.8007, 127, 64, 0
L -437.9528, -4487.9287, 334.8007, -364.874, -4416.537, 336.3546, 127, 64, 0
L -417.9182, -4468.8437, 336.3546, -421.2212, -4465.537, 336.274, 127, 64, 0
L -421.2212, -4465.537, 336.4078, -416.3211, -4460.4579, 336.8482, 127, 64, 0
L -416.3211, -4460.4579, 337.6859, -412.9589, -4463.8227, 337.1834, 127, 64, 0
L -398.8541, -4449.8711, 338.4666, -410.2567, -4446.1377, 338.7635, 64, 64, 64
L -410.2567, -4446.1377, 338.6931, -412.4508, -4436.3643, 340.6159, 64, 64, 64
L -412.4508, -4436.3643, 340.6159, -442.7606, -4431.7231, 340.8211, 64, 64, 64
L -442.7606, -4431.7231, 339.9628, -452.543, -4432.3657, 338.3833, 64, 64, 64
L -452.543, -4432.3657, 338.3833, -454.9295, -4425.752, 338.9361, 64, 64, 64
L -454.9295, -4425.752, 338.9361, -461.6, -4416.4291, 337.8888, 64, 64, 64
L -461.6, -4416.4291, 337.8888, -471.6492, -4408.287, 335.9148, 64, 64, 64
L -471.6492, -4408.287, 335.9148, -470.5206, -4400.7606, 339.2547, 64, 64, 64
L -470.5206, -4400.7606, 339.2547, -477.7624, -4398.2929, 337.468, 64, 64, 64
L -477.7624, -4398.2929, 337.468, -483.1428, -4397.2183, 334.9531, 64, 64, 64
L -483.1428, -4397.2183, 334.9531, -484.593, -4396.1089, 334.7262, 64, 64, 64
L -484.593, -4396.1089, 334.7262, -482.2277, -4386.21, 339.5278, 64, 64, 64
L -482.2277, -4386.21, 339.5278, -477.7826, -4373.8744, 346.18, 64, 64, 64
L -477.7826, -4373.8744, 346.18, -473.6917, -4372.25, 348.3611, 64, 64, 64
L -473.6917, -4372.25, 348.3611, -466.5941, -4368.1597, 353.1324, 64, 64, 64
L -466.5941, -4368.1597, 353.1324, -467.36, -4366.9813, 353.1918, 64, 64, 64
L -467.36, -4366.9813, 353.1918, -469.4343, -4361.9315, 353.9551, 64, 64, 64
L -469.4343, -4361.9315, 353.9551, -470.1236, -4357.101, 355.55, 64, 64, 64
L -470.1236, -4357.101, 355.55, -470.4159, -4352.6084, 358.3616, 64, 64, 64
L -470.4159, -4352.6084, 358.3616, -463.1786, -4343.5219, 364.7074, 64, 64, 64
L -411.1331, -4332.2885, 406.1349, -407.7382, -4334.6953, 406.1435, 127, 64, 0
L -410.4356, -4332.7831, 406.1435, -420.2298, -4336.4717, 398.6478, 64, 64, 64
L -420.2298, -4336.4717, 398.6478, -427.1566, -4345.787, 392.9694, 64, 64, 64
L -427.1566, -4345.787, 392.9694, -431.511, -4341.6138, 391.7336, 64, 64, 64
L -431.511, -4341.6138, 391.7336, -438.7971, -4338.1206, 384.2538, 64, 64, 64
L -438.7971, -4338.1206, 384.2538, -455.8944, -4340.7025, 367.1546, 64, 64, 64
L -455.8944, -4340.7025, 367.1546, -463.1786, -4343.5219, 365.7697, 64, 64, 64
L -411.1331, -4332.2885, 406.8283, -407.5099, -4326.1972, 409.2354, 127, 64, 0
L -407.5099, -4326.1972, 409.7529, -403.7191, -4328.891, 409.8238, 127, 64, 0
L -390.2558, -4305.251, 411.4014, -393.8967, -4302.5888, 410.4046, 127, 64, 0
L -393.8967, -4302.5888, 409.3849, -389.7801, -4296.8877, 408.7479, 127, 64, 0
L -389.7801, -4296.8877, 409.2672, -386.8419, -4299.5015, 410.5735, 127, 64, 0
L -371.3725, -4278.7299, 412.401, -375.2187, -4275.3135, 412.2946, 127, 64, 0
L -375.2187, -4275.3135, 412.1437, -371.1933, -4269.515, 412.2062, 127, 64, 0
L -371.1933, -4269.515, 412.3607, -367.3036, -4272.2397, 412.423, 127, 64, 0
L -352.4069, -4250.5459, 413.7364, -356.2624, -4247.8666, 413.7205, 127, 64, 0
L -356.2624, -4247.8666, 413.7031, -352.2015, -4242.6538, 413.7139, 127, 64, 0
L -352.2015, -4242.6538, 413.7291, -348.3611, -4244.7632, 413.7511, 127, 64, 0
L -332.4583, -4221.891, 414.3158, -336.2715, -4219.1777, 414.3802, 127, 64, 0
L -336.2715, -4219.1777, 414.5067, -332.3614, -4213.313, 415.25, 127, 64, 0
L -332.3614, -4213.313, 415.5577, -328.5957, -4215.9565, 415.7547, 127, 64, 0
L -405.612, -4327.5459, 415.7547, -312.9968, -4193.3549, 416.9585, 127, 64, 0
L -309.8471, -4195.5785, 416.9585, -314.6759, -4192.1693, 416.706, 127, 64, 0
L -314.6759, -4192.1693, 415.8274, -310.5597, -4186.5195, 415.1721, 127, 64, 0
L -304.4979, -4184.1543, 414.785, -456.6822, -4241.3798, 399.7266, 127, 64, 0
L -466.1052, -4246.8545, 399.7155, -455.9442, -4243.3158, 399.7196, 127, 64, 0
L -458.1623, -4251.1084, 399.6816, -457.3566, -4246.913, 399.6915, 127, 64, 0
L -465.374, -4251.1054, 399.6727, -458.1623, -4251.1084, 399.6757, 127, 64, 0
L -465.374, -4251.1054, 399.6732, -465.6612, -4246.8573, 399.6777, 127, 64, 0
L -465.497, -4249.2866, 399.6777, -628.4805, -4249.1513, 399.6668, 127, 64, 0
L -628.4941, -4251.1703, 399.8489, -635.5416, -4251.8882, 399.6942, 127, 64, 0
L -643.5058, -4255.6024, 399.5095, -615.8544, -4251.789, 399.7443, 127, 64, 0
L -615.2531, -4256.2768, 399.7443, -616.1838, -4250.6328, 399.7368, 127, 64, 0
L -609.9669, -4249.167, 399.7635, -608.2584, -4255.5219, 399.7753, 127, 64, 0
L -616.1838, -4250.6328, 400.3192, -609.557, -4249.167, 400.1489, 127, 64, 0
L -608.2584, -4255.5219, 399.7746, -615.2531, -4256.2768, 399.7302, 127, 64, 0
L -615.5298, -4254.9912, 399.7524, -776.9886, -4276.7969, 399.7884, 127, 64, 0
L -776.7599, -4278.3833, 399.7427, -783.5203, -4280.5586, 399.7894, 127, 64, 0
L -787.5809, -4272.4994, 399.7894, -783.5203, -4280.5586, 399.7894, 127, 64, 0
L -778.1698, -4269.6015, 399.7875, -776.7599, -4278.3833, 399.7894, 127, 64, 0
L -786.4178, -4274.8081, 399.7914, -928.22, -4318.6356, 381.3989, 127, 64, 0
L -929.3884, -4313.2152, 381.3989, -927.9745, -4319.7739, 381.4316, 127, 64, 0
L -927.9745, -4319.7739, 380.757, -934.812, -4321.2974, 377.4825, 127, 64, 0
L -929.3884, -4313.2152, 376.5778, -936.5267, -4315.6826, 373.2649, 127, 64, 0
L -936.5267, -4315.6826, 375.2735, -934.812, -4321.2974, 375.8281, 127, 64, 0
L -936.6698, -4315.328, 375.7404, -938.3246, -4311.2953, 372.2887, 64, 64, 64
L -938.3246, -4311.2953, 372.2887, -938.3514, -4306.4066, 372.4492, 64, 64, 64
L -938.3514, -4306.4066, 372.4492, -938.6607, -4295.2803, 370.9483, 64, 64, 64
L -938.6607, -4295.2803, 370.9483, -939.706, -4292.9453, 368.6927, 64, 64, 64
L -939.706, -4292.9453, 368.6927, -960.166, -4289.4809, 328.5128, 64, 64, 64
L -806.2249, -4278.1499, 399.7884, -807.5652, -4273.7515, 399.7894, 127, 64, 0
L -766.4343, -4266.9179, 399.7884, -928.9316, -4315.3334, 399.7894, 127, 64, 0
L -903.2749, -4307.5586, 394.999, -904.35, -4304.4198, 394.9399, 127, 64, 0
L -904.35, -4304.4198, 395.4522, -897.644, -4301.8222, 395.6798, 127, 64, 0
L -897.644, -4301.8222, 396.5099, -896.5217, -4305.5122, 396.2918, 127, 64, 0
L -871.5158, -4298.2274, 399.1014, -872.8327, -4293.9165, 399.2149, 127, 64, 0
L -872.8327, -4293.9165, 398.3729, -866.7839, -4291.8521, 398.3783, 127, 64, 0
L -866.7839, -4291.8521, 398.7753, -864.7993, -4296.6581, 399.7158, 127, 64, 0
L -367.2264, -4421.3056, 340.7216, -435.3826, -4489.7271, 335.353, 127, 64, 0
L -434.2013, -4490.5434, 335.285, -439.271, -4495.8198, 334.8586, 127, 64, 0
L -443.572, -4492.3311, 334.3808, -439.271, -4495.8198, 334.4863, 127, 64, 0
L -431.7828, -4632.6361, 332.8249, -431.7728, -4640.4994, 332.8208, 127, 64, 0
L -436.7764, -4640.5087, 332.8034, -436.7755, -4670.1464, 332.7932, 127, 127, 0
L -440.555, -4670.1049, 332.7932, -436.7755, -4670.1464, 332.7934, 127, 127, 0
L -437.298, -4670.1426, 332.7932, -436.6843, -4698.2754, 332.7932, 127, 127, 0
L -431.7817, -4698.3275, 332.7934, -431.774, -4705.8086, 332.7934, 127, 64, 0
L -443.1134, -4705.744, 332.795, -443.1517, -4868.7905, 331.8901, 127, 64, 0
L -441.1542, -4868.8521, 331.8822, -441.1813, -4875.8491, 331.6711, 127, 64, 0
L -362.9182, -5008.3882, 428.8154, -480.1784, -5076.5048, 436.603, 127, 64, 0
L -484.206, -5081.497, 440.3296, -479.2158, -5078.2007, 437.9433, 127, 64, 0
L -475.1836, -5080.8212, 435.497, -468.1329, -5080.9086, 435.1641, 127, 64, 0
L -468.1274, -5082.8325, 434.5199, -305.7699, -5083.77, 450.6884, 127, 64, 0
L -305.591, -5082.4584, 451.4488, -292.9082, -5082.6309, 451.8609, 127, 64, 0
L -298.4123, -5088.3549, 452.357, -298.3845, -5082.5532, 453.9395, 127, 64, 0
L -292.8942, -5083.75, 452.1168, -129.8428, -5083.7035, 449.855, 127, 64, 0
L -129.822, -5087.7744, 449.855, -129.8488, -5082.476, 450.7903, 127, 64, 0
L -129.8488, -5082.476, 451.1949, -124.6205, -5082.439, 450.9345, 127, 64, 0
L -124.6205, -5088.9809, 453.5488, -124.6205, -5081.7241, 450.7151, 127, 64, 0
L -117.5965, -5081.791, 451.3878, -124.6205, -5081.7241, 451.5457, 127, 64, 0
L -117.5621, -5083.6586, 449.4014, 45.4799, -5083.4237, 453.8421, 127, 64, 0
L 45.4784, -5081.9956, 449.9576, 52.8369, -5081.9102, 447.2216, 127, 64, 0
L 50.1499, -5085.8301, 445.2047, 56.5138, -5082.8032, 445.2982, 127, 64, 0
L 52.9301, -5084.4722, 446.5844, 52.8369, -5081.9102, 447.5975, 127, 64, 0
L 56.8155, -5083.3236, 444.9685, 198.8959, -5003.3477, 440.7287, 127, 64, 0
L 205.4181, -4998.3554, 441.197, 197.8348, -5001.8945, 441.1512, 127, 64, 0
L 204.5398, -4992.5, 440.9619, 201.4507, -4998.6566, 441.511, 127, 64, 0
L 208.86, -5003.2655, 441.4349, 205.4182, -4998.3549, 441.8421, 127, 64, 0
L 204.5398, -4992.5, 440.7701, 210.1125, -4994.5146, 440.5758, 127, 64, 0
L 203.2059, -4999.4741, 441.4707, 201.4507, -4998.6566, 441.7651, 127, 64, 0
L 205.5826, -4992.877, 440.5758, 261.2112, -4839.6244, 443.9841, 127, 64, 0
L 259.4922, -4839.4589, 446.11, 261.5778, -4832.1606, 447.5819, 127, 64, 0
L 267.6933, -4834.8921, 447.343, 261.5778, -4832.1606, 447.5566, 127, 64, 0
L 262.6655, -4832.644, 447.3453, 262.5926, -4828.395, 450.2547, 127, 64, 0
L 262.5926, -4828.395, 449.4404, 267.5396, -4828.4048, 449.62, 127, 64, 0
L 264.201, -4828.3975, 449.62, 263.841, -4665.3481, 452.8944, 127, 64, 0
L 262.35, -4665.3477, 456.8559, 262.374, -4658.2974, 456.9408, 127, 64, 0
L 261.8179, -4658.2983, 458.4449, 261.841, -4651.3891, 458.521, 127, 64, 0
L 267.1859, -4651.3734, 456.3405, 261.841, -4651.3891, 457.935, 127, 64, 0
L 262.56, -4651.3891, 456.6591, 262.8922, -4488.3407, 444.8057, 127, 64, 0
L 262.1603, -4488.3407, 439.396, 261.9657, -4482.6895, 439.1197, 127, 64, 0
L 264.9424, -4481.6869, 439.1197, 259.201, -4483.6201, 440.3023, 127, 64, 0
L 267.9979, -4488.3413, 436.5896, 262.1603, -4488.3407, 436.7884, 127, 64, 0
L 257.1576, -4477.1757, 444.115, 259.201, -4483.6201, 443.2556, 127, 64, 0
L 258.8688, -4476.2812, 442.5855, 203.1252, -4323.5951, 454.2128, 127, 64, 0
L 201.6913, -4320.9369, 456.6363, 199.6142, -4324.5312, 457.1204, 127, 64, 0
L 199.6142, -4324.5312, 458.7241, 193.6767, -4320.7133, 459.4624, 127, 64, 0
L 193.8777, -4320.3594, 460.7995, 52.8566, -4239.8627, 455.536, 127, 64, 0
L 52.6118, -4240.5352, 455.8541, 45.6792, -4237.519, 456.708, 127, 64, 0
L 45.6713, -4237.541, 456.3596, 39.1957, -4234.9048, 456.5717, 127, 64, 0
L 12.3519, -4228.167, 437.7989, -114.9621, -4181.5443, 438.2479, 127, 64, 0
L 12.8811, -4226.7138, 441.9467, 39.8241, -4233.9858, 456.3729, 127, 64, 0
L -122.5378, -4181.4364, 428.7968, -115.9013, -4184.1304, 431.1854, 127, 64, 0
L -120.7694, -4183.3315, 420.1956, -127.5956, -4183.3589, 419.3437, 127, 64, 0
L -120.8007, -4182.1415, 423.1403, -120.7694, -4183.3315, 425.831, 127, 64, 0
L -127.5969, -4181.9486, 409.8711, -290.6524, -4181.2183, 406.223, 127, 64, 0
L -297.6918, -4185.8657, 411.3521, -290.6591, -4185.9546, 411.3845, 127, 64, 0
L -297.8322, -4185.8666, 411.3555, -303.2259, -4186.9809, 412.2334, 127, 64, 0
L -310.5597, -4186.5195, 414.3245, -305.4383, -4190.6298, 414.4103, 127, 64, 0
L -305.4383, -4190.6298, 414.8322, -309.8471, -4195.5785, 416.411, 127, 64, 0
L -310.8915, -4194.8262, 417.5249, -407.7382, -4334.6953, 413.8575, 127, 64, 0
L -397.737, -4321.5811, 414.3441, -391.3378, -4323.6181, 414.8093, 127, 64, 0
L -393.8799, -4328.2597, 414.8217, -391.3378, -4323.6181, 414.8704, 127, 64, 0
L -384.1297, -4327.3275, 417.6426, -379.908, -4312.2583, 416.2631, 64, 64, 64
L -379.908, -4312.2583, 416.2631, -374.2538, -4311.7959, 416.3093, 64, 64, 64
L -374.2538, -4311.7959, 416.3093, -364.7613, -4302.1157, 414.4635, 64, 64, 64
L -364.7613, -4302.1157, 414.4635, -357.9279, -4297.2808, 413.5122, 64, 64, 64
L -357.9279, -4297.2808, 413.5122, -351.749, -4297.8306, 413.6071, 64, 64, 64
L -351.749, -4297.8306, 413.6071, -344.9601, -4302.1078, 413.5996, 64, 64, 64
L -344.9601, -4302.1078, 413.5996, -337.4193, -4306.3451, 413.807, 64, 64, 64
L -337.4193, -4306.3451, 413.807, -333.4465, -4301.8388, 413.9347, 64, 64, 64
L -333.4465, -4301.8388, 413.9347, -331.5357, -4301.3959, 414.5199, 64, 64, 64
L -331.5357, -4301.3959, 414.5199, -324.7119, -4304.1372, 414.2456, 64, 64, 64
L -324.7119, -4304.1372, 414.2456, -320.4302, -4313.8007, 414.9845, 64, 64, 64
L -320.4302, -4313.8007, 414.9845, -321.6066, -4319.4179, 415.2137, 64, 64, 64
L -321.6066, -4319.4179, 415.2137, -320.4211, -4320.5043, 415.502, 64, 64, 64
L -320.4211, -4320.5043, 415.502, -319.4071, -4327.6768, 417.42, 64, 64, 64
L -319.4071, -4327.6768, 417.42, -315.5217, -4332.6586, 419.761, 64, 64, 64
L -315.5217, -4332.6586, 419.761, -309.8695, -4336.2372, 420.555, 64, 64, 64
L -309.8695, -4336.2372, 420.555, -307.1503, -4336.4765, 420.8919, 64, 64, 64
L -307.1503, -4336.4765, 420.8919, -305.2309, -4338.5967, 421.6483, 64, 64, 64
L -305.2309, -4338.5967, 421.6483, -302.8274, -4340.7704, 422.5285, 64, 64, 64
L -302.8274, -4340.7704, 422.5285, -302.8919, -4344.4345, 423.4372, 64, 64, 64
L -302.8919, -4344.4345, 423.4372, -302.8987, -4348.4589, 423.8136, 64, 64, 64
L -302.8987, -4348.4589, 423.8136, -302.8253, -4356.1967, 424.2099, 64, 64, 64
L -391.66, -4324.5132, 423.7339, -238.848, -4379.287, 424.4023, 127, 64, 0
L -239.7021, -4383.9341, 424.4023, -237.7735, -4378.3931, 424.5953, 127, 64, 0
L -237.7735, -4378.3931, 424.9039, -231.1776, -4380.8208, 424.87, 127, 64, 0
L -231.1776, -4380.8208, 424.2543, -232.9857, -4386.39, 422.7364, 127, 64, 0
L -232.9857, -4386.39, 422.7112, -239.7021, -4383.9341, 422.7354, 127, 64, 0
L -239.2399, -4382.46, 422.5717, -399.5753, -4325.9453, 420.221, 127, 64, 0
L -264.9977, -4373.9359, 421.8829, -266.595, -4376.9224, 418.3509, 127, 64, 0
L -266.595, -4376.9224, 422.7006, -272.7189, -4374.5029, 422.6795, 127, 64, 0
L -272.7189, -4374.5029, 422.7721, -271.62, -4371.5029, 424.3208, 127, 64, 0
L -296.2024, -4362.9311, 425.6721, -297.3093, -4365.914, 425.5307, 127, 64, 0
L -297.3093, -4365.914, 424.9565, -303.8761, -4363.3461, 424.2065, 127, 64, 0
L -303.8761, -4363.3461, 424.1197, -302.6922, -4360.9512, 424.2334, 127, 64, 0
L -327.4155, -4351.3804, 420.1308, -328.5842, -4354.163, 420.2398, 127, 64, 0
L -328.5842, -4354.163, 422.7264, -335.1795, -4351.7611, 422.7232, 127, 64, 0
L -335.1795, -4351.7611, 418.4716, -334.1995, -4349.8441, 418.3727, 127, 64, 0
L -340.1492, -4347.64, 417.4535, -341.1485, -4351.2191, 417.8894, 64, 64, 64
L -341.1485, -4351.2191, 417.8894, -341.1288, -4358.1558, 418.463, 64, 64, 64
L -341.1288, -4358.1558, 418.898, -344.3704, -4361.5801, 419.319, 64, 64, 64
L -344.3704, -4361.5801, 419.319, -347.6988, -4362.3275, 418.6791, 64, 64, 64
L -347.6988, -4362.3275, 418.6791, -348.1317, -4367.8793, 419.1557, 64, 64, 64
L -348.1317, -4367.8793, 419.1557, -352.136, -4372.9945, 414.6116, 64, 64, 64
L -352.136, -4372.9945, 414.6116, -357.9578, -4372.5366, 414.2384, 64, 64, 64
L -357.9578, -4372.5366, 414.2384, -359.1537, -4372.247, 414.3229, 64, 64, 64
L -359.1537, -4372.247, 414.3229, -355.5658, -4385.1548, 404.2576, 64, 64, 64
L -355.5658, -4385.1548, 404.2576, -355.6288, -4395.414, 397.6639, 64, 64, 64
L -355.6288, -4395.414, 397.6639, -367.2264, -4421.3056, 349.4177, 64, 64, 64
L -399.5753, -4325.9453, 413.9277, -397.737, -4321.5811, 413.7468, 127, 64, 0
L -370.5846, -5009.228, 427.1012, -372.7921, -5005.4535, 426.8956, 127, 64, 0
L -372.7921, -5005.4535, 426.2438, -366.7004, -5001.8383, 426.3903, 127, 64, 0
L -366.7004, -5001.8383, 426.5427, -362.9182, -5008.3882, 426.7171, 127, 64, 0
L -364.6809, -5006.3969, 428.6157, -481.5219, -5074.1367, 428.4085, 127, 64, 0
L -392.4408, -5022.7798, 428.7409, -392.7434, -5017.3931, 427.555, 64, 64, 64
L -392.7434, -5017.3931, 427.555, -395.891, -5014.8643, 426.5559, 64, 64, 64
L -395.891, -5014.8643, 426.5559, -391.8426, -5015.252, 427.3813, 64, 64, 64
L -391.8426, -5015.252, 427.3813, -383.3824, -5009.8744, 428.5049, 64, 64, 64
L -383.3824, -5009.8744, 428.5049, -380.79, -5008.9961, 428.692, 64, 64, 64
L -380.79, -5008.9961, 428.692, -376.8199, -4997.6777, 425.6179, 64, 64, 64
L -376.8199, -4997.6777, 425.6179, -375.2463, -4991.9624, 425.5086, 64, 64, 64
L -375.2463, -4991.9624, 425.5086, -375.824, -4976.5321, 406.54, 64, 64, 64
L -375.824, -4976.5321, 406.54, -381.3004, -4972.5897, 399.1797, 64, 64, 64
L -381.3004, -4972.5897, 399.1797, -378.8288, -4963.645, 388.3072, 64, 64, 64
L -378.8288, -4963.645, 388.3072, -377.4098, -4965.5258, 391.3034, 64, 64, 64
L -377.4098, -4965.5258, 391.3034, -373.151, -4965.8065, 392.7083, 64, 64, 64
L -373.151, -4965.8065, 392.7083, -365.3215, -4966.1859, 395.9549, 64, 64, 64
L -365.3215, -4966.1859, 395.9549, -360.9524, -4956.9111, 392.1741, 64, 64, 64
L -929.9044, -4942.6089, 372.766, -820.9148, -5009.3188, 388.4436, 127, 64, 0
L -292.8935, -5087.3486, 450.4687, -129.823, -5087.5722, 445.2724, 127, 64, 0
L -124.62, -5087.7744, 444.9318, -129.822, -5087.7744, 444.9318, 127, 64, 0
L 58.8541, -5086.8369, 441.8783, 200.4959, -5006.7959, 439.9284, 127, 64, 0
L 207.64, -5001.5249, 439.3297, 264.2047, -4840.726, 441.355, 127, 64, 0
L -1680.279, -4100.145, 299.8376, -1655.192, -4094.1426, 299.8065, 0, 0, 0
L -1599.3873, -4070.4299, 299.9189, -1583.8487, -4066.6476, 299.8768, 0, 0, 0
L -1583.8487, -4066.6476, 299.8768, -1567.217, -4063.605, 299.9254, 0, 0, 0
L -1567.217, -4063.605, 299.9254, -1535.208, -4057.1116, 299.8145, 0, 0, 0
L -1535.208, -4057.1116, 299.8145, -1513.5897, -4055.3252, 299.7998, 0, 0, 0
L -1513.5897, -4055.3252, 299.7998, -1487.3587, -4055.4956, 299.8174, 0, 0, 0
L -1487.3587, -4055.4956, 299.8174, -1465.4229, -4057.7649, 299.8645, 0, 0, 0
L -1465.4229, -4057.7649, 299.8645, -1440.288, -4054.6237, 299.8523, 0, 0, 0
L -1440.288, -4054.6237, 299.8523, -1422.5341, -4049.4926, 299.8374, 0, 0, 0
L -1422.5341, -4049.4926, 299.8374, -1408.9085, -4049.527, 299.87, 0, 0, 0
L -1408.9085, -4049.527, 299.87, -1377.8987, -4046.4657, 299.8301, 0, 0, 0
L -1377.8987, -4046.4657, 299.8301, -1360.9149, -4048.7316, 299.7825, 0, 0, 0
L -1360.9149, -4048.7316, 299.7825, -1343.749, -4049.7399, 299.8179, 0, 0, 0
L -1343.749, -4049.7399, 299.8179, -1330.1084, -4045.2055, 299.7022, 0, 0, 0
L -1330.1084, -4045.2055, 299.7022, -1310.894, -4047.6563, 299.9735, 0, 0, 0
L -1310.894, -4047.6563, 299.9735, -1296.4465, -4048.3996, 300.3777, 0, 0, 0
L -1267.9301, -4047.5857, 299.9954, -1247.873, -4047.3904, 299.8906, 0, 0, 0
L -1247.873, -4047.3904, 299.8906, -1229.6555, -4050.1201, 299.9726, 0, 0, 0
L -1229.6555, -4050.1201, 299.9726, -1216.6521, -4049.3049, 299.9472, 0, 0, 0
L -1216.6521, -4049.3049, 299.9472, -1179.8115, -4051.3928, 299.8559, 0, 0, 0
L -1179.8115, -4051.3928, 299.8559, -1169.9601, -4049.9355, 299.7927, 0, 0, 0
L -1169.9601, -4049.9355, 299.7927, -1151.7559, -4049.1869, 299.8874, 0, 0, 0
L -1151.7559, -4049.1869, 299.8874, -1136.6278, -4046.5488, 299.8009, 0, 0, 0
L -1136.6278, -4046.5488, 299.8009, -1108.2255, -4037.2651, 299.9596, 0, 0, 0
L -1108.2255, -4037.2651, 299.9596, -1099.96, -4035.6525, 300.2959, 0, 0, 0
L -1099.96, -4035.6525, 300.2959, -1090.9393, -4031.3146, 299.7463, 0, 0, 0
L -1090.9393, -4031.3146, 299.7463, -1062.7162, -4024.922, 299.807, 0, 0, 0
L -1062.7162, -4024.922, 299.807, -1055.5542, -4021.7719, 299.7595, 0, 0, 0
L -1055.5542, -4021.7719, 299.7595, -1042.5226, -4019.6999, 299.7835, 0, 0, 0
L -1042.5226, -4019.6999, 299.7835, -1021.7563, -4017.3364, 299.8636, 0, 0, 0
L -1021.7563, -4017.3364, 299.8636, -1007.5398, -4012.6786, 299.6648, 0, 0, 0
L -1007.5398, -4012.6786, 299.6648, -997.1389, -4022.925, 299.8999, 0, 0, 0
L -997.1389, -4022.925, 299.8999, -963.2255, -4022.543, 300.163, 0, 0, 0
L -963.2255, -4022.543, 300.163, -947.3247, -4020.1635, 299.8557, 0, 0, 0
L -947.3247, -4020.1635, 299.8557, -875.6218, -4020.1853, 299.8978, 0, 0, 0
L -875.6218, -4020.1853, 299.8978, -848.7857, -4017.1658, 299.8566, 0, 0, 0
L -848.7857, -4017.1658, 299.8566, -815.499, -4025.3892, 299.8059, 0, 0, 0
L -815.499, -4025.3892, 299.8059, -767.5714, -4018.1457, 299.8706, 0, 0, 0
L -767.5714, -4018.1457, 299.8706, -719.2409, -4005.4389, 299.8629, 0, 0, 0
L -719.2409, -4005.4389, 299.8629, -704.777, -3999.5, 299.8571, 0, 0, 0
L -704.777, -3999.5, 299.8571, -682.4442, -3994.9944, 299.8009, 0, 0, 0
L -682.4442, -3994.9944, 299.8009, -671.5007, -3998.7588, 299.877, 0, 0, 0
L -671.5007, -3998.7588, 299.877, -663.6371, -3992.237, 299.7798, 0, 0, 0
L -663.6371, -3992.237, 299.7798, -634.8541, -3993.9214, 299.7418, 0, 0, 0
L -634.8541, -3993.9214, 299.7418, -624.538, -3998.8926, 299.8958, 0, 0, 0
L -624.538, -3998.8926, 299.8958, -607.2486, -4000.1891, 299.8946, 0, 0, 0
L -607.2486, -4000.1891, 299.8946, -526.4206, -4011.3303, 299.918, 0, 0, 0
L -526.4206, -4011.3303, 299.7832, -503.673, -4008.7676, 299.8663, 0, 0, 0
L -503.673, -4008.7676, 299.8663, -483.5928, -3984.2354, 299.9472, 0, 0, 0
L -483.5928, -3984.2354, 299.9472, -479.5867, -3982.7687, 299.9601, 0, 0, 0
L -479.5867, -3982.7687, 299.9601, -455.942, -3971.4836, 299.9042, 0, 0, 0
L -455.942, -3971.4836, 299.9042, -451.206, -3964.331, 299.7803, 0, 0, 0
L -451.206, -3964.331, 299.7803, -432.1218, -3956.4821, 299.9664, 0, 0, 0
L -432.1218, -3956.4821, 299.9664, -420.7862, -3947.4517, 299.9336, 0, 0, 0
L -420.7862, -3947.4517, 299.9336, -386.5459, -3933.8589, 299.9377, 0, 0, 0
L -386.5459, -3933.8589, 299.9377, -344.8867, -3926.4133, 299.7549, 0, 0, 0
L -344.8867, -3926.4133, 299.7549, -335.1229, -3921.1525, 299.8634, 0, 0, 0
L -335.1229, -3921.1525, 299.8634, -314.6351, -3916.1799, 299.9293, 0, 0, 0
L -314.6351, -3916.1799, 299.9293, -308.8394, -3915.4077, 299.9848, 0, 0, 0
L -308.8394, -3915.4077, 299.9848, -286.9033, -3916.6518, 299.9164, 0, 0, 0
L -286.9033, -3916.6518, 299.9164, -264.3947, -3911.3179, 299.9712, 0, 0, 0
L -264.3947, -3911.3179, 299.9712, -239.5266, -3913.8479, 299.886, 0, 0, 0
L -239.5266, -3913.8479, 299.886, -223.5585, -3920.2604, 299.9433, 0, 0, 0
L -223.5585, -3920.2604, 299.9433, -205.3266, -3921.5144, 299.7389, 0, 0, 0
L -205.3266, -3921.5144, 299.7389, -191.7607, -3926.5612, 299.8491, 0, 0, 0
L -191.7607, -3926.5612, 299.8491, -183.4507, -3927.9971, 299.8143, 0, 0, 0
L -183.4507, -3927.9971, 299.8143, -138.5036, -3934.3616, 299.9748, 0, 0, 0
L -138.5036, -3934.3616, 299.9748, -114.3306, -3935.3391, 299.673, 0, 0, 0
L -114.3306, -3935.3391, 299.673, -99.9726, -3940.6527, 299.9107, 0, 0, 0
L -99.9726, -3940.6527, 299.9107, -91.6126, -3940.7636, 299.9134, 0, 0, 0
L -91.6126, -3940.7636, 299.9134, -47.8783, -3936.4722, 299.9528, 0, 0, 0
L -47.8783, -3936.4722, 299.9528, -10.785, -3924.8843, 299.9325, 0, 0, 0
L -10.785, -3924.8843, 299.9325, 1.2115, -3916.3616, 299.9503, 0, 0, 0
L 1.2115, -3916.3616, 299.9503, 9.8697, -3912.2211, 299.906, 0, 0, 0
L 9.8697, -3912.2211, 299.906, 67.6556, -3897.4394, 299.9189, 0, 0, 0
L 67.6556, -3897.4394, 299.9189, 93.5511, -3889.6581, 299.6616, 0, 0, 0
L 93.5511, -3889.6581, 299.6616, 98.9419, -3889.7804, 299.7914, 0, 0, 0
L 98.9419, -3889.7804, 299.7914, 141.2315, -3891.5668, 299.8706, 0, 0, 0
L 141.2315, -3891.5668, 299.8706, 149.3829, -3893.7829, 299.9096, 0, 0, 0
L 149.3829, -3893.7829, 299.9096, 205.5834, -3907.3339, 300.661, 0, 0, 0
L 205.5834, -3907.3339, 299.8471, 240.2863, -3911.6923, 299.7318, 0, 0, 0
L 240.2863, -3911.6923, 299.7318, 256.9313, -3920.26, 299.8322, 0, 0, 0
L 256.9313, -3920.26, 299.8322, 280.3423, -3927.4436, 299.7794, 0, 0, 0
L 280.3423, -3927.4436, 299.7794, 298.9947, -3936.5344, 299.8627, 0, 0, 0
L 298.9947, -3936.5344, 299.8627, 337.309, -3964.8611, 299.8136, 0, 0, 0
L 337.309, -3964.8611, 299.8136, 346.6738, -3974.737, 299.8754, 0, 0, 0
L 346.6738, -3974.737, 299.8754, 363.966, -4013.82, 299.9293, 0, 0, 0
L 363.966, -4013.82, 299.9293, 383.6437, -4052.4854, 299.8387, 0, 0, 0
L 383.6437, -4052.4854, 299.8387, 396.5788, -4080.5, 299.8724, 0, 0, 0
L 396.5788, -4080.5, 299.8724, 411.9098, -4099.4341, 300.108, 0, 0, 0
L 411.9098, -4099.4341, 300.108, 461.663, -4127.8364, 299.7916, 0, 0, 0
L 461.663, -4127.8364, 299.7916, 479.773, -4133.96, 300.548, 0, 0, 0
L 479.773, -4133.96, 300.548, 512.6683, -4152.7943, 300.1161, 0, 0, 0
L 512.6683, -4152.7943, 300.1161, 527.7993, -4157.497, 299.75, 0, 0, 0
L 527.7993, -4157.497, 299.75, 551.6195, -4171.3173, 299.8507, 0, 0, 0
L 551.6195, -4171.3173, 299.8507, 554.4746, -4175.8135, 300.396, 0, 0, 0
L 554.4746, -4175.8135, 300.396, 560.1393, -4191.4882, 300.4612, 0, 0, 0
L 560.1393, -4191.4882, 300.4612, 575.4624, -4195.3643, 300.1714, 0, 0, 0
L 575.4624, -4195.3643, 300.1714, 578.1607, -4200.4951, 300.6071, 0, 0, 0
L 578.1607, -4200.4951, 300.6071, 579.706, -4224.1157, 300.7291, 0, 0, 0
L 579.706, -4224.1157, 300.7291, 582.2364, -4230.8051, 300.6879, 0, 0, 0
L 582.2364, -4230.8051, 300.6879, 592.2753, -4249.5673, 298.5708, 0, 0, 0
L 592.2753, -4249.5673, 298.5708, 588.9442, -4258.2681, 300.625, 0, 0, 0
L 588.9442, -4258.2681, 300.625, 599.5406, -4270.8739, 300.2511, 0, 0, 0
L 599.5406, -4270.8739, 300.2511, 604.5452, -4292.502, 300.3315, 0, 0, 0
L 604.5452, -4292.502, 300.3315, 609.1191, -4296.8467, 299.6936, 0, 0, 0
L 609.1191, -4296.8467, 299.6936, 616.7563, -4328.7313, 299.5858, 0, 0, 0
L 616.7563, -4328.7313, 299.5858, 619.3129, -4372.3695, 300.3722, 0, 0, 0
L 619.3129, -4372.3695, 300.3722, 624.8401, -4379.9116, 299.4551, 0, 0, 0
L 624.8401, -4379.9116, 299.4551, 628.6227, -4393.8559, 299.7649, 0, 0, 0
L 628.6227, -4393.8559, 299.7649, 630.7115, -4552.5316, 300.4189, 0, 0, 0
L 630.7115, -4552.5316, 300.4189, 632.748, -4567.4179, 298.7291, 0, 0, 0
L 632.748, -4567.4179, 298.7291, 626.1499, -4605.3481, 300.1052, 0, 0, 0
L 626.1499, -4605.3481, 300.1052, 626.4891, -4611.8109, 300.1019, 0, 0, 0
L 626.4891, -4611.8109, 300.1019, 631.8948, -4632.4048, 299.3888, 0, 0, 0
L 631.8948, -4632.4048, 299.3888, 634.5696, -4680.914, 300.4309, 0, 0, 0
L 634.5696, -4680.914, 300.4309, 639.5339, -4703.604, 299.6302, 0, 0, 0
L 639.5339, -4703.604, 299.6302, 638.4257, -4752.7704, 300.9162, 0, 0, 0
L 638.4257, -4752.7704, 300.9162, 634.8283, -4776.7206, 299.9168, 0, 0, 0
L 634.8283, -4776.7206, 299.9168, 627.9551, -4795.351, 300.3962, 0, 0, 0
L 627.9551, -4795.351, 300.3962, 626.9184, -4801.2388, 300.8389, 0, 0, 0
L 626.9184, -4801.2388, 300.8389, 615.985, -4824.7079, 299.6854, 0, 0, 0
L 615.985, -4824.7079, 299.6854, 607.9161, -4847.4219, 299.9279, 0, 0, 0
L 607.9161, -4847.4219, 299.9279, 595.9034, -4868.5879, 300.3084, 0, 0, 0
L 595.9034, -4868.5879, 300.3084, 596.5208, -4871.6171, 300.4254, 0, 0, 0
L 596.5208, -4871.6171, 300.4254, 574.999, -4892.4277, 300.5849, 0, 0, 0
L 574.999, -4892.4277, 300.5849, 573.7448, -4892.3856, 300.9273, 0, 0, 0
L 573.7448, -4892.3856, 299.6442, 572.465, -4900.8472, 299.1942, 0, 0, 0
L 572.465, -4900.8472, 299.1942, 561.3288, -4929.9336, 299.9042, 0, 0, 0
L 561.3288, -4929.9336, 299.9042, 551.8251, -4931.8441, 300.4879, 0, 0, 0
L 551.8251, -4931.8441, 300.4879, 541.1526, -4944.6635, 301.495, 0, 0, 0
L 541.1526, -4944.6635, 301.495, 539.557, -4955.1616, 300.3179, 0, 0, 0
L 539.557, -4955.1616, 300.3179, 528.821, -4956.2578, 300.119, 0, 0, 0
L 528.821, -4956.2578, 300.119, 507.9422, -4962.8568, 299.6544, 0, 0, 0
L 507.9422, -4962.8568, 299.6544, 499.3285, -4962.6899, 300.8527, 0, 0, 0
L 499.3285, -4962.6899, 300.8527, 498.4581, -4968.2896, 299.4039, 0, 0, 0
L 498.4581, -4968.2896, 299.4039, 480.1788, -4999.35, 299.8845, 0, 0, 0
L 480.1788, -4999.35, 299.8845, 471.6822, -5016.869, 299.8971, 0, 0, 0
L 471.6822, -5016.869, 299.8971, 470.774, -5031.2163, 299.735, 0, 0, 0
L 470.774, -5031.2163, 299.735, 466.3999, -5040.2978, 300.8079, 0, 0, 0
L 466.3999, -5040.2978, 300.8079, 464.9064, -5055.6972, 300.2123, 0, 0, 0
L 464.9064, -5055.6972, 300.2123, 465.651, -5066.2201, 299.8303, 0, 0, 0
L 465.651, -5066.2201, 299.8303, 464.5468, -5073.1391, 300.1277, 0, 0, 0
L 464.5468, -5073.1391, 300.1277, 455.9221, -5083.7271, 299.9889, 0, 0, 0
L 455.9221, -5083.7271, 299.9889, 447.4615, -5103.2138, 299.4576, 0, 0, 0
L 447.4615, -5103.2138, 299.4576, 437.3278, -5111.9701, 300.2667, 0, 0, 0
L 437.3278, -5111.9701, 300.2667, 424.399, -5141.2328, 299.3018, 0, 0, 0
L 424.399, -5141.2328, 299.3018, 419.4087, -5197.1625, 299.8405, 0, 0, 0
L 419.4087, -5197.1625, 299.8405, 416.5889, -5214.3945, 301.382, 0, 0, 0
L 416.5889, -5214.3945, 301.382, 418.1019, -5233.7367, 299.6988, 0, 0, 0
L 418.1019, -5233.7367, 299.6988, 417.545, -5246.3193, 299.9356, 0, 0, 0
L 417.545, -5246.3193, 299.9356, 413.8765, -5261.8046, 299.8013, 0, 0, 0
L 413.8765, -5261.8046, 299.8013, 413.7807, -5280.3891, 299.6514, 0, 0, 0
L 413.7807, -5280.3891, 299.6514, 407.4227, -5287.978, 299.7687, 0, 0, 0
L 407.4227, -5287.978, 299.7687, 391.5867, -5287.56, 299.8235, 0, 0, 0
L 391.5867, -5287.56, 299.8235, 391.6557, -5320.5937, 299.8041, 0, 0, 0
L 391.6557, -5320.5937, 299.8041, 387.7887, -5331.4336, 299.9334, 0, 0, 0
L 387.7887, -5331.4336, 299.9334, 383.9712, -5333.5775, 299.8389, 0, 0, 0
L 383.9712, -5333.5775, 299.8389, 337.5971, -5379.1464, 299.8953, 0, 0, 0
L 337.5971, -5379.1464, 300.91, 330.2518, -5381.3559, 300.1329, 0, 0, 0
L 330.2518, -5381.3559, 300.1329, 293.1829, -5380.8837, 300.536, 0, 0, 0
L 293.1829, -5380.8837, 300.536, 293.9119, -5399.8168, 299.7513, 0, 0, 0
L 293.9119, -5399.8168, 299.7513, 287.9211, -5402.8945, 300.5061, 0, 0, 0
L 287.9211, -5402.8945, 300.5061, 266.4873, -5402.747, 300.1363, 0, 0, 0
L 266.4873, -5402.747, 300.1363, 258.6634, -5405.4071, 299.586, 0, 0, 0
L 258.6634, -5405.4071, 299.586, 220.389, -5405.537, 300.425, 0, 0, 0
L 220.389, -5405.537, 300.425, 216.5454, -5409.5625, 299.5806, 0, 0, 0
L 216.5454, -5409.5625, 299.5806, 195.1019, -5421.5586, 299.6693, 0, 0, 0
L 195.1019, -5421.5586, 299.6693, 186.9208, -5423.8867, 299.8552, 0, 0, 0
L 186.9208, -5423.8867, 299.8552, 138.2247, -5430.2489, 299.1888, 0, 0, 0
L 138.2247, -5430.2489, 299.1888, 102.5918, -5430.914, 299.8177, 0, 0, 0
L 102.5918, -5430.914, 299.8177, 94.8144, -5432.5619, 299.521, 0, 0, 0
L 94.8144, -5432.5619, 299.521, 88.2372, -5431.9301, 299.9053, 0, 0, 0
L 88.2372, -5431.9301, 299.9053, 71.8883, -5428.3671, 300.704, 0, 0, 0
L 71.8883, -5428.3671, 300.704, 48.3573, -5429.4149, 299.6365, 0, 0, 0
L 48.3573, -5429.4149, 299.6365, 42.63, -5429.9272, 299.7647, 0, 0, 0
L 42.63, -5429.9272, 299.7647, 3.4508, -5430.3599, 299.9424, 0, 0, 0
L 3.4508, -5430.3599, 299.9424, -64.9933, -5441.5268, 299.732, 0, 0, 0
L -64.9933, -5441.5268, 299.732, -72.1534, -5441.3505, 299.9214, 0, 0, 0
L -72.1534, -5441.3505, 299.9214, -80.7133, -5439.3163, 299.9735, 0, 0, 0
L -80.7133, -5439.3163, 299.9735, -96.8923, -5440.2734, 299.7592, 0, 0, 0
L -96.8923, -5440.2734, 299.7592, -111.3566, -5438.9102, 299.9995, 0, 0, 0
L -111.3566, -5438.9102, 299.9995, -120.9608, -5440.9502, 299.7995, 0, 0, 0
L -120.9608, -5440.9502, 299.7995, -144.936, -5438.1021, 299.8394, 0, 0, 0
L -144.936, -5438.1021, 299.8394, -156.9334, -5435.5951, 300.1582, 0, 0, 0
L -156.9334, -5435.5951, 300.1582, -245.1767, -5426.5907, 299.8774, 0, 0, 0
L -245.1767, -5426.5907, 299.8774, -281.9266, -5423.979, 299.858, 0, 0, 0
L -281.9266, -5423.979, 299.858, -288.317, -5422.5565, 299.9347, 0, 0, 0
L -288.317, -5422.5565, 299.9347, -338.3009, -5421.8599, 299.8874, 0, 0, 0
L -338.3009, -5421.8599, 299.8874, -390.3697, -5416.6934, 299.9615, 0, 0, 0
L -390.3697, -5416.6934, 299.9615, -441.3657, -5415.3018, 299.8054, 0, 0, 0
L -441.3657, -5415.3018, 299.8054, -542.9221, -5399.3179, 299.9175, 0, 0, 0
L -542.9221, -5399.3179, 299.9175, -554.8251, -5395.417, 300.1075, 0, 0, 0
L -554.8251, -5395.417, 300.1075, -576.5194, -5389.8114, 299.7934, 0, 0, 0
L -576.5194, -5389.8114, 299.7934, -642.1575, -5376.3407, 299.8312, 0, 0, 0
L -642.1575, -5376.3407, 299.8312, -665.7898, -5369.9872, 299.9884, 0, 0, 0
L -665.7898, -5369.9872, 299.9884, -671.6452, -5365.8413, 299.9859, 0, 0, 0
L -671.6452, -5365.8413, 299.9859, -767.7884, -5360.3599, 299.9447, 0, 0, 0
L -767.7884, -5360.3599, 299.9447, -783.292, -5361.328, 299.8616, 0, 0, 0
L -783.292, -5361.328, 299.8616, -816.3079, -5356.8954, 299.858, 0, 0, 0
L -816.3079, -5356.8954, 299.858, -833.2626, -5359.1157, 299.8718, 0, 0, 0
L -833.2626, -5359.1157, 299.8718, -845.1965, -5357.85, 299.9628, 0, 0, 0
L -845.1965, -5357.85, 299.9628, -865.5022, -5357.5443, 299.8768, 0, 0, 0
L -865.5022, -5357.5443, 299.8768, -884.95, -5355.6396, 299.92, 0, 0, 0
L -884.95, -5355.6396, 299.92, -891.1417, -5353.8887, 300.2459, 0, 0, 0
L -891.1417, -5353.8887, 300.2459, -912.6788, -5351.876, 299.9279, 0, 0, 0
L -912.6788, -5351.876, 299.9279, -927.7327, -5343.8125, 299.8337, 0, 0, 0
L -927.7327, -5343.8125, 299.8337, -985.6112, -5327.8828, 299.8367, 0, 0, 0
L -985.6112, -5327.8828, 299.8367, -1001.4995, -5320.5268, 299.9547, 0, 0, 0
L -1001.4995, -5320.5268, 299.9547, -1008.8795, -5320.1908, 299.761, 0, 0, 0
L -1008.8795, -5320.1908, 299.761, -1046.5352, -5304.5556, 299.8061, 0, 0, 0
L -1046.5352, -5304.5556, 299.8061, -1068.9481, -5292.7856, 299.8643, 0, 0, 0
L -1068.9481, -5292.7856, 299.8643, -1105.6981, -5280.2686, 299.7443, 0, 0, 0
L -1105.6981, -5280.2686, 299.7443, -1136.2145, -5263.9638, 299.927, 0, 0, 0
L -1136.2145, -5263.9638, 299.927, -1152.2405, -5260.7119, 299.7379, 0, 0, 0
L -1152.2405, -5260.7119, 299.7379, -1158.2931, -5256.3262, 299.8514, 0, 0, 0
L -1158.2931, -5256.3262, 299.8514, -1166.3275, -5246.875, 299.9046, 0, 0, 0
L -1166.3275, -5246.875, 299.9046, -1196.1748, -5236.2109, 299.8688, 0, 0, 0
L -1196.1748, -5236.2109, 299.8688, -1205.4436, -5231.2583, 299.8768, 0, 0, 0
L -1205.4436, -5231.2583, 299.8768, -1247.67, -5202.1094, 299.9963, 0, 0, 0
L -1247.67, -5202.1094, 299.9963, -1296.105, -5183.747, 299.9393, 0, 0, 0
L -1296.105, -5183.747, 299.9393, -1375.2337, -5136.2831, 299.8922, 0, 0, 0
L -1375.2337, -5136.2831, 299.8922, -1383.5036, -5126.203, 299.9913, 0, 0, 0
L -1383.5036, -5126.203, 299.9913, -1392.4773, -5119.6054, 299.8792, 0, 0, 0
L -1392.4773, -5119.6054, 299.8792, -1425.5, -5102.8076, 299.8546, 0, 0, 0
L -1425.5, -5102.8076, 299.8546, -1440.9518, -5092.9867, 299.8872, 0, 0, 0
L -1440.9518, -5092.9867, 299.8872, -1503.7817, -5054.8208, 299.8528, 0, 0, 0
L -1503.7817, -5054.8208, 299.8528, -1535.9056, -5037.9673, 299.8149, 0, 0, 0
L -1535.9056, -5037.9673, 299.8149, -1560.2949, -5015.5092, 299.8299, 0, 0, 0
L -1560.2949, -5015.5092, 299.8299, -1629.5445, -4940.4717, 299.6068, 0, 0, 0
L -1629.5445, -4940.4717, 299.6068, -1679.835, -4894.8208, 299.7418, 0, 0, 0
L -1679.835, -4894.8208, 299.7418, -1700.2155, -4871.869, 299.9331, 0, 0, 0
L -1700.2155, -4871.869, 299.9331, -1700.1139, -4869.1611, 300.6, 0, 0, 0
L -1700.1139, -4869.1611, 300.6, -1713.894, -4847.412, 299.805, 0, 0, 0
L -1713.894, -4847.412, 299.805, -1732.5569, -4800.6181, 299.7977, 0, 0, 0
L -1732.5569, -4800.6181, 299.7977, -1736.825, -4781.4657, 299.81, 0, 0, 0
L -1736.825, -4781.4657, 299.81, -1743.8043, -4718.957, 299.9146, 0, 0, 0
L -1743.8043, -4718.957, 299.9146, -1748.4121, -4703.2725, 299.812, 0, 0, 0
L -1748.4121, -4703.2725, 299.812, -1756.749, -4607.4263, 299.9055, 0, 0, 0
L -1756.749, -4607.4263, 299.9055, -1763.2744, -4559.3594, 299.8158, 0, 0, 0
L -1763.2744, -4559.3594, 299.8158, -1767.3875, -4551.3921, 299.8374, 0, 0, 0
L -1767.3875, -4551.3921, 299.8374, -1782.1657, -4452.96, 299.8666, 0, 0, 0
L -1782.1657, -4452.96, 299.8666, -1788.929, -4415.8622, 300.3999, 0, 0, 0
L -1788.929, -4415.8622, 300.3999, -1800.6672, -4393.3032, 299.9587, 0, 0, 0
L -1800.6672, -4393.3032, 299.9587, -1801.3098, -4389.5497, 299.9743, 0, 0, 0
L -1801.3098, -4389.5497, 299.9743, -1800.4181, -4367.3339, 299.9107, 0, 0, 0
L -1800.4181, -4367.3339, 299.9107, -1811.6862, -4319.2627, 299.8324, 0, 0, 0
L -1811.6862, -4319.2627, 299.8324, -1810.73, -4305.8599, 299.8376, 0, 0, 0
L -1810.73, -4305.8599, 299.8376, -1802.673, -4250.9668, 299.9343, 0, 0, 0
L -1802.673, -4250.9668, 299.9343, -1790.4338, -4223.6904, 300.22, 0, 0, 0
L -1790.4338, -4223.6904, 300.22, -1777.3575, -4177.412, 299.8976, 0, 0, 0
L -1777.3575, -4177.412, 299.8976, -1775.4781, -4174.869, 299.9576, 0, 0, 0
L -1775.4781, -4174.869, 299.9576, -1752.5686, -4151.3203, 300.276, 0, 0, 0
L -1752.5686, -4151.3203, 300.276, -1751.708, -4147.5424, 299.8654, 0, 0, 0
L -1751.708, -4147.5424, 299.8654, -1729.5218, -4125.288, 299.4329, 0, 0, 0
L -1729.5218, -4125.288, 299.4329, -1712.8242, -4115.8994, 299.7866, 0, 0, 0
L -1712.8242, -4115.8994, 299.7866, -1680.279, -4100.145, 299.8605, 0, 0, 0
L -1655.192, -4094.1426, 299.915, -1622.4736, -4080.5913, 299.9755, 0, 0, 0
L -1622.4736, -4080.5913, 299.9755, -1599.3873, -4070.4299, 299.8383, 0, 0, 0
L -1296.4963, -4120.3739, 305.5661, -1296.4072, -3991.3894, 305.5432, 127, 64, 0
L -1267.7193, -4119.1024, 306.386, -1267.5062, -3991.4272, 306.4549, 127, 64, 0
L -1267.5062, -3991.4272, 326.6721, -1296.4072, -3991.3894, 326.5362, 127, 64, 0
L -1071.4834, -4567.7416, 306.6374, -1086.7742, -4567.7397, 306.3528, 127, 64, 0
L -1086.7742, -4567.7397, 306.2635, -1086.8267, -4560.1869, 306.449, 127, 64, 0
L -1086.8267, -4560.1869, 306.6157, -1071.4879, -4560.829, 306.6671, 127, 64, 0
L -1085.1576, -4560.1757, 306.6671, -1084.7001, -4397.1333, 308.1811, 127, 64, 0
L -1085.8149, -4533.625, 308.1811, -1089.4166, -4533.645, 307.9843, 127, 64, 0
L -1089.4166, -4533.645, 307.9048, -1089.4589, -4526.5897, 308.4839, 127, 64, 0
L -1089.4589, -4526.5897, 308.3265, -1085.6168, -4526.6801, 308.6458, 127, 64, 0
L -1084.9882, -4499.9624, 310.1444, -1089.6637, -4499.9717, 309.8229, 127, 64, 0
L -1089.6637, -4499.9717, 309.7257, -1089.6674, -4492.89, 309.74, 127, 64, 0
L -1089.6674, -4492.89, 309.8224, -1084.9689, -4492.9027, 310.3978, 127, 64, 0
L -1084.8949, -4466.5859, 311.7567, -1089.8216, -4466.5883, 311.2049, 127, 64, 0
L -1089.8216, -4466.5883, 310.7903, -1089.749, -4459.5288, 310.4422, 127, 64, 0
L -1089.749, -4459.5288, 310.4988, -1084.875, -4459.5316, 311.1956, 127, 64, 0
L -1084.7971, -4431.6532, 307.8713, -1089.3846, -4431.6522, 307.7196, 127, 64, 0
L -1089.3846, -4431.6522, 307.3557, -1089.3076, -4424.5951, 307.2167, 127, 64, 0
L -1089.3076, -4424.5951, 307.1109, -1084.7771, -4424.5961, 307.2477, 127, 64, 0
L -1086.73, -4397.1333, 305.8577, -1086.7346, -4390.7119, 305.8396, 127, 64, 0
L -1086.7346, -4390.7119, 305.35, -1080.9719, -4390.7749, 304.9769, 127, 64, 0
L -1080.9719, -4390.7749, 304.9329, -1080.9282, -4397.1333, 305.507, 127, 64, 0
L -1080.9282, -4397.1333, 305.2047, -1086.73, -4397.1333, 305.16, 127, 64, 0
L -1082.8755, -4397.1333, 305.16, -1082.3478, -4560.1566, 306.8387, 127, 64, 0
L -1082.8059, -4418.6522, 306.8387, -1078.1003, -4413.9521, 306.7056, 127, 64, 0
L -1078.1003, -4413.9521, 306.7803, -1075.24, -4416.7627, 306.8428, 127, 64, 0
L -1057.73, -4395.9828, 306.615, -1060.5815, -4393.1103, 306.3287, 127, 64, 0
L -1060.5815, -4393.1103, 306.1951, -1055.6077, -4388.1035, 306.2588, 127, 64, 0
L -1055.6077, -4388.1035, 306.3673, -1052.7265, -4390.976, 307.978, 127, 64, 0
L -1034.3251, -4372.5609, 307.7864, -1037.249, -4369.6347, 307.4904, 127, 64, 0
L -1037.249, -4369.6347, 306.9139, -1032.2606, -4364.6352, 306.9205, 127, 64, 0
L -1032.2606, -4364.6352, 307.201, -1029.3376, -4367.5703, 307.7302, 127, 64, 0
L -1010.7364, -4348.9561, 309.4938, -1013.7133, -4345.9643, 309.1569, 127, 64, 0
L -1013.7133, -4345.9643, 308.6446, -1009.1938, -4340.6513, 309.7708, 127, 64, 0
L -1009.1938, -4340.6513, 310.2103, -1005.7454, -4343.9614, 309.7635, 127, 64, 0
L -986.392, -4324.2407, 323.8181, -990.6752, -4319.6045, 324.3684, 127, 64, 0
L -990.6752, -4319.6045, 324.7681, -985.9356, -4314.3578, 324.9633, 127, 64, 0
L -985.9356, -4314.3578, 325.701, -981.5398, -4319.2515, 325.6856, 127, 64, 0
L -959.2658, -4302.1958, 325.9062, -966.9298, -4295.4535, 325.7558, 127, 64, 0
L -966.9298, -4295.4535, 328.7411, -960.3953, -4291.8882, 328.2579, 127, 64, 0
L -956.5878, -4294.895, 330.4911, -960.2481, -4301.2138, 328.4943, 127, 64, 0
L -1082.7878, -4424.2187, 307.6109, -959.2658, -4302.1958, 311.4531, 127, 64, 0
L -960.3953, -4291.8882, 327.6347, -956.5878, -4294.895, 329.2198, 127, 64, 0
L -1076.8876, -4415.1548, 306.8442, -961.639, -4299.8227, 306.6154, 127, 64, 0
L -807.5652, -4273.7515, 399.7887, -800.8132, -4271.6908, 399.7894, 127, 64, 0
L -800.8132, -4271.6908, 399.7894, -799.5996, -4275.6806, 399.7894, 127, 64, 0
L -773.2187, -4268.6, 399.744, -773.8295, -4266.4799, 399.7352, 127, 64, 0
L -773.8295, -4266.4799, 399.6453, -767.801, -4263.9652, 399.5083, 127, 64, 0
L -767.801, -4263.9652, 399.5622, -766.1915, -4266.891, 399.6154, 127, 64, 0
L -766.398, -4266.9633, 399.619, -750.9329, -4267.3397, 399.3625, 127, 64, 0
L -750.7436, -4268.6938, 399.3625, -751.9298, -4266.7934, 399.3618, 127, 64, 0
L -751.9298, -4266.7934, 400.2841, -744.307, -4265.8037, 400.2581, 127, 64, 0
L -744.307, -4265.8037, 399.1884, -743.7241, -4267.814, 399.187, 127, 64, 0
L -717.8908, -4264.6054, 398.2751, -718.2304, -4262.1923, 398.704, 127, 64, 0
L -718.2304, -4262.1923, 400.2896, -711.245, -4261.1777, 400.1564, 127, 64, 0
L -711.245, -4261.1777, 398.5135, -710.8953, -4263.6953, 398.5966, 127, 64, 0
L -777.6634, -4272.7119, 398.5966, -643.96, -4255.189, 399.461, 127, 64, 0
L -684.7957, -4260.4209, 399.461, -685.1793, -4257.5492, 398.8111, 127, 64, 0
L -685.1793, -4257.5492, 400.3215, -678.1951, -4256.5483, 400.2581, 127, 64, 0
L -678.1951, -4256.5483, 398.7903, -677.764, -4259.5946, 398.8476, 127, 64, 0
L -677.764, -4259.5946, 398.8476, -650.5389, -4253.9912, 399.4399, 127, 64, 0
L -650.5307, -4253.7421, 399.4411, -635.5421, -4248.5443, 399.6815, 127, 64, 0
L -635.5416, -4251.8882, 399.6815, -635.5428, -4245.2885, 399.6711, 127, 64, 0
L -635.5428, -4245.2885, 400.1329, -628.4846, -4245.2826, 400.1877, 127, 64, 0
L -628.4846, -4245.2826, 399.6838, -628.4941, -4251.1703, 399.687, 127, 64, 0
L -601.3866, -4246.207, 399.7773, -601.3663, -4242.8861, 399.7687, 127, 64, 0
L -601.3663, -4242.8861, 400.1523, -594.3106, -4242.8456, 400.1265, 127, 64, 0
L -594.3106, -4242.8456, 399.7894, -594.3123, -4245.9979, 399.7894, 127, 64, 0
L -628.4854, -4245.769, 399.7894, -457.3566, -4246.913, 399.7891, 127, 64, 0
L -568.2663, -4246.1724, 399.7891, -568.269, -4242.8563, 399.7894, 127, 64, 0
L -568.269, -4242.8563, 400.1197, -561.2087, -4242.8573, 400.1231, 127, 64, 0
L -561.2087, -4242.8573, 399.7894, -561.2115, -4246.1943, 399.7894, 127, 64, 0
L -534.8922, -4246.8589, 399.7894, -534.8958, -4242.851, 399.7894, 127, 64, 0
L -534.8958, -4242.851, 400.9959, -527.8333, -4242.8666, 400.1501, 127, 64, 0
L -527.8333, -4242.8666, 399.7894, -527.8378, -4246.4423, 399.7891, 127, 64, 0
L -499.9558, -4246.6279, 399.7805, -499.9583, -4242.8643, 399.7894, 127, 64, 0
L -499.9583, -4242.8643, 400.1333, -492.8919, -4242.8477, 400.8278, 127, 64, 0
L -492.8919, -4242.8477, 399.7533, -492.9064, -4246.6752, 399.7459, 127, 64, 0
L -492.9017, -4245.4429, 399.7459, -464.3414, -4241.9858, 399.7207, 127, 64, 0
L -462.6743, -4245.6597, 399.7207, -464.6974, -4240.125, 399.7237, 127, 64, 0
L -464.6974, -4240.125, 399.7305, -458.8439, -4237.7016, 399.7375, 127, 64, 0
L -458.8439, -4237.7016, 399.7354, -455.9442, -4243.3158, 399.7334, 127, 64, 0
L -457.5067, -4239.2173, 399.7334, -401.168, -4217.9765, 399.7841, 127, 64, 0
L -432.1403, -4229.6538, 399.7841, -433.4123, -4226.1558, 399.7934, 127, 64, 0
L -433.4123, -4226.1558, 399.7699, -426.7936, -4223.7178, 399.8086, 127, 64, 0
L -426.7936, -4223.7178, 399.8093, -425.5101, -4227.1934, 399.807, 127, 64, 0
L -400.908, -4218.6864, 403.7239, -402.4447, -4214.4912, 402.637, 127, 64, 0
L -402.4447, -4214.4912, 403.302, -395.9259, -4211.7295, 404.3158, 127, 64, 0
L -395.9259, -4211.7295, 405.6157, -394.3448, -4216.853, 406.237, 127, 64, 0
L -400.908, -4218.6864, 406.237, -305.2755, -4180.7812, 408.8648, 127, 64, 0
L -369.8817, -4206.3891, 408.8648, -371.2927, -4202.4561, 407.8346, 127, 64, 0
L -371.2927, -4202.4561, 407.6084, -364.7008, -4199.9404, 407.8745, 127, 64, 0
L -364.7008, -4199.9404, 408.6657, -363.3351, -4203.7084, 409.6555, 127, 64, 0
L -337.3799, -4193.5063, 413.5991, -338.6614, -4189.9813, 411.9101, 127, 64, 0
L -338.6614, -4189.9813, 411.7898, -332.269, -4187.5336, 411.8611, 127, 64, 0
L -332.269, -4187.5336, 412.6594, -330.8163, -4190.9048, 413.7275, 127, 64, 0
L -303.2259, -4186.9809, 411.1392, -305.2755, -4180.7812, 410.5869, 127, 64, 0
L -305.3392, -4180.6059, 410.396, -298.6089, -4178.4369, 408.62, 127, 64, 0
L -298.6089, -4178.4369, 408.7547, -297.7035, -4180.9657, 409.2164, 127, 64, 0
L -297.6918, -4185.8657, 409.2164, -297.711, -4177.7421, 407.8081, 127, 64, 0
L -290.6474, -4177.7592, 413.5864, -297.711, -4177.7421, 413.4408, 127, 64, 0
L -290.6474, -4177.7592, 406.8014, -290.6591, -4185.9546, 407.2117, 127, 64, 0
L -290.6492, -4179.5268, 407.2117, -127.6008, -4178.4975, 405.9189, 127, 64, 0
L -263.5296, -4178.96, 405.9189, -263.5316, -4175.329, 404.629, 127, 64, 0
L -263.5316, -4175.329, 413.406, -256.4698, -4175.3163, 413.3516, 127, 64, 0
L -256.4698, -4175.3163, 405.4032, -256.4581, -4178.7124, 406.158, 127, 64, 0
L -230.4302, -4178.9214, 408.3432, -230.4327, -4175.3247, 406.6127, 127, 64, 0
L -230.4327, -4175.3247, 413.423, -223.3726, -4175.3467, 413.4995, 127, 64, 0
L -223.3726, -4175.3467, 407.1105, -223.3735, -4179.8828, 408.5629, 127, 64, 0
L -197.544, -4179.2929, 406.6605, -197.5569, -4175.3184, 405.1458, 127, 64, 0
L -197.5569, -4175.3184, 413.3657, -189.9975, -4175.328, 413.5894, 127, 64, 0
L -189.9975, -4175.328, 405.4291, -189.9992, -4178.71, 406.9173, 127, 64, 0
L -162.127, -4178.6147, 408.5663, -162.1219, -4175.3344, 406.6175, 127, 64, 0
L -162.1219, -4175.3344, 413.4431, -155.609, -4175.3271, 413.4196, 127, 64, 0
L -155.609, -4175.3271, 407.5545, -155.574, -4179.1274, 408.9882, 127, 64, 0
L -127.5956, -4183.3589, 416.6788, -127.602, -4177.5604, 415.6741, 127, 64, 0
L -122.5378, -4181.4364, 417.3238, -120.4732, -4176.5459, 416.6075, 127, 64, 0
L -120.4732, -4176.5459, 426.8478, -113.8405, -4178.4556, 426.7961, 127, 64, 0
L -127.602, -4177.5604, 415.5996, -120.9278, -4177.2397, 416.7529, 127, 64, 0
L -113.8405, -4178.4556, 423.6019, -115.9013, -4184.1304, 423.6422, 127, 64, 0
L -114.3289, -4179.8007, 423.6422, 7.4023, -4221.1225, 437.2407, 127, 64, 0
L -88.6457, -4188.519, 437.2407, -87.1533, -4184.3969, 435.9732, 127, 64, 0
L -87.1533, -4184.3969, 435.4739, -80.495, -4186.7563, 435.7429, 127, 64, 0
L -80.495, -4186.7563, 436.56, -81.9599, -4190.788, 437.7692, 127, 64, 0
L -57.2941, -4199.1611, 435.629, -56.1407, -4195.9741, 434.2343, 127, 64, 0
L -56.1407, -4195.9741, 432.9497, -49.2939, -4198.8877, 431.5076, 127, 64, 0
L -49.2939, -4198.8877, 434.747, -50.4279, -4201.4916, 434.4574, 127, 64, 0
L -25.6853, -4209.8905, 437.908, -24.6631, -4207.645, 436.9698, 127, 64, 0
L -18.475, -4209.5068, 435.8048, -24.6631, -4207.645, 435.8629, 127, 64, 0
L -18.475, -4209.5068, 436.5104, -18.9969, -4212.1611, 436.9356, 127, 64, 0
L 5.7332, -4225.7436, 440.9642, 8.2858, -4218.6757, 439.8543, 127, 64, 0
L 8.2858, -4218.6757, 439.7287, 15.2058, -4220.3311, 443.11, 127, 64, 0
L 15.2058, -4220.3311, 446.2927, 12.3519, -4228.167, 447.2418, 127, 64, 0
L 13.904, -4223.9058, 447.2418, 40.7336, -4230.4858, 455.4483, 127, 64, 0
L 39.1957, -4234.9048, 455.4483, 41.4746, -4228.3563, 455.355, 127, 64, 0
L 41.4746, -4228.3563, 454.7595, 48.947, -4230.8984, 454.4744, 127, 64, 0
L 48.947, -4230.8984, 454.8249, 45.6792, -4237.519, 455.6315, 127, 64, 0
L 46.3474, -4235.688, 455.6315, 48.8766, -4231.2842, 454.7411, 127, 64, 0
L 48.8766, -4231.2842, 454.1077, 54.7462, -4234.6728, 454.625, 127, 64, 0
L 54.7462, -4234.6728, 454.4676, 52.6118, -4240.5352, 454.6016, 127, 64, 0
L 77.3379, -4250.3573, 453.7239, 79.6042, -4246.4125, 453.5973, 127, 64, 0
L 79.6042, -4246.4125, 452.8444, 85.7155, -4249.9071, 453.285, 127, 64, 0
L 85.7155, -4249.9071, 453.7099, 83.4248, -4253.9701, 453.1841, 127, 64, 0
L 105.8589, -4267.1538, 451.9567, 108.1884, -4263.8882, 451.915, 127, 64, 0
L 108.1884, -4263.8882, 451.8365, 114.3349, -4266.5811, 451.8826, 127, 64, 0
L 114.3349, -4266.5811, 451.9257, 111.9732, -4270.6791, 451.9812, 127, 64, 0
L 134.8135, -4283.7515, 452.5955, 137.1355, -4279.7021, 452.4863, 127, 64, 0
L 137.1355, -4279.7021, 452.2388, 143.2255, -4283.2929, 451.9852, 127, 64, 0
L 143.2255, -4283.2929, 451.9556, 140.8811, -4287.3535, 452.6539, 127, 64, 0
L 53.8415, -4237.1576, 452.6539, 194.9334, -4318.5254, 452.1032, 127, 64, 0
L 165.31, -4301.2808, 452.1032, 167.354, -4297.2393, 451.9705, 127, 64, 0
L 167.354, -4297.2393, 452.3573, 173.5825, -4300.4951, 453.2201, 127, 64, 0
L 173.5825, -4300.4951, 453.7287, 171.2665, -4304.6895, 453.1775, 127, 64, 0
L 193.6767, -4320.7133, 459.2873, 196.4822, -4315.829, 458.9098, 127, 64, 0
L 196.4822, -4315.829, 456.5747, 201.8428, -4319.1005, 454.5298, 127, 64, 0
L 202.4713, -4323.2978, 454.5298, 200.2564, -4316.5961, 454.9889, 127, 64, 0
L 200.2564, -4316.5961, 453.6249, 205.2649, -4314.7622, 451.6437, 127, 64, 0
L 205.2649, -4314.7622, 450.3263, 207.4559, -4321.4813, 449.6034, 127, 64, 0
L 207.4559, -4321.4813, 450.6342, 202.4713, -4323.2978, 451.4302, 127, 64, 0
L 215.5808, -4347.3804, 450.9005, 219.149, -4346.1201, 450.1619, 127, 64, 0
L 219.149, -4346.1201, 449.1985, 221.4139, -4352.766, 449.1696, 127, 64, 0
L 221.4139, -4352.766, 449.6533, 217.9191, -4354.4638, 451.2869, 127, 64, 0
L 226.1922, -4378.7445, 451.3423, 230.3505, -4377.1997, 450.4746, 127, 64, 0
L 230.3505, -4377.1997, 449.3179, 232.6731, -4383.8872, 448.6313, 127, 64, 0
L 232.6731, -4383.8872, 449.2538, 228.5319, -4385.4198, 450.8143, 127, 64, 0
L 237.4593, -4410.1616, 450.3647, 241.5603, -4408.6387, 448.9712, 127, 64, 0
L 241.5603, -4408.6387, 447.7524, 243.9846, -4415.2938, 447.7466, 127, 64, 0
L 243.9846, -4415.2938, 449.4524, 239.9259, -4416.7714, 450.7115, 127, 64, 0
L 206.6031, -4321.792, 450.7115, 260.5953, -4475.685, 448.5865, 127, 64, 0
L 249.1535, -4443.7271, 448.5865, 253.1802, -4441.5918, 446.7574, 127, 64, 0
L 253.1802, -4441.5918, 445.2255, 255.7041, -4448.2016, 445.5846, 127, 64, 0
L 255.7041, -4448.2016, 448.2769, 251.6809, -4449.6724, 449.4227, 127, 64, 0
L 262.4961, -4474.9477, 443.3469, 264.9424, -4481.6869, 443.261, 127, 64, 0
L 264.7959, -4481.2836, 436.5138, 266.8127, -4481.2821, 436.2182, 127, 64, 0
L 257.1576, -4477.1757, 439.269, 262.4961, -4474.9477, 438.6782, 127, 64, 0
L 266.8876, -4515.4448, 436.6388, 268.9053, -4515.4486, 436.6018, 127, 64, 0
L 268.9053, -4515.4486, 449.1283, 268.9044, -4522.5141, 449.1059, 127, 64, 0
L 268.9044, -4522.5141, 436.6118, 266.9032, -4522.5106, 436.6292, 127, 64, 0
L 268.9005, -4548.5581, 449.9408, 268.9241, -4555.6138, 448.9839, 127, 64, 0
L 266.9603, -4548.5581, 441.9716, 268.9005, -4548.5581, 441.5396, 127, 64, 0
L 268.9241, -4555.6138, 446.4546, 266.9759, -4555.6157, 446.5339, 127, 64, 0
L 267.3349, -4581.9364, 450.5729, 269.2749, -4581.9296, 449.7176, 127, 64, 0
L 269.2749, -4581.9296, 449.1616, 269.889, -4588.9663, 449.2601, 127, 64, 0
L 269.889, -4588.9663, 449.9825, 267.4909, -4589.1108, 450.1888, 127, 64, 0
L 267.2542, -4616.8662, 450.7832, 269.661, -4616.8686, 450.4384, 127, 64, 0
L 269.661, -4616.8686, 449.6202, 269.1116, -4623.9242, 449.5889, 127, 64, 0
L 269.1116, -4623.9242, 450.6342, 267.1258, -4623.9247, 450.9302, 127, 64, 0
L 266.8127, -4481.2821, 450.9302, 267.201, -4658.2929, 450.2017, 127, 64, 0
L 261.8179, -4658.2983, 450.2017, 268.5559, -4658.2915, 449.8301, 127, 64, 0
L 268.5559, -4658.2915, 449.2096, 268.591, -4665.3481, 448.9619, 127, 64, 0
L 268.591, -4665.3481, 449.6385, 262.35, -4665.3477, 449.9547, 127, 64, 0
L 267.2096, -4665.3481, 449.9547, 267.5538, -4835.4525, 449.4932, 127, 64, 0
L 267.2644, -4692.4673, 449.4932, 271.3498, -4692.4673, 448.1825, 127, 64, 0
L 271.3498, -4692.4673, 446.5643, 271.3666, -4699.5225, 446.5622, 127, 64, 0
L 271.3666, -4699.5225, 447.8541, 267.3158, -4699.5225, 449.4664, 127, 64, 0
L 267.3315, -4725.5663, 449.2173, 271.3668, -4725.5541, 447.8897, 127, 64, 0
L 271.3668, -4725.5541, 446.4911, 271.3688, -4732.6216, 446.497, 127, 64, 0
L 271.3688, -4732.6216, 448.4173, 267.3457, -4732.6239, 449.5339, 127, 64, 0
L 268.853, -4758.9434, 448.8045, 271.3888, -4758.9399, 448.6019, 127, 64, 0
L 271.3888, -4758.9399, 446.329, 271.3931, -4765.9956, 446.314, 127, 64, 0
L 271.3931, -4765.9956, 447.8306, 267.4134, -4766, 448.7936, 127, 64, 0
L 267.4698, -4793.8887, 448.7493, 271.3285, -4793.8472, 448.3077, 127, 64, 0
L 271.3285, -4793.8472, 446.7495, 271.3292, -4800.9375, 446.7481, 127, 64, 0
L 271.3292, -4800.9375, 448.2219, 267.4841, -4800.932, 448.6881, 127, 64, 0
L 267.6933, -4834.8921, 444.581, 265.9164, -4841.3242, 441.7517, 127, 64, 0
L 265.9164, -4841.3242, 441.2502, 259.4922, -4839.4589, 441.36, 127, 64, 0
L 244.223, -4897.5288, 441.3385, 247.6699, -4898.7704, 440.9508, 127, 64, 0
L 247.6699, -4898.7704, 440.3466, 245.3651, -4905.3163, 440.1646, 127, 64, 0
L 245.3651, -4905.3163, 441.5129, 242.2305, -4904.3535, 441.377, 127, 64, 0
L 233.1474, -4929.1459, 441.4701, 236.2795, -4930.1342, 441.1521, 127, 64, 0
L 236.2795, -4930.1342, 440.3874, 233.8352, -4936.7602, 440.5296, 127, 64, 0
L 233.8352, -4936.7602, 440.7678, 230.8026, -4935.6801, 441.5287, 127, 64, 0
L 221.5576, -4961.9614, 440.3836, 224.5226, -4963.4589, 439.8324, 127, 64, 0
L 224.5226, -4963.4589, 438.8774, 222.1286, -4969.6826, 438.831, 127, 64, 0
L 222.1286, -4969.6826, 439.3181, 219.2144, -4968.622, 440.2728, 127, 64, 0
L 208.86, -5003.2655, 439.8192, 201.4045, -5007.5918, 439.7293, 127, 64, 0
L 201.4045, -5007.5918, 439.6974, 197.8348, -5001.8945, 439.9395, 127, 64, 0
L 176.625, -5018.9673, 441.1428, 178.9258, -5022.9561, 440.6967, 127, 64, 0
L 178.9258, -5022.9561, 440.6283, 172.788, -5026.4359, 440.8605, 127, 64, 0
L 172.788, -5026.4359, 441.418, 170.5012, -5022.4774, 441.6773, 127, 64, 0
L 147.9461, -5035.5, 441.6721, 150.3069, -5039.5811, 441.55, 127, 64, 0
L 150.3069, -5039.5811, 440.1938, 144.169, -5043.663, 440.2404, 127, 64, 0
L 144.169, -5043.663, 440.6073, 141.8145, -5038.9888, 442.7488, 127, 64, 0
L 119.1894, -5052.4364, 446.9461, 121.1709, -5055.8686, 446.2939, 127, 64, 0
L 121.1709, -5055.8686, 443.2062, 115.3409, -5059.3515, 443.4923, 127, 64, 0
L 115.3409, -5059.3515, 445.2225, 113.5918, -5055.9315, 447.2164, 127, 64, 0
L 88.7137, -5069.5111, 445.5649, 90.888, -5073.3051, 444.8163, 127, 64, 0
L 90.888, -5073.3051, 443.7832, 84.6811, -5076.6431, 444.3378, 127, 64, 0
L 84.6811, -5076.6431, 446.3414, 82.5651, -5072.9877, 447.1267, 127, 64, 0
L 56.5138, -5082.8032, 441.8215, 59.9898, -5088.8027, 440.9768, 127, 64, 0
L 59.9898, -5088.8027, 440.8921, 53.8661, -5092.2587, 441.1933, 127, 64, 0
L 53.8661, -5092.2587, 441.7798, 50.1499, -5085.8301, 442.2848, 127, 64, 0
L 52.265, -5089.2515, 442.2848, 45.4857, -5089.7749, 443.2934, 127, 64, 0
L 45.4857, -5089.7749, 444.584, 45.4784, -5081.9956, 447.124, 127, 64, 0
L 18.3643, -5085.9774, 451.5846, 18.3686, -5090.9687, 447.8774, 127, 64, 0
L 18.3686, -5090.9687, 447.4408, 11.3094, -5090.8022, 447.9461, 127, 64, 0
L 11.3094, -5090.8022, 448.8272, 11.3093, -5085.9619, 452.7038, 127, 64, 0
L 45.4825, -5085.9282, 452.7038, -117.5717, -5086.8739, 452.7728, 127, 64, 0
L -14.7354, -5085.9872, 452.7728, -14.7345, -5090.5604, 450.6345, 127, 64, 0
L -14.7345, -5090.5604, 449.9816, -21.7924, -5090.564, 449.9655, 127, 64, 0
L -21.7924, -5090.564, 450.8134, -21.7904, -5085.9853, 452.7493, 127, 64, 0
L -48.1066, -5086.8461, 454.3799, -48.1096, -5089.7583, 453.1236, 127, 64, 0
L -55.1661, -5089.9502, 450.2989, -55.1642, -5086.2632, 451.4816, 127, 64, 0
L -48.1096, -5089.7583, 453.6163, -55.1661, -5089.9502, 452.6933, 127, 64, 0
L -83.259, -5086.5321, 446.5731, -83.555, -5091.3599, 444.8462, 127, 64, 0
L -83.555, -5091.3599, 444.8706, -90.1029, -5091.1997, 445.288, 127, 64, 0
L -90.1029, -5091.1997, 445.7647, -90.1003, -5086.604, 447.5593, 127, 64, 0
L -117.555, -5089.3119, 443.9605, -124.6205, -5088.9809, 444.3249, 127, 64, 0
L -117.5965, -5081.791, 445.151, -117.555, -5089.3119, 444.4603, 127, 64, 0
L -190.643, -5087.4897, 445.5326, -190.627, -5090.3657, 445.4229, 127, 64, 0
L -190.627, -5090.3657, 445.7737, -197.1064, -5090.3364, 445.6825, 127, 64, 0
L -197.1064, -5090.3364, 445.6071, -197.1305, -5088.5897, 445.6435, 127, 64, 0
L -223.4396, -5086.7382, 446.8849, -223.4256, -5090.2051, 446.466, 127, 64, 0
L -223.4256, -5090.2051, 446.4295, -230.4953, -5090.3813, 446.8616, 127, 64, 0
L -230.4953, -5090.3813, 447.1845, -230.4935, -5086.4076, 447.2776, 127, 64, 0
L -258.3745, -5087.454, 446.93, -258.3729, -5090.3472, 445.6942, 127, 64, 0
L -258.3729, -5090.3472, 445.5029, -265.43, -5090.5204, 444.7755, 127, 64, 0
L -265.43, -5090.5204, 445.937, -265.4295, -5087.7451, 445.3288, 127, 64, 0
L -292.9082, -5082.6309, 450.4687, -292.8899, -5088.4556, 450.209, 127, 64, 0
L -292.8899, -5088.4556, 449.8921, -305.8129, -5088.2344, 448.9599, 127, 64, 0
L -305.8129, -5088.2344, 449.1043, -305.591, -5082.4584, 449.1664, 127, 64, 0
L -332.1965, -5085.77, 446.6041, -332.1938, -5090.1962, 445.4501, 127, 64, 0
L -332.1938, -5090.1962, 445.348, -339.2518, -5090.1553, 444.9209, 127, 64, 0
L -339.2518, -5090.1553, 444.7182, -339.252, -5085.1986, 444.6922, 127, 64, 0
L -365.2971, -5084.9053, 441.2466, -365.2943, -5089.6747, 441.406, 127, 64, 0
L -365.2943, -5089.6747, 440.7486, -372.353, -5089.4516, 439.6326, 127, 64, 0
L -372.353, -5089.4516, 439.5027, -372.3523, -5084.9434, 439.3525, 127, 64, 0
L -398.6695, -5085.1806, 433.6732, -398.6646, -5089.4481, 433.12, 127, 64, 0
L -398.6646, -5089.4481, 436.3235, -405.728, -5089.4102, 436.343, 127, 64, 0
L -405.728, -5089.4102, 431.3596, -405.7259, -5085.2466, 432.2989, 127, 64, 0
L -305.6949, -5085.1737, 432.2989, -468.1265, -5085.2915, 431.644, 127, 64, 0
L -433.6025, -5085.2665, 431.644, -433.6062, -5089.4237, 430.4406, 127, 64, 0
L -433.6062, -5089.4237, 436.3269, -440.6632, -5089.502, 436.2957, 127, 64, 0
L -440.6632, -5089.502, 430.3962, -440.6641, -5085.2222, 432.6104, 127, 64, 0
L -468.1329, -5080.9086, 432.8149, -468.1247, -5086.6166, 432.2653, 127, 64, 0
L -468.1247, -5086.6166, 436.3743, -475.1822, -5086.627, 436.3378, 127, 64, 0
L -475.1822, -5086.627, 433.5792, -475.1836, -5080.8212, 434.2538, 127, 64, 0
L -480.961, -5083.9467, 438.1129, -480.9603, -5083.8433, 437.9562, 127, 64, 0
L -508.81, -5081.3647, 430.4698, -507.9812, -5084.3051, 429.9748, 127, 64, 0
L -507.9812, -5084.3051, 428.3636, -515.85, -5084.1787, 427.7826, 127, 64, 0
L -515.85, -5084.1787, 427.4356, -515.163, -5080.6875, 427.8836, 127, 64, 0
L -475.1829, -5084.127, 427.8836, -541.1802, -5078.5234, 420.6859, 127, 64, 0
L -541.1823, -5075.9268, 420.6859, -541.177, -5082.932, 419.1046, 127, 64, 0
L -541.177, -5082.932, 417.838, -548.2199, -5082.7479, 416.7853, 127, 64, 0
L -548.2199, -5082.7479, 417.4671, -548.2571, -5077.9032, 418.3469, 127, 64, 0
L -574.557, -5082.6138, 411.9789, -574.5434, -5077.875, 412.2468, 127, 64, 0
L -581.6123, -5081.8989, 410.4519, -581.6099, -5077.9252, 410.7022, 127, 64, 0
L -609.4912, -5078.7798, 408.7364, -609.4891, -5081.917, 409.1537, 127, 64, 0
L -574.557, -5082.6138, 411.5683, -581.6123, -5081.8989, 410.401, 127, 64, 0
L -616.5402, -5081.9018, 410.526, -609.4891, -5081.917, 410.4886, 127, 64, 0
L -616.5402, -5081.9018, 407.1861, -616.5584, -5078.5698, 407.5382, 127, 64, 0
L -541.1807, -5077.8877, 407.5382, -644.104, -5078.1186, 406.4499, 127, 64, 0
L -644.1367, -5074.4291, 406.4499, -644.9098, -5079.4853, 405.5735, 127, 64, 0
L -644.9098, -5079.4853, 410.5328, -651.7468, -5079.4828, 410.533, 127, 64, 0
L -649.5113, -5078.752, 404.5119, -656.1467, -5075.4624, 403.607, 127, 64, 0
L -656.1467, -5075.4624, 404.4859, -654.1856, -5070.4301, 404.2934, 127, 64, 0
L -680.7309, -5063.6938, 397.7884, -682.1775, -5067.6737, 397.2214, 127, 64, 0
L -682.1775, -5067.6737, 396.9744, -688.8088, -5065.2353, 396.9567, 127, 64, 0
L -688.8088, -5065.2353, 397.1571, -687.375, -5061.3158, 397.4268, 127, 64, 0
L -711.884, -5052.5106, 396.1954, -713.225, -5056.1899, 395.1419, 127, 64, 0
L -713.225, -5056.1899, 395.6061, -719.8481, -5053.7725, 395.7418, 127, 64, 0
L -719.8481, -5053.7725, 394.235, -718.5171, -5050.8441, 395.1576, 127, 64, 0
L -743.2893, -5041.2201, 393.2909, -744.5792, -5044.7725, 392.7271, 127, 64, 0
L -744.5792, -5044.7725, 395.7284, -751.2181, -5042.3706, 395.665, 127, 64, 0
L -751.2181, -5042.3706, 392.5015, -749.9008, -5038.7445, 392.9639, 127, 64, 0
L -776.1195, -5029.2739, 392.9175, -777.4374, -5032.8882, 392.74, 127, 64, 0
L -777.4374, -5032.8882, 395.4759, -784.3269, -5030.3867, 395.7431, 127, 64, 0
L -784.3269, -5030.3867, 392.2889, -782.7133, -5026.7602, 393.6234, 127, 64, 0
L -655.7468, -5072.4785, 393.6234, -808.5692, -5017.4989, 390.2613, 127, 64, 0
L -807.3537, -5014.1436, 390.2613, -809.1988, -5018.7431, 389.9184, 127, 64, 0
L -809.1988, -5018.7431, 395.761, -815.6521, -5016.329, 395.757, 127, 64, 0
L -815.6521, -5016.329, 388.5298, -813.4871, -5010.4018, 388.9252, 127, 64, 0
L -815.1607, -5014.5874, 388.9252, -821.1547, -5011.1548, 388.1974, 127, 64, 0
L -821.1547, -5011.1548, 388.3306, -818.8183, -5007.1382, 388.4451, 127, 64, 0
L -843.5706, -4995.7568, 388.4291, -845.7432, -4999.516, 387.9531, 127, 64, 0
L -845.7432, -4999.516, 387.3999, -851.9288, -4996.1112, 387.6403, 127, 64, 0
L -851.9288, -4996.1112, 387.9911, -849.3029, -4991.5727, 388.8777, 127, 64, 0
L -871.7866, -4978.4282, 385.6417, -873.8442, -4981.9897, 384.7056, 127, 64, 0
L -873.8442, -4981.9897, 383.1311, -879.807, -4978.203, 382.6788, 127, 64, 0
L -879.807, -4978.203, 381.7671, -877.6693, -4974.5073, 382.8278, 127, 64, 0
L -900.3238, -4960.6024, 377.4968, -902.3922, -4964.6904, 377.9277, 127, 64, 0
L -902.3922, -4964.6904, 378.3147, -908.4954, -4961.144, 378.2149, 127, 64, 0
L -908.4954, -4961.144, 377.7898, -906.1321, -4957.5698, 377.3702, 127, 64, 0
L -927.7938, -4940.4272, 372.8183, -932.4605, -4946.439, 372.569, 127, 64, 0
L -932.4605, -4946.439, 372.2873, -935.8125, -4944.4013, 371.8016, 127, 64, 0
L -934.392, -4936.3877, 371.8016, -937.692, -4951.4897, 371.8312, 64, 64, 64
L -937.692, -4951.4897, 371.8312, -935.3718, -4956.291, 372.6899, 64, 64, 64
L -935.3718, -4956.291, 372.6899, -933.1739, -4966.3734, 372.7323, 64, 64, 64
L -933.1739, -4966.3734, 372.7323, -931.1207, -4970.2349, 373.3523, 64, 64, 64
L -931.1207, -4970.2349, 373.3523, -934.4211, -4980.2079, 372.1705, 64, 64, 64
L -934.4211, -4980.2079, 372.1705, -940.7598, -4984.475, 371.278, 64, 64, 64
L -940.7598, -4984.475, 371.278, -946.118, -4981.5888, 370.8109, 64, 64, 64
L -946.118, -4981.5888, 370.8109, -947.2744, -4979.8379, 370.7325, 64, 64, 64
L -947.2744, -4979.8379, 370.7325, -951.2133, -4977.9369, 370.3702, 64, 64, 64
L -951.2133, -4977.9369, 370.3702, -957.1761, -4978.8638, 369.7588, 64, 64, 64
L -957.1761, -4978.8638, 369.7588, -962.7672, -4977.9984, 369.3786, 64, 64, 64
L -962.7672, -4977.9984, 369.3786, -961.5203, -4984.1298, 370.3378, 64, 64, 64
L -961.5203, -4984.1298, 370.3378, -962.3227, -5001.4053, 362.7862, 64, 64, 64
L -962.3227, -5001.4053, 362.7862, -972.7327, -5003.8608, 359.326, 64, 64, 64
L -972.7327, -5003.8608, 359.326, -983.839, -5008.6337, 348.2755, 64, 64, 64
L -983.839, -5008.6337, 348.2755, -990.2486, -5009.5483, 346.855, 64, 64, 64
L -990.2486, -5009.5483, 346.855, -1003.124, -5001.2163, 343.9309, 64, 64, 64
L -1003.124, -5001.2163, 343.9309, -1005.2024, -4999.1112, 343.3362, 64, 64, 64
L -1005.2024, -4999.1112, 343.3362, -1011.7314, -5002.8369, 343.6247, 64, 64, 64
L -1011.7314, -5002.8369, 343.6247, -1016.3663, -5004.791, 343.9458, 64, 64, 64
L -1016.3663, -5004.791, 343.9458, -1017.489, -5007.77, 344.4418, 64, 64, 64
L -1017.489, -5007.77, 344.4418, -1016.7114, -5009.1737, 344.6795, 64, 64, 64
L -1016.7114, -5009.1737, 344.6795, -1020.6716, -5022.6841, 345.4972, 64, 64, 64
L -1020.6716, -5022.6841, 345.4972, -1034.6576, -5027.5897, 345.5885, 64, 64, 64
L -1034.6576, -5027.5897, 345.5885, -1062.546, -5028.2992, 345.7801, 64, 64, 64
L -1062.546, -5028.2992, 345.7801, -1069.6594, -5026.7997, 345.6831, 64, 64, 64
L -1069.6594, -5026.7997, 345.6831, -1086.738, -5025.8364, 342.6969, 64, 64, 64
L -1086.738, -5025.8364, 342.6969, -1088.1782, -5021.891, 343.1492, 64, 64, 64
L -1088.1782, -5021.891, 343.1492, -1094.835, -5012.2407, 343.6553, 64, 64, 64
L -1094.835, -5012.2407, 343.6553, -1096.548, -5006.8505, 344.3136, 64, 64, 64
L -1096.548, -5006.8505, 344.3136, -1102.1313, -5000.6049, 344.4055, 64, 64, 64
L -1102.1313, -5000.6049, 344.4055, -1106.9646, -4997.4799, 343.8432, 64, 64, 64
L -1106.9646, -4997.4799, 343.8432, -1106.6946, -4993, 344.4798, 64, 64, 64
L -1106.6946, -4993, 344.4798, -1107.2408, -4988.7334, 344.4193, 64, 64, 64
L -1107.2408, -4988.7334, 344.4193, -1115.4791, -4986.2241, 341.2427, 64, 64, 64
L -1115.4791, -4986.2241, 341.2427, -1121.9528, -4985.1239, 338.7271, 64, 64, 64
L -1121.9528, -4985.1239, 338.7271, -1121.2834, -4977.6962, 339.1537, 64, 64, 64
L -1121.2834, -4977.6962, 339.1537, -1121.3474, -4974.9945, 339.1865, 64, 64, 64
L -1121.3474, -4974.9945, 339.1865, -1117.7173, -4961.6108, 340.3256, 64, 64, 64
L -1117.7173, -4961.6108, 340.3256, -1114.208, -4960.5141, 341.6349, 64, 64, 64
L -1114.208, -4960.5141, 341.6349, -1104.8052, -4954.3716, 344.8521, 64, 64, 64
L -1104.8052, -4954.3716, 344.8521, -1106.5136, -4952.3149, 344.2162, 64, 64, 64
L -1106.5136, -4952.3149, 344.2162, -1110.6899, -4944.1782, 342.6834, 64, 64, 64
L -1110.6899, -4944.1782, 342.6834, -1111.7065, -4938.3706, 340.7003, 64, 64, 64
L -1111.7065, -4938.3706, 340.7003, -1109.1775, -4932.4022, 339.2968, 64, 64, 64
L -1109.1775, -4932.4022, 339.2968, -1104.48, -4925.6068, 337.8894, 64, 64, 64
L -1104.48, -4925.6068, 337.8894, -1078.2771, -4923.6186, 331.8014, 64, 64, 64
L -1078.2771, -4923.6186, 331.6215, -1073.7815, -4927.4609, 334.1999, 64, 64, 64
L -1073.7815, -4927.4609, 334.1999, -1062.3641, -4932.9448, 337.898, 64, 64, 64
L -1062.3641, -4932.9448, 337.898, -1060.2081, -4934.828, 339.2085, 64, 64, 64
L -1060.2081, -4934.828, 339.2085, -1054.8124, -4927.9897, 334.1247, 64, 64, 64
L -1054.8124, -4927.9897, 334.1247, -1051.2469, -4920.5249, 328.9642, 64, 64, 64
L -1051.2469, -4920.5249, 328.9642, -1034.6793, -4920.1757, 330.1838, 64, 64, 64
L -1034.6793, -4920.1757, 330.1838, -1036.5186, -4914.5033, 328.661, 64, 64, 64
L -1036.5186, -4914.5033, 328.661, -1034.153, -4912.7065, 327.5024, 64, 64, 64
L -1034.153, -4912.7065, 327.5024, -1033.8195, -4911.229, 326.9264, 64, 64, 64
L -1033.8195, -4911.229, 326.9264, -1049.298, -4894.8242, 319.85, 64, 64, 64
L -1049.298, -4894.8242, 319.85, -1050.2265, -4885.5244, 316.4642, 64, 64, 64
L -1050.2265, -4885.5244, 316.4642, -1048.9535, -4874.8739, 312.6585, 64, 64, 64
L -1048.9535, -4874.8739, 312.6585, -1039.4447, -4871.2056, 311.9288, 64, 64, 64
L -1039.4447, -4871.2056, 311.9288, -1030.7968, -4872.7826, 311.9393, 64, 64, 64
L -1030.7968, -4872.7826, 311.9393, -1021.898, -4878.4032, 312.2549, 64, 64, 64
L -1021.898, -4878.4032, 312.2549, -1012.3786, -4882.4678, 311.7986, 64, 64, 64
L -1012.3786, -4882.4678, 311.7986, -1006.9356, -4877.2344, 309.4479, 64, 64, 64
L -1006.9356, -4877.2344, 309.4479, -1003.3211, -4875.8676, 309.2099, 64, 64, 64
L -1003.3211, -4875.8676, 309.2099, -994.504, -4879.9717, 310.2667, 64, 64, 64
L -994.504, -4879.9717, 310.2667, -992.1077, -4880.8652, 310.3054, 64, 64, 64
L -992.1077, -4880.8652, 310.3054, -976.3586, -4885.77, 308.1795, 64, 64, 64
L -985.2299, -4883.7299, 308.1795, -987.567, -4880.6826, 308.6711, 127, 64, 0
L -987.567, -4880.6826, 308.3324, -984.4651, -4877.5933, 307.9415, 127, 64, 0
L -963.3935, -4898.8481, 307.9415, -1075.1966, -4786.703, 310.8541, 127, 64, 0
L -1002.8007, -4859.9771, 310.8541, -1006.1023, -4862.3994, 310.3844, 127, 64, 0
L -1006.1023, -4862.3994, 310.3815, -1011.245, -4857.5609, 311.509, 127, 64, 0
L -1011.245, -4857.5609, 311.8439, -1007.9255, -4854.244, 312.5249, 127, 64, 0
L -1026.3704, -4835.4683, 310.3727, -1029.7763, -4838.875, 310.8052, 127, 64, 0
L -1029.7763, -4838.875, 310.5341, -1034.6865, -4833.8002, 310.9499, 127, 64, 0
L -1034.6865, -4833.8002, 309.6191, -1031.3911, -4830.5122, 309.197, 127, 64, 0
L -1054.4924, -4814.182, 310.8358, -1059.4492, -4809.1415, 310.5939, 127, 64, 0
L -1051.7989, -4810.7725, 310.6379, -1054.4924, -4814.182, 310.346, 127, 64, 0
L -1059.4492, -4809.1415, 310.5047, -1056.7726, -4805.792, 310.5835, 127, 64, 0
L -1072.7074, -4783.5806, 308.4107, -1076.9429, -4787.8173, 308.4046, 127, 64, 0
L -1076.9429, -4787.8173, 308.2235, -1081.8822, -4782.7763, 307.9547, 127, 64, 0
L -1081.8822, -4782.7763, 307.8299, -1077.7343, -4778.622, 307.8557, 127, 64, 0
L -1077.7343, -4778.622, 307.9628, -1072.7074, -4783.5806, 308.187, 127, 64, 0
L -1073.9121, -4784.7861, 308.4322, -961.95, -4897.7007, 311.8552, 127, 64, 0
L -1087.314, -4796.4741, 308.439, -1080.9617, -4796.141, 308.5027, 127, 64, 0
L -1080.9617, -4796.141, 308.632, -1080.9954, -4803.7959, 308.781, 127, 64, 0
L -1080.9954, -4803.7959, 308.7402, -1087.7907, -4803.8441, 308.6216, 127, 64, 0
L -1087.7907, -4803.8441, 308.3917, -1087.314, -4796.4741, 308.2746, 127, 64, 0
L -1085.816, -4795.8388, 308.2896, -1085.679, -4632.975, 308.2219, 127, 64, 0
L -1085.795, -4768.9058, 308.2219, -1089.4664, -4768.9058, 308.2182, 127, 64, 0
L -1089.4664, -4768.9058, 308.3353, -1089.5425, -4761.8491, 308.5894, 127, 64, 0
L -1089.5425, -4761.8491, 308.8573, -1085.5298, -4761.8505, 308.8616, 127, 64, 0
L -1085.98, -4735.8051, 309.8931, -1089.6982, -4735.8091, 309.8894, 127, 64, 0
L -1089.6982, -4735.8091, 310.139, -1089.8104, -4728.7484, 310.2959, 127, 64, 0
L -1089.8104, -4728.7484, 310.5, -1084.9945, -4728.75, 310.2749, 127, 64, 0
L -1085.9538, -4702.4311, 311.2413, -1089.9528, -4702.4345, 311.4692, 127, 64, 0
L -1089.9528, -4702.4345, 311.9802, -1090.326, -4695.376, 312.3339, 127, 64, 0
L -1090.326, -4695.376, 312.1974, -1085.1775, -4695.3716, 311.7504, 127, 64, 0
L -1084.9947, -4667.4951, 310.2479, -1089.6819, -4667.4956, 310.1469, 127, 64, 0
L -1089.6819, -4667.4956, 309.6188, -1089.567, -4660.4385, 309.3079, 127, 64, 0
L -1089.567, -4660.4385, 309.1689, -1085.306, -4660.4399, 309.4411, 127, 64, 0
L -1071.4799, -4632.9579, 305.7158, -1086.7317, -4632.9774, 305.7346, 127, 64, 0
L -1086.7317, -4632.9774, 305.8355, -1086.7445, -4625.5459, 305.8007, 127, 64, 0
L -1086.7445, -4625.5459, 305.389, -1071.4891, -4625.4233, 305.408, 127, 64, 0
L -1078.8143, -4595.542, 305.6021, -1079.5517, -4567.7407, 306.6351, 127, 127, 0
L -1078.1513, -4595.5883, 305.3473, -1079.6448, -4625.5165, 305.408, 127, 127, 0
L -960.166, -4289.4809, 326.833, -971.5996, -4284.1372, 324.7934, 64, 64, 64
L -971.5996, -4284.1372, 324.7934, -978.8134, -4269.3706, 324.7934, 64, 64, 64
L -978.8134, -4269.3706, 324.7934, -979.1009, -4252.7529, 324.8605, 64, 64, 64
L -979.1009, -4252.7529, 324.8605, -976.4248, -4249.9486, 326.9023, 64, 64, 64
L -976.4248, -4249.9486, 326.9023, -974.6489, -4246.4673, 327.3813, 64, 64, 64
L -974.6489, -4246.4673, 327.3813, -974.932, -4244.6532, 326.499, 64, 64, 64
L -974.932, -4244.6532, 326.499, -969.4832, -4240.5399, 325.4755, 64, 64, 64
L -969.4832, -4240.5399, 325.4755, -967.2516, -4234.2358, 323.9279, 64, 64, 64
L -967.2516, -4234.2358, 323.9279, -972.1398, -4226.7461, 319.1573, 64, 64, 64
L -972.1398, -4226.7461, 319.1573, -976.9787, -4217.5551, 316.4696, 64, 64, 64
L -976.9787, -4217.5551, 316.4696, -975.298, -4199.7431, 312.8455, 64, 64, 64
L -944.3111, -4196.9311, 316.1911, -924.2377, -4211.9834, 320.8919, 64, 64, 64
L -924.2377, -4211.9834, 320.8919, -909.8242, -4203.8603, 317.8519, 64, 64, 64
L -909.8242, -4203.8603, 317.8519, -907.4255, -4182.1635, 309.9993, 64, 64, 64
L -907.4255, -4182.1635, 309.9993, -894.8872, -4178.3734, 310.386, 64, 64, 64
L -894.8872, -4178.3734, 310.386, -884.7531, -4178.2782, 312.1419, 64, 64, 64
L -884.7531, -4178.2782, 312.1419, -844.1398, -4188.1313, 329.8025, 64, 64, 64
L -844.1398, -4188.1313, 329.8025, -843.7182, -4190.6841, 331.233, 64, 64, 64
L -843.7182, -4190.6841, 331.233, -839.3976, -4198.3325, 335.9291, 64, 64, 64
L -839.3976, -4198.3325, 335.9291, -838.5126, -4201.3135, 338.8634, 64, 64, 64
L -838.5126, -4201.3135, 338.8634, -838.7232, -4203.2538, 341.3235, 64, 64, 64
L -838.7232, -4203.2538, 341.3235, -839.3636, -4223.8994, 369.2671, 64, 64, 64
L -839.3636, -4223.8994, 369.2671, -835.1268, -4228.7808, 373.7479, 64, 64, 64
L -835.1268, -4228.7808, 373.7479, -836.225, -4243.707, 382.2619, 64, 64, 64
L -836.225, -4243.707, 382.2619, -833.2576, -4247.3477, 387.3516, 64, 64, 64
L -833.2576, -4247.3477, 387.3516, -833.1719, -4249.9771, 387.4612, 64, 64, 64
L -833.1719, -4249.9771, 387.4612, -824.1385, -4248.4691, 392.2821, 64, 64, 64
L -824.1385, -4248.4691, 392.2821, -814.8328, -4245.4092, 394.8752, 64, 64, 64
L -814.8328, -4245.4092, 395.2952, -813.4556, -4243.6195, 393.6444, 64, 64, 64
L -813.4556, -4243.6195, 393.6444, -810.7622, -4246.5771, 396.3061, 64, 64, 64
L -810.7622, -4246.5771, 396.3061, -806.826, -4252.8247, 398.4503, 64, 64, 64
L -806.826, -4252.8247, 398.4503, -807.8673, -4273.8433, 399.7853, 64, 64, 64
L -944.3111, -4196.9311, 314.1911, -975.298, -4199.7431, 312.708, 64, 64, 64
L -1071.4879, -4560.829, 307.4438, -1071.4834, -4567.7416, 307.2862, 127, 64, 0
P 162.8341, -5431.9647, 305.5052, 0, 127, 0, 2, Long_Boat(Zone_out)
P -500, -2800, 0, 0, 0, 0, 1, Map_by_Goodurden
