L 1299.6217, -1351.9553, 87.376, 1295.7949, -1344.6327, 87.929, 100, 50, 0
L 1270.767, -1369.2998, 88.8314, 1299.6217, -1351.9553, 87.376, 100, 50, 0
L 1253.4745, -1341.8988, 90.5322, 1270.767, -1369.2998, 88.8314, 100, 50, 0
L 1284.3822, -1325.5918, 89.73, 1253.4745, -1341.8988, 90.5322, 100, 50, 0
L 1288.2202, -1332.7, 89.1642, 1284.3822, -1325.5918, 89.73, 100, 50, 0
L 1310.8496, -1363.5378, 87.376, 1317.8733, -1369.9768, 87.376, 100, 50, 0
L 1288.195, -1385.1674, 87.376, 1310.8496, -1363.5378, 87.376, 100, 50, 0
L 1309.984, -1408.8766, 87.376, 1288.195, -1385.1674, 87.376, 100, 50, 0
L 1333.2619, -1387.4265, 87.376, 1309.984, -1408.8766, 87.376, 100, 50, 0
L 1327.7647, -1380.8903, 87.376, 1333.2619, -1387.4265, 87.376, 100, 50, 0
L 1356.4183, -1402.9052, 87.376, 1365.2582, -1400.8821, 87.376, 100, 50, 0
L 1365.3958, -1453.4947, 87.376, 1356.4183, -1402.9052, 87.376, 100, 50, 0
L 1397.668, -1447.155, 87.376, 1365.3958, -1453.4947, 87.376, 100, 50, 0
L 1387.406, -1397.1183, 87.376, 1397.668, -1447.155, 87.376, 100, 50, 0
L 1379.7681, -1398.3643, 87.376, 1387.406, -1397.1183, 87.376, 100, 50, 0
L -938.9927, -1808.5247, 203.7164, -1587.144, -1788.3335, 204.7374, 0, 125, 0
L -1587.144, -1788.3335, 204.7374, -1790.1909, -1400.9713, 203.4405, 0, 125, 0
L -1790.1909, -1400.9713, 203.4405, -1852.7176, -684.8282, 254.3487, 0, 125, 0
L -1852.7176, -684.8282, 254.3487, -1886.771, -545.551, 252.9413, 0, 125, 0
L -1886.771, -545.551, 252.9413, -1968.5927, -198.2587, 121.4715, 0, 125, 0
L -1968.5927, -198.2587, 121.4715, -1927.9611, -171.978, 109.9333, 64, 64, 64
L -1927.9611, -171.978, 109.9333, -1921.673, -144.798, 102.701, 64, 64, 64
L -1921.673, -144.798, 102.701, -1929.7034, -116.6144, 94.4972, 64, 64, 64
L -1929.7034, -116.6144, 94.4972, -1953.2687, -95.5777, 91.2163, 64, 64, 64
L -1953.2687, -95.5777, 91.2163, -1976.625, -89.8372, 90.3183, 64, 64, 64
L -1976.625, -89.8372, 90.3183, -1976.625, -23.2197, 85.501, 64, 64, 64
L -1976.625, -23.2197, 85.501, -2049.3627, -23.6183, 86.626, 64, 64, 64
L -2049.3627, -23.6183, 86.626, -2049.3733, -97.125, 86.626, 64, 64, 64
L -2049.3733, -97.125, 86.626, -2240.6248, -97.125, 86.626, 64, 64, 64
L -2240.625, 94.125, 86.626, -2049.375, 94.125, 86.626, 64, 64, 64
L -2049.375, 94.125, 86.626, -2048.9744, 20.125, 86.626, 64, 64, 64
L -2048.9744, 20.125, 86.626, -1976.625, 20.1356, 85.501, 64, 64, 64
L -1976.625, 20.1356, 85.501, -1976.6215, 59.5882, 85.501, 64, 64, 64
L -1976.6215, 59.5882, 85.501, -1948.473, 67.2574, 85.501, 64, 64, 64
L -1948.473, 67.2574, 85.501, -1928.8639, 87.8328, 86.6206, 64, 64, 64
L -1928.8639, 87.8328, 86.6206, -1921.8051, 116.1463, 88.6572, 64, 64, 64
L -1921.8051, 116.1463, 88.6572, -1931.4565, 144.9869, 92.4462, 64, 64, 64
L -1931.4565, 144.9869, 92.4462, -1955.734, 165.1555, 94.9072, 64, 64, 64
L -1955.734, 165.1555, 94.9072, -1973.1727, 169.2368, 94.296, 64, 64, 64
L -1973.1727, 169.2368, 94.296, -1946.8422, 362.1139, 170.3711, 64, 64, 64
L -1946.8422, 362.1139, 170.3711, -1919.9667, 424.6592, 220.1514, 0, 125, 0
L -1919.9667, 424.6592, 220.1514, -1884.2849, 507.7461, 254.7758, 0, 125, 0
L -1884.2849, 507.7461, 254.7758, -1889.2537, 703.9388, 292.7667, 0, 125, 0
L -1889.2537, 703.9388, 292.7667, -1878.2596, 857.2356, 289.9037, 0, 125, 0
L -1878.2596, 857.2356, 289.9037, -1784.2366, 1231.7609, 358.4125, 0, 125, 0
L -1784.2366, 1231.7609, 358.4125, -1733.6832, 1323.8876, 345.5253, 0, 125, 0
L -1733.6832, 1323.8876, 345.5253, -1672.702, 1401.7844, 347.4655, 0, 125, 0
L -1672.702, 1401.7844, 347.4655, -1592.3306, 1473.1384, 350.5387, 0, 125, 0
L -1592.3306, 1473.1384, 350.5387, -1467.596, 1557.4156, 365.9866, 0, 125, 0
L -1467.596, 1557.4156, 365.9866, -1274.3275, 1630.1648, 352.3251, 0, 125, 0
L -1274.3275, 1630.1648, 352.3251, -1084.6231, 1726.209, 309.9556, 0, 125, 0
L -1084.6231, 1726.209, 309.9556, -971.8917, 1769.8789, 295.908, 0, 125, 0
L -971.8917, 1769.8789, 295.908, -777.111, 1794.695, 249.3616, 0, 125, 0
L -777.111, 1794.695, 249.3616, -478.6705, 1817.4087, 253.2915, 0, 125, 0
L -478.6705, 1817.4087, 253.2915, -223.2618, 1846.1829, 193.2319, 0, 125, 0
L -223.2618, 1846.1829, 193.2319, 35.9675, 1842.1696, 184.701, 0, 125, 0
L 35.9675, 1842.1696, 184.701, 182.2804, 1835.3202, 194.6973, 0, 125, 0
L 182.2804, 1835.3202, 194.6973, 307.6392, 1823.3774, 225.8027, 0, 125, 0
L 307.6392, 1823.3774, 225.8027, 496.52, 1807.9293, 173.2238, 0, 125, 0
L 496.52, 1807.9293, 173.2238, 773.8907, 1821.3587, 187.7913, 0, 125, 0
L 773.8907, 1821.3587, 187.7913, 840.8437, 1822.7299, 182.4222, 0, 125, 0
L 917.5297, 1821.4672, 173.9133, 945.1053, 1819.8822, 165.3108, 0, 125, 0
L 945.1053, 1819.8822, 165.3108, 1103.9681, 1815.2655, 159.7537, 0, 125, 0
L 1103.9681, 1815.2655, 159.7537, 1241.5767, 1805.9502, 159.622, 0, 125, 0
L 1241.5767, 1805.9502, 159.622, 1306.4736, 1786.415, 160.8326, 0, 125, 0
L 1306.4736, 1786.415, 160.8326, 1538.4385, 1717.8687, 192.6091, 0, 125, 0
L 1538.4385, 1717.8687, 192.6091, 1564.9638, 1696.4565, 198.5151, 0, 125, 0
L 1564.9638, 1696.4565, 198.5151, 1589.5625, 1655.6768, 190.5737, 0, 125, 0
L 1589.5625, 1655.6768, 190.5737, 1640.7519, 1567.3884, 175.723, 0, 125, 0
L 1640.7519, 1567.3884, 175.723, 1683.507, 1487.702, 208.7855, 0, 125, 0
L 1683.507, 1487.702, 208.7855, 1699.8234, 1436.7005, 237.2164, 0, 125, 0
L 1699.8234, 1436.7005, 237.2164, 1729.1666, 1312.1648, 272.1501, 0, 125, 0
L 1729.1666, 1312.1648, 272.1501, 1741.2893, 1203.2969, 249.772, 0, 125, 0
L 1741.2893, 1203.2969, 249.772, 1785.8315, 1046.2363, 228.6792, 0, 125, 0
L 1785.8315, 1046.2363, 228.6792, 1787.2257, 859.8579, 195.9156, 0, 125, 0
L 1787.2257, 859.8579, 195.9156, 1790.865, 813.5937, 203.1561, 0, 125, 0
L 1786.4103, 747.8438, 197.2957, 1755.5636, 643.7935, 174.5691, 0, 125, 0
L 1755.5636, 643.7935, 174.5691, 1733.906, 544.7376, 215.3367, 0, 125, 0
L 1733.906, 544.7376, 215.3367, 1686.3424, 462.5362, 229.4151, 0, 125, 0
L 1686.3424, 462.5362, 229.4151, 1611.6331, 372.706, 221.8168, 0, 125, 0
L 1611.6331, 372.706, 221.8168, 1558.4655, 281.52, 238.1201, 0, 125, 0
L 1558.4655, 281.52, 238.1201, 1539.7373, 234.6115, 242.7379, 0, 125, 0
L 1539.7373, 234.6115, 242.7379, 1511.8304, 154.3455, 239.8897, 0, 125, 0
L 1511.8304, 154.3455, 239.8897, 1488.17, 106.3705, 232.469, 0, 125, 0
L 1488.17, 106.3705, 232.469, 1461.941, 38.741, 209.9969, 0, 125, 0
L 1461.941, 38.741, 209.9969, 1450.8134, -90.545, 217.244, 0, 125, 0
L 1450.8134, -90.545, 217.244, 1463.176, -186.519, 231.8094, 0, 125, 0
L 1463.176, -186.519, 231.8094, 1485.7958, -279.8453, 220.4569, 0, 125, 0
L 1485.7958, -279.8453, 220.4569, 1541.3351, -365.554, 235.9553, 0, 125, 0
L 1541.3351, -365.554, 235.9553, 1577.1096, -443.7432, 235.2831, 0, 125, 0
L 1577.1096, -443.7432, 235.2831, 1714.6509, -630.3936, 243.235, 0, 125, 0
L 1714.6509, -630.3936, 243.235, 1746.796, -721.4293, 223.4386, 0, 125, 0
L 1746.796, -721.4293, 223.4386, 1758.7919, -804.9611, 252.3034, 0, 125, 0
L 1758.7919, -804.9611, 252.3034, 1771.8, -884.7428, 253.4881, 0, 125, 0
L 1771.8, -884.7428, 253.4881, 1787.7037, -980.576, 188.3358, 0, 125, 0
L 1787.7037, -980.576, 188.3358, 1794.3413, -1090.8568, 148.9874, 0, 125, 0
L 1773.7757, -1105.4304, 135.7693, 1803.1427, -1229.6757, 161.9029, 0, 125, 0
L 1803.1427, -1229.6757, 161.9029, 1772.9427, -1292.4405, 175.6854, 0, 125, 0
L 1772.9427, -1292.4405, 175.6854, 1763.9666, -1330.8149, 188.5144, 0, 125, 0
L 1763.9666, -1330.8149, 188.5144, 1762.4068, -1410.5524, 195.4787, 0, 125, 0
L 1762.4068, -1410.5524, 195.4787, 1753.1271, -1492.1735, 173.4952, 0, 125, 0
L 1753.1271, -1492.1735, 173.4952, 1735.456, -1542.97, 161.7571, 0, 125, 0
L 1735.456, -1542.97, 161.7571, 1622.8043, -1655.1031, 186.7401, 0, 125, 0
L 1622.8043, -1655.1031, 186.7401, 1439.6477, -1774.9566, 241.7848, 0, 125, 0
L 1439.6477, -1774.9566, 241.7848, 1365.144, -1768.9374, 259.2164, 0, 125, 0
L 1365.144, -1768.9374, 259.2164, 1318.5389, -1767.8313, 264.8367, 0, 125, 0
L 1318.5389, -1767.8313, 264.8367, 1264.354, -1770.858, 256.9519, 0, 125, 0
L 1264.354, -1770.858, 256.9519, 1180.474, -1775.5579, 232.4448, 0, 125, 0
L 1180.474, -1775.5579, 232.4448, 1111.1099, -1784.9724, 232.5211, 0, 125, 0
L 1111.1099, -1784.9724, 232.5211, 1038.7293, -1794.7958, 262.3442, 0, 125, 0
L 1038.7293, -1794.7958, 262.3442, 1007.1326, -1798.6686, 267.4696, 0, 125, 0
L 1007.1326, -1798.6686, 267.4696, 973.5544, -1802.4043, 271.5928, 0, 125, 0
L 973.5544, -1802.4043, 271.5928, 918.8176, -1808.4944, 261.7044, 0, 125, 0
L 918.8176, -1808.4944, 261.7044, 819.9714, -1813.3689, 223.4336, 0, 125, 0
L 819.9714, -1813.3689, 223.4336, 752.7782, -1814.569, 245.525, 0, 125, 0
L 752.7782, -1814.569, 245.525, 714.1506, -1817.3653, 259.202, 0, 125, 0
L 714.1506, -1817.3653, 259.202, 669.409, -1821.9341, 259.138, 0, 125, 0
L 669.409, -1821.9341, 259.138, 618.7006, -1827.1123, 240.8888, 0, 125, 0
L 618.7006, -1827.1123, 240.8888, 547.7326, -1834.121, 203.3824, 0, 125, 0
L 547.7326, -1834.121, 203.3824, 486.9316, -1837.9952, 190.5303, 0, 125, 0
L 486.9316, -1837.9952, 190.5303, 417.3308, -1834.127, 186.963, 0, 125, 0
L 417.3308, -1834.127, 186.963, 356.4474, -1824.7228, 175.9, 0, 125, 0
L 356.4474, -1824.7228, 175.9, 291.6388, -1815.3188, 153.298, 0, 125, 0
L 291.6388, -1815.3188, 153.298, 243.3697, -1777.3098, 109.7023, 0, 125, 0
L 111.7039, -1790.9755, 122.9761, 79.8536, -1794.9394, 123.403, 0, 125, 0
L 79.8536, -1794.9394, 123.403, -22.154, -1846.4744, 159.9265, 0, 125, 0
L -22.154, -1846.4744, 159.9265, -81.1131, -1840.5561, 134.5509, 0, 125, 0
L -81.1131, -1840.5561, 134.5509, -170.1107, -1834.6867, 181.8173, 0, 125, 0
L -170.1107, -1834.6867, 181.8173, -223.5745, -1834.6867, 227.375, 0, 125, 0
L -223.5745, -1834.6867, 227.375, -282.4501, -1834.6864, 259.6746, 0, 125, 0
L -282.4501, -1834.6864, 259.6746, -338.237, -1830.4926, 254.3368, 0, 125, 0
L -338.237, -1830.4926, 254.3368, -408.9005, -1825.653, 215.4269, 0, 125, 0
L -408.9005, -1825.653, 215.4269, -506.6496, -1818.7173, 163.2949, 0, 125, 0
L -506.6496, -1818.7173, 163.2949, -583.1262, -1818.7176, 170.7734, 0, 125, 0
L -583.1262, -1818.7176, 170.7734, -648.3559, -1812.2518, 189.3704, 0, 125, 0
L -648.3559, -1812.2518, 189.3704, -715.2286, -1802.7121, 215.4223, 0, 125, 0
L -715.2286, -1802.7121, 215.4223, -775.2417, -1806.2348, 221.7428, 0, 125, 0
L -775.2417, -1806.2348, 221.7428, -842.575, -1810.94, 222.8956, 0, 125, 0
L -842.575, -1810.94, 222.8956, -936.5538, -1808.5673, 203.7832, 0, 125, 0
L -2092.6239, 50.8866, 86.626, -2092.7896, -53.8104, 86.626, 64, 64, 64
L -2092.7892, -53.8104, 86.626, -2197.756, -53.8671, 86.626, 64, 64, 64
L -2149.1597, 50.8496, 86.626, -2092.6239, 50.8866, 86.626, 64, 64, 64
L -1373.6259, 1113.5851, 71.7866, -1374.2034, 1138.3306, 71.391, 0, 0, 255
L -1374.2034, 1138.3306, 71.391, -1381.192, 1171.94, 71.9188, 0, 0, 255
L -1381.192, 1171.94, 71.9188, -1382.5202, 1190.4507, 71.8483, 0, 0, 255
L -1382.5202, 1190.4507, 71.8483, -1380.2846, 1250.5653, 72.5859, 0, 0, 255
L -1380.2846, 1250.5653, 72.5859, -1375.364, 1266.3167, 72.5379, 0, 0, 255
L -1375.364, 1266.3167, 72.5379, -1360.3511, 1305.1068, 72.263, 0, 0, 255
L -1360.3511, 1305.1068, 72.263, -1345.3615, 1326.385, 72.4077, 0, 0, 255
L -1345.3615, 1326.385, 72.4077, -1326.476, 1351.1244, 72.1461, 0, 0, 255
L -1326.476, 1351.1244, 72.1461, -1295.3082, 1380.605, 71.7805, 0, 0, 255
L -1295.3082, 1380.605, 71.7805, -1270.4079, 1396.1105, 71.8933, 0, 0, 255
L -1270.4079, 1396.1105, 71.8933, -1250.8331, 1404.8351, 71.9789, 0, 0, 255
L -1250.8331, 1404.8351, 71.9789, -1220.8897, 1415.5634, 71.3329, 0, 0, 255
L -1220.8897, 1415.5634, 71.3329, -1198.5471, 1422.1243, 71.879, 0, 0, 255
L -1198.5471, 1422.1243, 71.879, -1177.583, 1421.8643, 71.8338, 0, 0, 255
L -1177.583, 1421.8643, 71.8338, -1160.2797, 1418.8619, 70.8582, 0, 0, 255
L -1160.2797, 1418.8619, 70.8582, -1137.3759, 1412.532, 70.629, 0, 0, 255
L -1137.3759, 1412.532, 70.629, -1096.5702, 1401.2517, 71.6637, 0, 0, 255
L -1096.5702, 1401.2517, 71.6637, -1065.941, 1391.6666, 72.2647, 0, 0, 255
L -1065.941, 1391.6666, 72.2647, -1037.6161, 1375.986, 71.4912, 0, 0, 255
L -1037.6161, 1375.986, 71.4912, -1014.4713, 1355.4802, 71.1465, 0, 0, 255
L -1014.4713, 1355.4802, 71.1465, -996.1851, 1327.3816, 70.9364, 0, 0, 255
L -996.1851, 1327.3816, 70.9364, -990.6412, 1324.1509, 72.5301, 0, 0, 255
L -990.6412, 1324.1509, 72.5301, -985.1346, 1299.9292, 70.909, 0, 0, 255
L -985.1346, 1299.9292, 70.909, -984.3038, 1258.318, 71.174, 0, 0, 255
L -984.3038, 1258.318, 71.174, -987.2559, 1237.1563, 71.5883, 0, 0, 255
L -987.2559, 1237.1563, 71.5883, -994.2105, 1211.2471, 71.6848, 0, 0, 255
L -994.2105, 1211.2471, 71.6848, -1003.8795, 1192.5346, 71.7558, 0, 0, 255
L -1003.8795, 1192.5346, 71.7558, -1020.2003, 1167.4608, 72.2715, 0, 0, 255
L -1020.2003, 1167.4608, 72.2715, -1041.2509, 1151.1044, 72.5288, 0, 0, 255
L -1041.2509, 1151.1044, 72.5288, -1054.123, 1140.6729, 70.9741, 0, 0, 255
L -1054.123, 1140.6729, 70.9741, -1069.4945, 1121.9856, 71.2278, 0, 0, 255
L -1069.4945, 1121.9856, 71.2278, -1093.7662, 1102.5758, 71.9919, 0, 0, 255
L -1093.7662, 1102.5758, 71.9919, -1111.819, 1086.4065, 72.2274, 0, 0, 255
L -1111.819, 1086.4065, 72.2274, -1131.1576, 1077.3144, 71.3294, 0, 0, 255
L -1131.1576, 1077.3144, 71.3294, -1162.2551, 1057.4188, 71.6898, 0, 0, 255
L -1162.2551, 1057.4188, 71.6898, -1178.7647, 1053.54, 70.966, 0, 0, 255
L -1178.7647, 1053.54, 70.966, -1187.7403, 1044.9021, 72.4136, 0, 0, 255
L -1187.7403, 1044.9021, 72.4136, -1211.6954, 1040.1576, 71.5452, 0, 0, 255
L -1211.6954, 1040.1576, 71.5452, -1235.9992, 1032.1621, 72.849, 0, 0, 255
L -1235.9992, 1032.1621, 72.849, -1268.959, 1033.4846, 72.4171, 0, 0, 255
L -1268.959, 1033.4846, 72.4171, -1300.4075, 1043.1216, 71.444, 0, 0, 255
L -1300.4075, 1043.1216, 71.444, -1340.8677, 1065.62, 71.7053, 0, 0, 255
L -1340.8677, 1065.62, 71.7053, -1373.6259, 1113.5851, 71.939, 0, 0, 255
L 840.8437, 1822.6974, 182.393, 840.8436, 1780.9673, 136.9117, 64, 64, 64
L 840.8436, 1780.9673, 136.9117, 834.2471, 1780.5708, 134.1649, 64, 64, 64
L 847.2499, 1893.1388, 100.322, 847.2813, 1757.5934, 100.15, 64, 64, 64
L 834.3378, 1757.5935, 102.197, 847.2813, 1757.5934, 100.1, 64, 64, 64
L 834.4718, 1723.5931, 86.4385, 834.2471, 1780.5708, 102.8798, 64, 64, 64
L 847.3692, 1893.2166, 100.322, 872.3749, 1893.2184, 100.322, 64, 64, 64
L 872.3742, 1938.4685, 100.1, 872.3749, 1893.2184, 100.1, 64, 64, 64
L 856.3749, 1938.4685, 100.1, 872.3742, 1938.4685, 100.1, 64, 64, 64
L 856.3749, 1938.4685, 100.1, 856.3727, 1985.7188, 100.1, 64, 64, 64
L 856.3727, 1985.7188, 100.1, 872.234, 1985.8007, 100.1, 64, 64, 64
L 872.234, 1985.8007, 100.1, 872.33, 2018.2718, 100.322, 64, 64, 64
L 872.33, 2018.2718, 100.322, 844.3749, 2018.4685, 96.1624, 64, 64, 64
L 844.3718, 2033.7188, 96.1051, 887.6249, 2033.7188, 100.322, 64, 64, 64
L 887.6249, 2033.7188, 100.322, 887.625, 1970.4688, 100.1, 64, 64, 64
L 887.625, 1970.4688, 100.1, 871.9446, 1970.4646, 100.1, 64, 64, 64
L 871.9446, 1970.4646, 100.1, 871.9891, 1953.7189, 100.1, 64, 64, 64
L 871.9891, 1953.7189, 100.1, 887.6249, 1953.7188, 100.1, 64, 64, 64
L 887.6249, 1953.7188, 100.1, 887.6212, 1893.4528, 100.322, 64, 64, 64
L 887.6212, 1893.4528, 100.322, 911.1249, 1893.875, 100.322, 64, 64, 64
L 911.1249, 1893.875, 100.322, 911.1037, 1757.8846, 100.1, 64, 64, 64
L 911.1037, 1757.8846, 100.1, 924.7773, 1757.9151, 100.2313, 64, 64, 64
L 925.4518, 1723.973, 100.2313, 924.3189, 1780.9852, 120.4218, 64, 64, 64
L 924.3189, 1780.9852, 120.4218, 917.5312, 1780.967, 120.3995, 64, 64, 64
L 917.5312, 1780.967, 120.3995, 917.5307, 1821.4672, 173.913, 64, 64, 64
L 957.7603, 1754.642, 99.1011, 954.2798, 1741.3225, 89.1299, 64, 64, 64
L 954.2798, 1741.3225, 89.1299, 942.75, 1728.7634, 86.772, 64, 64, 64
L 942.75, 1728.7634, 86.772, 933.7611, 1726.1954, 84.4668, 64, 64, 64
L 933.7611, 1726.1954, 84.4668, 925.4518, 1723.973, 84.9294, 64, 64, 64
L 834.4718, 1723.5931, 89.3901, 817.4545, 1728.1481, 95.2811, 64, 64, 64
L 817.4545, 1728.1481, 95.2811, 808.7913, 1737.748, 100.1, 64, 64, 64
L 808.7913, 1737.748, 100.1, 808.8002, 1739.12, 100.388, 64, 64, 64
L 925.2327, 1734.999, 82.8062, 834.4266, 1735.497, 83.6599, 64, 64, 64
L 925.1769, 1737.8081, 84.1885, 834.5714, 1738.1484, 86.6919, 64, 64, 64
L 834.4062, 1740.6563, 86.4385, 925.1203, 1740.6563, 86.4385, 64, 64, 64
L 925.643, 1743.4688, 88.7197, 834.4062, 1743.4688, 88.7197, 64, 64, 64
L 834.4062, 1746.2813, 90.9697, 925.85, 1746.2813, 90.9697, 64, 64, 64
L 834.4062, 1749.125, 93.9256, 924.9519, 1749.125, 93.2197, 64, 64, 64
L 834.5307, 1751.9374, 96.7939, 924.8961, 1751.9375, 95.501, 64, 64, 64
L 924.8396, 1754.7822, 97.751, 834.3491, 1754.6647, 99.529, 64, 64, 64
L 1791.1276, 813.5937, 203.568, 1748.9413, 813.6233, 140.5802, 64, 64, 64
L 1748.9413, 813.6233, 140.5802, 1747.7074, 818.2224, 139.7505, 64, 64, 64
L 1747.7074, 818.2224, 139.7505, 1743.6989, 822.3211, 135.3615, 64, 64, 64
L 1743.6989, 822.3211, 135.3615, 1739.2382, 823.4818, 129.9463, 64, 64, 64
L 1739.2382, 823.4818, 129.9463, 1733.9331, 822.3695, 125.3105, 64, 64, 64
L 1733.9331, 822.3695, 125.3105, 1729.7471, 818.5583, 121.9756, 64, 64, 64
L 1729.7471, 818.5583, 121.9756, 1728.3804, 813.7143, 120.79, 64, 64, 64
L 1728.3804, 813.7143, 120.79, 1729.539, 808.4075, 121.6204, 64, 64, 64
L 1729.539, 808.4075, 121.6204, 1733.7369, 804.1801, 124.8147, 64, 64, 64
L 1733.7369, 804.1801, 124.8147, 1738.259, 802.9682, 128.2867, 64, 64, 64
L 1738.259, 802.9682, 128.2867, 1738.3233, 798.457, 128.2213, 64, 64, 64
L 1738.3233, 798.457, 128.2213, 2058.1518, 797.8369, 69.635, 64, 64, 64
L 2058.1518, 797.8369, 69.635, 2058.414, 729.3601, 49.1572, 64, 64, 64
L 2058.414, 729.3601, 49.1572, 2092.3748, 729.5625, 29.1571, 64, 64, 64
L 2092.3748, 729.5625, 29.1571, 2160.8861, 729.5623, 29.1572, 64, 64, 64
L 2160.8861, 729.5623, 29.1572, 2195.9884, 729.5449, 49.222, 127, 127, 127
L 2195.9884, 729.5449, 49.222, 2195.9146, 797.8437, 69.1269, 64, 64, 64
L 2229.8123, 729.5312, 49.3125, 2229.8123, 695.3653, 49.3125, 64, 64, 64
L 2229.8123, 695.3653, 49.3125, 2161.4375, 695.309, 29.1572, 64, 64, 64
L 2161.4375, 695.309, 29.1572, 2024.287, 695.4077, 49.1572, 64, 64, 64
L 2024.287, 695.4077, 49.1572, 2024.31, 763.3908, 69.1727, 64, 64, 64
L 2024.31, 763.3908, 69.1727, 1887.3749, 763.6562, 109.322, 64, 64, 64
L 1887.3749, 763.6562, 109.322, 1738.2682, 762.9885, 128.4612, 64, 64, 64
L 1738.2682, 762.9885, 128.4612, 1738.281, 758.534, 126.9667, 64, 64, 64
L 1738.281, 758.534, 126.9667, 1732.7039, 756.8324, 121.5755, 64, 64, 64
L 1732.7039, 756.8324, 121.5755, 1729.1292, 751.571, 117.383, 64, 64, 64
L 1729.1292, 751.571, 117.383, 1728.2571, 748.2437, 116.2806, 64, 64, 64
L 1728.2571, 748.2437, 116.2806, 1729.6179, 743.1165, 117.1354, 64, 64, 64
L 1729.6179, 743.1165, 117.1354, 1734.2201, 738.8722, 120.262, 64, 64, 64
L 1734.2201, 738.8722, 120.262, 1738.7782, 737.8515, 122.5525, 64, 64, 64
L 1748.942, 747.8731, 141.6319, 1747.588, 742.9957, 136.9574, 64, 64, 64
L 1747.588, 742.9957, 136.9574, 1744.2427, 739.6498, 131.2974, 64, 64, 64
L 1744.2427, 739.6498, 131.2974, 1738.7782, 737.8515, 123.6996, 64, 64, 64
L 1748.9417, 747.8731, 140.3457, 1786.4103, 747.8438, 197.8257, 64, 64, 64
L 1857.3732, 797.9062, 127.322, 1857.3749, 763.6562, 127.322, 127, 127, 127
L 1860.7185, 763.6562, 125.322, 1860.7176, 797.9062, 125.322, 127, 127, 127
L 1864.298, 797.9062, 123.322, 1864.313, 763.6562, 123.322, 127, 127, 127
L 1867.3749, 763.6562, 121.322, 1867.3738, 797.9062, 121.322, 127, 127, 127
L 1870.7179, 797.9062, 119.322, 1870.7185, 763.6562, 119.322, 127, 127, 127
L 1874.31, 763.6562, 117.322, 1874.304, 797.9062, 117.322, 127, 127, 127
L 1877.3738, 797.9062, 115.322, 1877.3749, 763.6562, 115.322, 127, 127, 127
L 1880.7185, 763.6562, 113.322, 1880.7174, 797.9062, 113.322, 127, 127, 127
L 1884.301, 797.9062, 111.322, 1884.31, 763.6562, 111.322, 127, 127, 127
L 1887.3749, 763.6562, 109.322, 1887.374, 797.9062, 109.322, 127, 127, 127
L 1925.7173, 797.9062, 107.322, 1925.7185, 763.6562, 107.322, 127, 127, 127
L 1929.31, 763.6562, 105.322, 1929.298, 797.9062, 105.322, 127, 127, 127
L 1932.3739, 797.9062, 103.322, 1932.3749, 763.6562, 103.322, 127, 127, 127
L 1935.7185, 763.6562, 101.322, 1935.7176, 797.9062, 101.322, 127, 127, 127
L 1939.304, 797.9062, 99.322, 1939.313, 763.6562, 99.322, 127, 127, 127
L 1942.375, 763.6562, 97.322, 1942.3738, 797.9062, 97.322, 127, 127, 127
L 1945.7176, 797.9062, 95.322, 1945.7185, 763.6562, 95.322, 127, 127, 127
L 1949.31, 763.6562, 93.322, 1949.302, 797.9062, 93.322, 127, 127, 127
L 1952.374, 797.9062, 91.322, 1952.3749, 763.6562, 91.322, 127, 127, 127
L 1955.7185, 763.6562, 89.322, 1955.7177, 797.9062, 89.322, 127, 127, 127
L 1994.298, 797.9062, 87.635, 1994.31, 763.6562, 87.635, 127, 127, 127
L 1997.3749, 763.6562, 85.635, 1997.3739, 797.9062, 85.635, 127, 127, 127
L 2000.7176, 797.9062, 83.635, 2000.7185, 763.6562, 83.635, 127, 127, 127
L 2004.313, 763.6562, 81.635, 2004.305, 797.9062, 81.635, 127, 127, 127
L 2007.374, 797.9062, 79.635, 2007.3749, 763.6562, 79.635, 127, 127, 127
L 2010.7185, 763.6562, 77.635, 2010.7177, 797.9062, 77.635, 127, 127, 127
L 2014.307, 797.9062, 75.635, 2014.313, 763.6562, 75.635, 127, 127, 127
L 2017.3749, 763.6562, 73.635, 2017.374, 797.9062, 73.635, 127, 127, 127
L 2020.7181, 797.9062, 71.635, 2020.7185, 763.6562, 71.635, 127, 127, 127
L 2023.9981, 759.5312, 67.1572, 2058.25, 759.5312, 67.1572, 127, 127, 127
L 2058.25, 756.2187, 65.1572, 2023.9999, 756.2187, 65.1572, 127, 127, 127
L 2023.9999, 752.8749, 63.1572, 2058.25, 752.8749, 63.1572, 127, 127, 127
L 2058.25, 749.5312, 61.1572, 2023.9999, 749.5312, 61.1572, 127, 127, 127
L 2023.9999, 746.2187, 59.1572, 2058.2498, 746.2187, 59.1572, 127, 127, 127
L 2058.25, 742.8749, 57.1572, 2023.9989, 742.875, 57.1572, 127, 127, 127
L 2023.999, 739.5312, 55.1572, 2058.25, 739.5312, 55.1572, 127, 127, 127
L 2058.2498, 736.2187, 53.1572, 2023.999, 736.2187, 53.1572, 127, 127, 127
L 2023.9999, 732.875, 51.1572, 2058.25, 732.8749, 51.1572, 127, 127, 127
L 2062.3748, 695.3124, 47.1572, 2062.3728, 729.5625, 47.1572, 127, 127, 127
L 2065.717, 729.5625, 45.1572, 2065.7182, 695.3124, 45.1572, 127, 127, 127
L 2069.309, 695.3124, 43.1572, 2069.293, 729.5625, 43.1572, 127, 127, 127
L 2072.373, 729.5625, 41.1572, 2072.3748, 695.3124, 41.1572, 127, 127, 127
L 2075.7184, 695.3124, 39.1572, 2075.7166, 729.5625, 39.1572, 127, 127, 127
L 2079.286, 729.5625, 37.1572, 2079.309, 695.3124, 37.1572, 127, 127, 127
L 2082.3748, 695.3124, 35.1572, 2082.3739, 729.5625, 35.1572, 127, 127, 127
L 2085.7163, 729.5625, 33.1572, 2085.7184, 695.3124, 33.1572, 127, 127, 127
L 2089.309, 695.3124, 31.1571, 2089.297, 729.5625, 31.1571, 127, 127, 127
L 2092.3715, 729.5625, 29.1571, 2092.3748, 695.3124, 29.1571, 127, 127, 127
L 2191.4375, 695.3124, 47.1572, 2191.4375, 729.5624, 47.1572, 127, 127, 127
L 2188.934, 729.5624, 45.1572, 2188.938, 695.3124, 45.1572, 127, 127, 127
L 2184.75, 695.3124, 43.1572, 2184.75, 729.5625, 43.1572, 127, 127, 127
L 2181.4375, 729.5624, 41.1572, 2181.4375, 695.3124, 41.1572, 127, 127, 127
L 2178.938, 695.3124, 39.1572, 2178.938, 729.5624, 39.1572, 127, 127, 127
L 2174.7498, 729.5624, 37.1572, 2174.75, 695.3124, 37.1572, 127, 127, 127
L 2171.4375, 695.3124, 35.1572, 2171.4375, 729.5624, 35.1572, 127, 127, 127
L 2168.938, 729.5624, 33.1572, 2168.938, 695.3124, 33.1572, 127, 127, 127
L 2164.75, 695.3124, 31.1571, 2164.75, 729.5624, 31.1571, 127, 127, 127
L 2161.4375, 729.5624, 29.1572, 2161.4375, 695.3124, 29.1572, 127, 127, 127
L 1794.3413, -1090.8568, 119.7125, 1830.8715, -1115.9056, 109.897, 150, 100, 0
L 1830.8715, -1115.9056, 109.897, 1846.3987, -1117.2454, 109.106, 150, 100, 0
L 1846.3987, -1117.2454, 109.106, 1861.6975, -1114.477, 103.1749, 150, 100, 0
L 1861.6975, -1114.477, 103.1749, 1871.1597, -1071.1956, 88.9044, 150, 100, 0
L 1871.1597, -1071.1956, 88.9044, 1889.748, -1047.2816, 83.7459, 150, 100, 0
L 1889.748, -1047.2816, 83.7459, 1910.8131, -1036.4773, 83.84, 150, 100, 0
L 1910.8131, -1036.4773, 83.84, 1928.3748, -1032.5179, 81.6607, 150, 100, 0
L 1928.3748, -1032.5179, 81.6607, 1939.2556, -1026.2036, 79.6487, 150, 100, 0
L 1939.2556, -1026.2036, 79.6487, 1944.8909, -1016.904, 76.7069, 150, 100, 0
L 1944.8909, -1016.904, 76.7069, 1946.592, -1005.7702, 75.2702, 150, 100, 0
L 1946.592, -1005.7702, 75.2702, 1946.3782, -996.62, 72.4137, 150, 100, 0
L 1946.3782, -996.62, 72.4137, 1941.23, -982.6608, 70.5328, 150, 100, 0
L 1941.23, -982.6608, 70.5328, 1931.7645, -960.6223, 68.8555, 150, 100, 0
L 1931.7645, -960.6223, 68.8555, 1931.537, -948.9782, 72.8772, 150, 100, 0
L 1931.537, -948.9782, 72.8772, 1930.428, -938.8671, 71.2199, 150, 100, 0
L 1930.428, -938.8671, 71.2199, 1925.2661, -938.946, 69.3555, 150, 100, 0
L 1925.2661, -938.946, 69.3555, 1920.6511, -938.1757, 67.6859, 150, 100, 0
L 1920.6511, -938.1757, 67.6859, 1908.4837, -927.1837, 64.5357, 150, 100, 0
L 1908.4837, -927.1837, 64.5357, 1893.387, -909.5001, 60.8, 150, 100, 0
L 1893.387, -909.5001, 60.8, 1883.6836, -891.7382, 60.5765, 150, 100, 0
L 1883.6836, -891.7382, 60.5765, 1881.4724, -879.1634, 59.423, 150, 100, 0
L 1881.4724, -879.1634, 59.423, 1884.625, -845.3159, 69.5992, 150, 100, 0
L 1884.625, -845.3159, 69.5992, 1892.7692, -829.3319, 60.3123, 150, 100, 0
L 1892.7692, -829.3319, 60.3123, 1905.3606, -813.5146, 65.7614, 150, 100, 0
L 1905.3606, -813.5146, 65.7614, 1916.1829, -809.5164, 68.6623, 150, 100, 0
L 1916.1829, -809.5164, 68.6623, 1927.4903, -805.1575, 65.971, 150, 100, 0
L 1927.4903, -805.1575, 65.971, 1941.6176, -798.3541, 59.2591, 150, 100, 0
L 1941.6176, -798.3541, 59.2591, 1962.6195, -792.125, 54.5743, 150, 100, 0
L 1962.6195, -792.125, 54.5743, 1975.7538, -792.1781, 56.5264, 150, 100, 0
L 1975.7538, -792.1781, 56.5264, 1983.9537, -794.5635, 57.8802, 150, 100, 0
L 1983.9537, -794.5635, 57.8802, 1993.9972, -799.1077, 67.46, 150, 100, 0
L 1993.9972, -799.1077, 67.46, 1998.5361, -805.9178, 69.4703, 150, 100, 0
L 1998.5361, -805.9178, 69.4703, 2000.1505, -809.4765, 68.6415, 150, 100, 0
L 2000.1505, -809.4765, 68.6415, 2008.5232, -809.34, 67.9834, 150, 100, 0
L 2008.5232, -809.34, 67.9834, 2023.4467, -810.26, 66.5936, 150, 100, 0
L 2023.4467, -810.26, 66.5936, 2044.6358, -819.8859, 64.1156, 150, 100, 0
L 2044.6358, -819.8859, 64.1156, 2065.6282, -838.6726, 62.5748, 150, 100, 0
L 2065.6282, -838.6726, 62.5748, 2076.2694, -862.4858, 59.5733, 150, 100, 0
L 2076.2694, -862.4858, 59.5733, 2079.154, -891.3735, 55.6878, 150, 100, 0
L 2079.154, -891.3735, 55.6878, 2080.9148, -897.6362, 54.4609, 150, 100, 0
L 2080.9148, -897.6362, 54.4609, 2088.6062, -906.7621, 52.825, 150, 100, 0
L 2088.6062, -906.7621, 52.825, 2099.9533, -911.557, 49.7685, 150, 100, 0
L 2099.9533, -911.557, 49.7685, 2121.2271, -918.9697, 48.3751, 150, 100, 0
L 2121.2271, -918.9697, 48.3751, 2140.5626, -943.5443, 46.867, 150, 100, 0
L 2140.5626, -943.5443, 46.867, 2147.5185, -970.157, 42.8051, 150, 100, 0
L 2147.5185, -970.157, 42.8051, 2140.9841, -994.7363, 39.1822, 150, 100, 0
L 2140.9841, -994.7363, 39.1822, 2121.3569, -1028.5673, 34.76, 150, 100, 0
L 2121.3569, -1028.5673, 34.76, 2118.9956, -1042.8025, 31.9629, 150, 100, 0
L 2118.9956, -1042.8025, 31.9629, 2135.3, -1048.343, 31.4163, 150, 100, 0
L 2135.3, -1048.343, 31.4163, 2153.8076, -1058.9295, -4.4698, 150, 100, 0
L 2153.8076, -1058.9295, -4.4698, 2170.1125, -1071.59, -13.1864, 150, 100, 0
L 2170.1125, -1071.59, -13.1864, 2164.9043, -1076.5802, -11.6243, 150, 100, 0
L 2164.9043, -1076.5802, -11.6243, 2162.9346, -1087.5378, -5.2419, 150, 100, 0
L 2162.9346, -1087.5378, -5.2419, 2180.661, -1091.3563, 0.8962, 150, 100, 0
L 2180.661, -1091.3563, 0.8962, 2215.2155, -1099.23, -11.8039, 150, 100, 0
L 2215.2155, -1099.23, -11.8039, 2230.2537, -1108.2753, -16.5765, 150, 100, 0
L 2230.2537, -1108.2753, -16.5765, 2245.5846, -1128.8231, -21.7927, 150, 100, 0
L 2245.5846, -1128.8231, -21.7927, 2253.6559, -1157.9082, -23.9124, 150, 100, 0
L 2253.6559, -1157.9082, -23.9124, 2250.7244, -1181.3036, -27.2471, 150, 100, 0
L 2250.7244, -1181.3036, -27.2471, 2234.3242, -1209.723, -31.6221, 150, 100, 0
L 2234.3242, -1209.723, -31.6221, 2223.57, -1216.959, -33.8027, 150, 100, 0
L 2223.57, -1216.959, -33.8027, 2215.4081, -1227.1302, -36.7642, 150, 100, 0
L 2215.4081, -1227.1302, -36.7642, 2202.436, -1265.2886, -43.6629, 150, 100, 0
L 2202.436, -1265.2886, -43.6629, 2184.8542, -1288.4196, -46.5159, 150, 100, 0
L 2184.8542, -1288.4196, -46.5159, 2160.7775, -1302.7815, -50.1888, 150, 100, 0
L 2160.7775, -1302.7815, -50.1888, 2134.7761, -1306.172, -52.6208, 150, 100, 0
L 2134.7761, -1306.172, -52.6208, 2125.454, -1310.7815, -56.461, 150, 100, 0
L 2125.454, -1310.7815, -56.461, 2110.3335, -1319.8965, -51.5354, 150, 100, 0
L 2110.3335, -1319.8965, -51.5354, 2115.7521, -1339.9736, -41.5959, 150, 100, 0
L 2115.7521, -1339.9736, -41.5959, 2130.625, -1347.6918, -45.268, 150, 100, 0
L 2130.625, -1347.6918, -45.268, 2142.416, -1352.4264, -51.1052, 150, 100, 0
L 2142.416, -1352.4264, -51.1052, 2155.2824, -1372.717, -61.454, 150, 100, 0
L 2155.2824, -1372.717, -61.454, 2152.5925, -1405.8626, -59.923, 150, 100, 0
L 2152.5925, -1405.8626, -59.923, 2151.587, -1428.7188, -37.7937, 150, 100, 0
L 2151.587, -1428.7188, -37.7937, 2170.7197, -1429.4151, -44.1497, 150, 100, 0
L 2170.7197, -1429.4151, -44.1497, 2182.9101, -1427.6013, -42.8686, 150, 100, 0
L 2182.9101, -1427.6013, -42.8686, 2209.3793, -1419.8041, -39.3855, 150, 100, 0
L 2209.3793, -1419.8041, -39.3855, 2226.5212, -1417.5009, -37.1407, 150, 100, 0
L 2226.5212, -1417.5009, -37.1407, 2245.469, -1417.2699, -34.842, 150, 100, 0
L 2245.469, -1417.2699, -34.842, 2243.6965, -1407.5377, -26.32, 150, 100, 0
L 2243.6965, -1407.5377, -26.32, 2248.9863, -1399.6293, -23.3809, 150, 100, 0
L 2248.9863, -1399.6293, -23.3809, 2268.8469, -1378.7938, -34.5045, 150, 100, 0
L 2268.8469, -1378.7938, -34.5045, 2279.9854, -1368.6709, -33.5112, 150, 100, 0
L 2279.9854, -1368.6709, -33.5112, 2311.5039, -1360.2339, -31.5015, 150, 100, 0
L 2311.5039, -1360.2339, -31.5015, 2339.9884, -1353.5604, -30.4647, 150, 100, 0
L 2339.9884, -1353.5604, -30.4647, 2375.6747, -1360.6228, -32.1512, 150, 100, 0
L 2375.6747, -1360.6228, -32.1512, 2401.4247, -1372.4994, -29.9101, 150, 100, 0
L 2401.4247, -1372.4994, -29.9101, 2414.8279, -1389.5537, -29.3808, 150, 100, 0
L 2414.8279, -1389.5537, -29.3808, 2418.1194, -1409.797, -29.3509, 150, 100, 0
L 2418.1194, -1409.797, -29.3509, 2408.8546, -1457.9393, -27.58, 150, 100, 0
L 2408.8546, -1457.9393, -27.58, 2382.9331, -1478.4159, -34.3008, 150, 100, 0
L 2382.9331, -1478.4159, -34.3008, 2346.2011, -1482.3622, -35.759, 150, 100, 0
L 2346.2011, -1482.3622, -35.759, 2312.4519, -1480.933, -35.1942, 150, 100, 0
L 2312.4519, -1480.933, -35.1942, 2261.2471, -1475.3611, -35.5921, 150, 100, 0
L 2261.2471, -1475.3611, -35.5921, 2244.278, -1458.9158, -25.5809, 150, 100, 0
L 2244.278, -1458.9158, -25.5809, 2243.1757, -1454.7813, -24.8882, 150, 100, 0
L 2243.1757, -1454.7813, -24.8882, 2224.6579, -1454.7808, -36.837, 150, 100, 0
L 2224.6579, -1454.7808, -36.837, 2209.8308, -1457.7968, -40.243, 150, 100, 0
L 2209.8308, -1457.7968, -40.243, 2193.165, -1463.1301, -42.9893, 150, 100, 0
L 2193.165, -1463.1301, -42.9893, 2171.6894, -1466.7889, -44.3275, 150, 100, 0
L 2171.6894, -1466.7889, -44.3275, 2160.2883, -1466.8897, -41.795, 150, 100, 0
L 2160.2883, -1466.8897, -41.795, 2151.1347, -1466.9846, -41.5975, 150, 100, 0
L 2151.1347, -1466.9846, -41.5975, 2151.3656, -1483.3043, -39.5185, 150, 100, 0
L 2151.3656, -1483.3043, -39.5185, 2116.72, -1512.1153, -53.9928, 150, 100, 0
L 2116.72, -1512.1153, -53.9928, 2095.8647, -1515.406, -56.2612, 150, 100, 0
L 2095.8647, -1515.406, -56.2612, 2063.166, -1520.7312, -61.1019, 150, 100, 0
L 2063.166, -1520.7312, -61.1019, 2012.814, -1518.6537, -47.1045, 150, 100, 0
L 2012.814, -1518.6537, -47.1045, 1998.1271, -1517.9799, -47.5692, 150, 100, 0
L 1998.1271, -1517.9799, -47.5692, 1990.7687, -1492.4105, -53.2952, 150, 100, 0
L 1990.7687, -1492.4105, -53.2952, 1983.8716, -1466.1654, -52.414, 150, 100, 0
L 1983.8716, -1466.1654, -52.414, 1978.2934, -1444.9347, -55.7849, 150, 100, 0
L 1978.2934, -1444.9347, -55.7849, 1977.525, -1424.818, -41.9119, 150, 100, 0
L 1977.525, -1424.818, -41.9119, 1975.9021, -1419.5054, -42.8241, 150, 100, 0
L 1975.9021, -1419.5054, -42.8241, 1964.4246, -1422.9896, -45.198, 150, 100, 0
L 1964.4246, -1422.9896, -45.198, 1952.8992, -1427.9721, -45.9373, 150, 100, 0
L 1952.8992, -1427.9721, -45.9373, 1931.3621, -1442.4573, -44.1261, 150, 100, 0
L 1931.3621, -1442.4573, -44.1261, 1908.833, -1449.3088, -42.813, 150, 100, 0
L 1908.833, -1449.3088, -42.813, 1889.4166, -1450.146, -38.6334, 150, 100, 0
L 1889.4166, -1450.146, -38.6334, 1886.1847, -1458.853, -34.401, 150, 100, 0
L 1886.1847, -1458.853, -34.401, 1881.2197, -1465.4185, -34.2438, 150, 100, 0
L 1881.2197, -1465.4185, -34.2438, 1851.525, -1494.6436, -50.566, 150, 100, 0
L 1851.525, -1494.6436, -50.566, 1841.7066, -1497.3424, -47.5581, 150, 100, 0
L 1841.7066, -1497.3424, -47.5581, 1793.6937, -1509.4903, -50.5596, 150, 100, 0
L 1793.6937, -1509.4903, -50.5596, 1754.9185, -1502.3526, -51.4288, 150, 100, 0
L 1754.9185, -1502.3526, -51.4288, 1731.875, -1491.566, -54.798, 150, 100, 0
L 1731.875, -1491.566, -54.798, 1716.4698, -1473.1358, -59.8494, 150, 100, 0
L 1716.4698, -1473.1358, -59.8494, 1712.8454, -1451.5078, -62.745, 150, 100, 0
L 1712.8454, -1451.5078, -62.745, 1711.7942, -1443.8777, -61.6158, 150, 100, 0
L 1711.7942, -1443.8777, -61.6158, 1717.4346, -1423.4673, -62.5816, 150, 100, 0
L 1717.4346, -1423.4673, -62.5816, 1722.5202, -1405.4286, -58.8496, 150, 100, 0
L 1722.5202, -1405.4286, -58.8496, 1748.5264, -1384.8852, -55.6629, 150, 100, 0
L 1748.5264, -1384.8852, -55.6629, 1780.7888, -1381.153, -51.7088, 150, 100, 0
L 1780.7888, -1381.153, -51.7088, 1821.2963, -1382.519, -47.7702, 150, 100, 0
L 1821.2963, -1382.519, -47.7702, 1837.7932, -1383.4142, -43.7368, 150, 100, 0
L 1837.7932, -1383.4142, -43.7368, 1859.5217, -1391.7352, -31.3289, 150, 100, 0
L 1859.5217, -1391.7352, -31.3289, 1876.9348, -1416.723, -20.68, 150, 100, 0
L 1876.9348, -1416.723, -20.68, 1886.2593, -1421.8705, -27.8279, 150, 100, 0
L 1886.2593, -1421.8705, -27.8279, 1894.8634, -1421.8053, -34.267, 150, 100, 0
L 1894.8634, -1421.8053, -34.267, 1904.5181, -1419.4773, -42.3712, 150, 100, 0
L 1904.5181, -1419.4773, -42.3712, 1913.433, -1413.6274, -49.2015, 150, 100, 0
L 1913.433, -1413.6274, -49.2015, 1922.9075, -1404.371, -45.5247, 150, 100, 0
L 1922.9075, -1404.371, -45.5247, 1936.4878, -1395.6476, -46.7308, 150, 100, 0
L 1936.4878, -1395.6476, -46.7308, 1948.3964, -1390.8299, -49.609, 150, 100, 0
L 1948.3964, -1390.8299, -49.609, 1962.7119, -1387.6039, -49.8862, 150, 100, 0
L 1962.7119, -1387.6039, -49.8862, 1973.421, -1385.7431, -44.4572, 150, 100, 0
L 1973.421, -1385.7431, -44.4572, 1982.425, -1381.2677, -42.9626, 150, 100, 0
L 1982.425, -1381.2677, -42.9626, 1982.322, -1362.3656, -41.6796, 150, 100, 0
L 1982.322, -1362.3656, -41.6796, 1988.6304, -1340.9408, -54.7552, 150, 100, 0
L 1988.6304, -1340.9408, -54.7552, 1994.1639, -1326.7726, -57.4483, 150, 100, 0
L 1994.1639, -1326.7726, -57.4483, 1999.6563, -1314.1498, -60.1869, 150, 100, 0
L 1999.6563, -1314.1498, -60.1869, 2004.9507, -1306.1349, -63.57, 150, 100, 0
L 2004.9507, -1306.1349, -63.57, 2014.577, -1299.3988, -63.5259, 150, 100, 0
L 2014.577, -1299.3988, -63.5259, 2026.7262, -1290.2457, -67.2287, 150, 100, 0
L 2026.7262, -1290.2457, -67.2287, 2038.1868, -1285.6013, -71.4068, 150, 100, 0
L 2038.1868, -1285.6013, -71.4068, 2050.122, -1283.8556, -70.4206, 150, 100, 0
L 2050.122, -1283.8556, -70.4206, 2061.9587, -1283.8388, -66.6264, 150, 100, 0
L 2061.9587, -1283.8388, -66.6264, 2068.9587, -1287.6496, -55.9386, 150, 100, 0
L 2068.9587, -1287.6496, -55.9386, 2080.4414, -1292.6098, -52.3374, 150, 100, 0
L 2080.4414, -1292.6098, -52.3374, 2089.3056, -1293.5843, -52.9421, 150, 100, 0
L 2089.3056, -1293.5843, -52.9421, 2106.6449, -1278.4845, -55.5972, 150, 100, 0
L 2106.6449, -1278.4845, -55.5972, 2134.5878, -1268.7919, -52.6345, 150, 100, 0
L 2134.5878, -1268.7919, -52.6345, 2149.938, -1267.2568, -49.9656, 150, 100, 0
L 2149.938, -1267.2568, -49.9656, 2161.8353, -1259.2466, -46.3693, 150, 100, 0
L 2161.8353, -1259.2466, -46.3693, 2169.7743, -1248.663, -43.5459, 150, 100, 0
L 2169.7743, -1248.663, -43.5459, 2174.9841, -1237.4679, -40.7426, 150, 100, 0
L 2174.9841, -1237.4679, -40.7426, 2179.6621, -1217.1527, -36.731, 150, 100, 0
L 2179.6621, -1217.1527, -36.731, 2191.811, -1197.8659, -33.6574, 150, 100, 0
L 2191.811, -1197.8659, -33.6574, 2208.8694, -1182.1078, -31.4392, 150, 100, 0
L 2208.8694, -1182.1078, -31.4392, 2215.873, -1168.2536, -27.2735, 150, 100, 0
L 2215.873, -1168.2536, -27.2735, 2216.5561, -1156.3723, -23.7282, 150, 100, 0
L 2216.5561, -1156.3723, -23.7282, 2211.278, -1141.4601, -21.98, 150, 100, 0
L 2211.278, -1141.4601, -21.98, 2203.3695, -1133.769, -16.2439, 150, 100, 0
L 2203.3695, -1133.769, -16.2439, 2193.557, -1129.7128, -13.4505, 150, 100, 0
L 2193.557, -1129.7128, -13.4505, 2178.1188, -1128.9215, -4.1116, 150, 100, 0
L 2178.1188, -1128.9215, -4.1116, 2171.7878, -1135.3774, 1.6012, 150, 100, 0
L 2171.7878, -1135.3774, 1.6012, 2169.637, -1150.7666, 1.6262, 150, 100, 0
L 2169.637, -1150.7666, 1.6262, 2152.5095, -1154.761, -1.4964, 150, 100, 0
L 2152.5095, -1154.761, -1.4964, 2145.4189, -1154.9954, 5.1643, 150, 100, 0
L 2145.4189, -1154.9954, 5.1643, 2127.1671, -1151.2902, 11.4054, 150, 100, 0
L 2127.1671, -1151.2902, 11.4054, 2112.6527, -1147.1288, 19.225, 150, 100, 0
L 2112.6527, -1147.1288, 19.225, 2095.9423, -1143.3517, 35.4917, 150, 100, 0
L 2095.9423, -1143.3517, 35.4917, 2043.109, -1124.5459, 55.5816, 150, 100, 0
L 2043.109, -1124.5459, 55.5816, 2027.5443, -1104.8344, 57.7646, 150, 100, 0
L 2027.5443, -1104.8344, 57.7646, 2030.3949, -1079.809, 55.9876, 150, 100, 0
L 2030.3949, -1079.809, 55.9876, 2042.7674, -1060.8732, 53.146, 150, 100, 0
L 2042.7674, -1060.8732, 53.146, 2058.3418, -1049.4729, 52.7124, 150, 100, 0
L 2058.3418, -1049.4729, 52.7124, 2071.8337, -1042.8939, 46.1505, 150, 100, 0
L 2071.8337, -1042.8939, 46.1505, 2079.8193, -1042.208, 43.6176, 150, 100, 0
L 2079.8193, -1042.208, 43.6176, 2082.153, -1042.3804, 42.74, 150, 100, 0
L 2082.153, -1042.3804, 42.74, 2090.1237, -1010.673, 34.6071, 150, 100, 0
L 2090.1237, -1010.673, 34.6071, 2106.2292, -981.4968, 39.2053, 150, 100, 0
L 2106.2292, -981.4968, 39.2053, 2110.3195, -969.6286, 42.6799, 150, 100, 0
L 2110.3195, -969.6286, 42.6799, 2103.9092, -955.1889, 46.9992, 150, 100, 0
L 2103.9092, -955.1889, 46.9992, 2099.68, -948.9628, 48.2008, 150, 100, 0
L 2099.68, -948.9628, 48.2008, 2083.2869, -944.9027, 50.1084, 150, 100, 0
L 2083.2869, -944.9027, 50.1084, 2069.967, -938.43, 51.5486, 150, 100, 0
L 2069.967, -938.43, 51.5486, 2061.9648, -932.2713, 52.5009, 150, 100, 0
L 2061.9648, -932.2713, 52.5009, 2048.8591, -915.6258, 54.3337, 150, 100, 0
L 2048.8591, -915.6258, 54.3337, 2045.4608, -909.2385, 54.9765, 150, 100, 0
L 2045.4608, -909.2385, 54.9765, 2042.2288, -892.3414, 56.3564, 150, 100, 0
L 2042.2288, -892.3414, 56.3564, 2040.2179, -871.6549, 59.6081, 150, 100, 0
L 2040.2179, -871.6549, 59.6081, 2034.7434, -859.2804, 62.6208, 150, 100, 0
L 2034.7434, -859.2804, 62.6208, 2025.759, -851.5524, 63.8815, 150, 100, 0
L 2025.759, -851.5524, 63.8815, 2013.3804, -846.2369, 66.6266, 150, 100, 0
L 2013.3804, -846.2369, 66.6266, 1997.8343, -845.6495, 68.7957, 150, 100, 0
L 1997.8343, -845.6495, 68.7957, 2000.853, -852.1022, 68.5473, 150, 100, 0
L 2000.853, -852.1022, 68.5473, 1994.8783, -893.634, 60.844, 150, 100, 0
L 1994.8783, -893.634, 60.844, 1994.3931, -903.2998, 58.4082, 150, 100, 0
L 1994.3931, -903.2998, 58.4082, 1992.4706, -929.1544, 64.9624, 150, 100, 0
L 1992.4706, -929.1544, 64.9624, 1980.2922, -934.7948, 71.3536, 150, 100, 0
L 1980.2922, -934.7948, 71.3536, 1968.3184, -938.1376, 71.495, 150, 100, 0
L 1968.3184, -938.1376, 71.495, 1968.4909, -953.9442, 71.4941, 150, 100, 0
L 1968.4909, -953.9442, 71.4941, 1982.6181, -988.5806, 72.8721, 150, 100, 0
L 1982.6181, -988.5806, 72.8721, 1983.6599, -1009.8311, 75.3087, 150, 100, 0
L 1983.6599, -1009.8311, 75.3087, 1979.3822, -1029.832, 77.157, 150, 100, 0
L 1979.3822, -1029.832, 77.157, 1968.45, -1049.1475, 79.6779, 150, 100, 0
L 1968.45, -1049.1475, 79.6779, 1966.6024, -1051.393, 79.9127, 150, 100, 0
L 1966.6024, -1051.393, 79.9127, 1943.3351, -1066.3097, 81.926, 150, 100, 0
L 1943.3351, -1066.3097, 81.926, 1918.1005, -1071.1884, 83.518, 150, 100, 0
L 1918.1005, -1071.1884, 83.518, 1909.2797, -1076.748, 85.8679, 150, 100, 0
L 1909.2797, -1076.748, 85.8679, 1904.132, -1084.7464, 89.8414, 150, 100, 0
L 1904.132, -1084.7464, 89.8414, 1901.6738, -1102.4005, 95.597, 150, 100, 0
L 1901.6738, -1102.4005, 95.597, 1897.3644, -1123.5735, 98.8078, 150, 100, 0
L 1897.3644, -1123.5735, 98.8078, 1888.868, -1139.1929, 100.739, 150, 100, 0
L 1888.868, -1139.1929, 100.739, 1860.7291, -1153.3433, 105.6003, 150, 100, 0
L 1860.7291, -1153.3433, 105.6003, 1837.607, -1152.8864, 110.4047, 150, 100, 0
L 1837.607, -1152.8864, 110.4047, 1820.957, -1147.7113, 113.2022, 150, 100, 0
L 1820.957, -1147.7113, 113.2022, 1773.7757, -1105.4304, 116.4728, 150, 100, 0
L 243.5604, -1777.9661, 110.96, 240.2023, -1766.2017, 104.4776, 64, 64, 64
L 240.2023, -1766.2017, 104.4776, 214.8755, -1740.6377, 102.322, 64, 64, 64
L 214.8755, -1740.6377, 102.322, 186.5309, -1733.1541, 102.322, 64, 64, 64
L 186.5309, -1733.1541, 102.322, 186.7772, -1744.32, 102.5889, 64, 64, 64
L 186.7772, -1744.32, 102.5889, 206.2115, -1749.474, 102.322, 64, 64, 64
L 206.2115, -1749.474, 102.322, 205.2955, -1750.6276, 102.322, 64, 64, 64
L 205.2955, -1750.6276, 102.322, 224.17, -1769.9837, 102.322, 64, 64, 64
L 224.17, -1769.9837, 102.322, 231.324, -1796.1796, 102.322, 64, 64, 64
L 231.324, -1796.1796, 102.322, 231.4056, -2006.3911, 102.322, 64, 64, 64
L 231.4056, -2006.3911, 102.322, 224.2545, -2033.1522, 102.322, 64, 64, 64
L 224.2545, -2033.1522, 102.322, 204.8826, -2052.1914, 101.8032, 64, 64, 64
L 204.7009, -2052.3613, 84.322, 194.8274, -2060.5178, 84.322, 64, 64, 64
L 194.8274, -2060.5178, 84.322, 195.439, -2066.8123, 84.322, 64, 64, 64
L 195.439, -2066.8123, 84.322, 253.9062, -2066.8112, 84.322, 64, 64, 64
L 253.9062, -2066.8112, 84.322, 253.9062, -2166.623, 84.322, 64, 64, 64
L 104.6561, -2166.625, 84.322, 104.6561, -2066.8123, 84.322, 64, 64, 64
L 104.6561, -2066.8123, 84.322, 164.855, -2066.9675, 84.322, 64, 64, 64
L 164.855, -2066.9675, 84.322, 164.6178, -2060.5952, 84.322, 64, 64, 64
L 164.6178, -2060.5952, 84.322, 135.6608, -2038.8813, 84.322, 64, 64, 64
L 135.6608, -2038.8813, 102.322, 127.1563, -2005.7581, 102.322, 64, 64, 64
L 127.1563, -2005.857, 102.322, 127.4017, -1795.5733, 102.322, 64, 64, 64
L 127.4017, -1795.5733, 102.322, 134.149, -1770.3812, 102.322, 64, 64, 64
L 134.149, -1770.3812, 102.322, 153.2127, -1751.3175, 102.322, 64, 64, 64
L 153.2127, -1751.3175, 102.322, 152.35, -1749.459, 102.322, 64, 64, 64
L 152.35, -1749.459, 102.322, 172.2915, -1743.5767, 102.322, 64, 64, 64
L 172.2915, -1743.5767, 102.322, 172.1864, -1733.3864, 102.2822, 64, 64, 64
L 172.1864, -1733.3864, 102.2822, 143.8557, -1740.709, 102.322, 64, 64, 64
L 143.8557, -1740.709, 102.322, 124.3483, -1760.2147, 103.891, 64, 64, 64
L 124.3483, -1760.2147, 103.891, 115.829, -1770.1905, 109.5096, 64, 64, 64
L 115.829, -1770.1905, 109.5096, 111.7082, -1790.9593, 122.9634, 64, 64, 64
L 153.4062, -2010.624, 100.322, 205.1562, -2010.617, 100.322, 127, 127, 127
L 153.4062, -2014.4999, 98.322, 205.1562, -2014.499, 98.322, 127, 127, 127
L 205.1562, -2018.9368, 96.322, 153.4062, -2018.9374, 96.322, 127, 127, 127
L 153.4062, -2023.406, 94.322, 205.1562, -2023.4054, 94.322, 127, 127, 127
L 205.1562, -2027.843, 92.322, 153.4062, -2027.8435, 92.322, 127, 127, 127
L 153.4062, -2032.281, 90.322, 205.1562, -2032.2798, 90.322, 127, 127, 127
L 205.1562, -2036.7179, 88.322, 153.4062, -2036.7185, 88.322, 127, 127, 127
L 153.4062, -2041.156, 86.322, 205.1562, -2041.1552, 86.322, 127, 127, 127
L 205.1562, -2045.624, 84.322, 153.4062, -2045.6249, 84.322, 127, 127, 127
L 153.4062, -2045.6249, 84.322, 153.4062, -2010.624, 100.322, 64, 64, 64
L 205.1562, -2010.613, 100.322, 205.1562, -2045.6249, 84.322, 64, 64, 64
L 205.1562, -2045.6249, 84.322, 205.1562, -2052.2262, 84.322, 64, 64, 64
L 153.4062, -2045.6249, 84.322, 153.4061, -2052.2262, 84.322, 64, 64, 64
L 126.4061, -2094.619, 84.322, 232.1123, -2094.7, 84.322, 64, 64, 64
L 232.1123, -2094.7, 84.322, 232.1578, -2133.4612, 84.322, 64, 64, 64
L 232.1578, -2133.4612, 84.322, 126.4063, -2133.4684, 84.322, 64, 64, 64
L 126.4063, -2133.4684, 84.322, 126.4061, -2094.619, 84.322, 64, 64, 64
L 240.4099, -1759.9964, 102.148, 217.2051, -1736.3623, 100.322, 127, 127, 127
L 217.2051, -1736.3623, 100.322, 179.7121, -1726.1646, 100.322, 127, 127, 127
L 179.7121, -1726.1646, 100.322, 141.8086, -1736.713, 100.322, 127, 127, 127
L 141.8086, -1736.713, 100.322, 127.8717, -1749.8543, 101.3994, 127, 127, 127
L 127.832, -1742.7511, 99.1668, 138.8154, -1732.916, 98.322, 127, 127, 127
L 138.8154, -1732.916, 98.322, 181.344, -1721.6015, 98.322, 127, 127, 127
L 181.344, -1721.6015, 98.322, 219.9619, -1732.3046, 98.322, 127, 127, 127
L 219.9619, -1732.3046, 98.322, 239.392, -1752.32, 100.576, 127, 127, 127
L 232.6323, -1738.72, 97.8692, 221.5319, -1727.3575, 96.1889, 127, 127, 127
L 221.5319, -1727.3575, 96.1889, 179.2564, -1716.624, 96.322, 127, 127, 127
L 179.2564, -1716.624, 96.322, 136.6511, -1727.4607, 96.2048, 127, 127, 127
L 136.6511, -1727.4607, 96.2048, 126.2103, -1737.7417, 97.8273, 127, 127, 127
L 134.1546, -1723.1684, 95.5276, 179.173, -1711.78, 93.6441, 127, 127, 127
L 179.173, -1711.78, 93.6441, 223.6639, -1722.903, 95.4856, 127, 127, 127
L 597.4863, 1201.3511, 81.9308, 577.9308, 1214.9813, 81.506, 0, 0, 255
L 577.9308, 1214.9813, 81.506, 566.8875, 1220.846, 81.6715, 0, 0, 255
L 566.8875, 1220.846, 81.6715, 559.7627, 1229.2625, 82.758, 0, 0, 255
L 559.7627, 1229.2625, 82.758, 551.1875, 1229.565, 81.8434, 0, 0, 255
L 551.1875, 1229.565, 81.8434, 539.8134, 1231.9856, 81.4876, 0, 0, 255
L 539.8134, 1231.9856, 81.4876, 507.6256, 1232.8123, 81.7854, 0, 0, 255
L 507.6256, 1232.8123, 81.7854, 500.163, 1234.6086, 81.8011, 0, 0, 255
L 500.163, 1234.6086, 81.8011, 485.5101, 1234.2611, 81.4873, 0, 0, 255
L 485.5101, 1234.2611, 81.4873, 478.3566, 1232.9338, 81.8533, 0, 0, 255
L 478.3566, 1232.9338, 81.8533, 459.101, 1232.4296, 81.645, 0, 0, 255
L 459.101, 1232.4296, 81.645, 439.8561, 1225.9777, 81.6227, 0, 0, 255
L 439.8561, 1225.9777, 81.6227, 434.3473, 1226.486, 81.75, 0, 0, 255
L 434.3473, 1226.486, 81.75, 432.6354, 1221.3698, 81.4124, 0, 0, 255
L 432.6354, 1221.3698, 81.4124, 419.759, 1213.309, 81.7356, 0, 0, 255
L 419.759, 1213.309, 81.7356, 410.2871, 1209.2411, 81.5833, 0, 0, 255
L 410.2871, 1209.2411, 81.5833, 399.253, 1198.4844, 81.7343, 0, 0, 255
L 399.253, 1198.4844, 81.7343, 387.6641, 1192.5757, 81.6295, 0, 0, 255
L 387.6641, 1192.5757, 81.6295, 377.759, 1175.3668, 81.7874, 0, 0, 255
L 377.759, 1175.3668, 81.7874, 362.4207, 1159.4668, 81.674, 0, 0, 255
L 362.4207, 1159.4668, 81.674, 360.5672, 1118.7451, 81.6557, 0, 0, 255
L 360.5672, 1118.7451, 81.6557, 352.1738, 1108.2412, 81.5362, 0, 0, 255
L 352.1738, 1108.2412, 81.5362, 352.5312, 1094.5996, 82.3234, 0, 0, 255
L 352.5312, 1094.5996, 82.3234, 359.1641, 1083.192, 82.444, 0, 0, 255
L 359.1641, 1083.192, 82.444, 360.6986, 1077.104, 81.7159, 0, 0, 255
L 360.6986, 1077.104, 81.7159, 360.9456, 1059.6205, 82.1371, 0, 0, 255
L 360.9456, 1059.6205, 82.1371, 402.1424, 1019.2807, 81.7724, 0, 0, 255
L 402.1424, 1019.2807, 81.7724, 422.4827, 1003.7118, 81.7317, 0, 0, 255
L 422.4827, 1003.7118, 81.7317, 430.3217, 999.1613, 81.8598, 0, 0, 255
L 430.3217, 999.1613, 81.8598, 440.5742, 994.538, 81.5996, 0, 0, 255
L 440.5742, 994.538, 81.5996, 460.7993, 987.7866, 81.8221, 0, 0, 255
L 460.7993, 987.7866, 81.8221, 479.9947, 984.7034, 82.3657, 0, 0, 255
L 479.9947, 984.7034, 82.3657, 499.601, 981.7657, 81.817, 0, 0, 255
L 499.601, 981.7657, 81.817, 512.7717, 985.556, 81.8057, 0, 0, 255
L 512.7717, 985.556, 81.8057, 537.6561, 981.3939, 82.1697, 0, 0, 255
L 537.6561, 981.3939, 82.1697, 553.402, 986.1118, 82.25, 0, 0, 255
L 553.402, 986.1118, 82.25, 561.639, 985.724, 82.1397, 0, 0, 255
L 561.639, 985.724, 82.1397, 579.2272, 985.1743, 82.1096, 0, 0, 255
L 579.2272, 985.1743, 82.1096, 599.9564, 981.8388, 81.7142, 0, 0, 255
L 599.9564, 981.8388, 81.7142, 656.8058, 982.2938, 81.6975, 0, 0, 255
L 656.8058, 982.2938, 81.6975, 679.575, 993.8672, 81.5108, 0, 0, 255
L 679.575, 993.8672, 81.5108, 693.1793, 1006.8647, 81.7116, 0, 0, 255
L 693.1793, 1006.8647, 81.7116, 697.596, 1019.8038, 81.7494, 0, 0, 255
L 697.596, 1019.8038, 81.7494, 707.8173, 1032.91, 81.5375, 0, 0, 255
L 707.8173, 1032.91, 81.5375, 717.4836, 1060.6077, 81.5674, 0, 0, 255
L 717.4836, 1060.6077, 81.5674, 716.5549, 1082.7158, 81.4175, 0, 0, 255
L 716.5549, 1082.7158, 81.4175, 710.3106, 1102.2371, 81.7882, 0, 0, 255
L 710.3106, 1102.2371, 81.7882, 693.5773, 1126.8311, 81.5688, 0, 0, 255
L 693.5773, 1126.8311, 81.5688, 686.5901, 1141.935, 81.6552, 0, 0, 255
L 686.5901, 1141.935, 81.6552, 679.162, 1148.9105, 81.8212, 0, 0, 255
L 679.162, 1148.9105, 81.8212, 656.5225, 1160.6841, 81.9308, 0, 0, 255
L 656.5225, 1160.6841, 81.9308, 622.2535, 1177.8263, 81.9371, 0, 0, 255
L 622.2535, 1177.8263, 81.9371, 597.4863, 1201.3511, 82.48, 0, 0, 255
L 1225.864, 248.1859, 94.5019, 1235.7757, 243.8965, 94.5019, 64, 64, 64
L 1235.7757, 243.8965, 94.5019, 1262.4882, 297.346, 94.5019, 64, 64, 64
L 1262.4882, 297.346, 94.5019, 1333.2763, 261.403, 99.2861, 64, 64, 64
L 1333.2763, 261.403, 99.2861, 1293.1485, 181.6826, 94.5019, 64, 64, 64
L 1293.1485, 181.6826, 94.5019, 1284.2542, 186.1046, 94.5019, 64, 64, 64
L 1266.2565, 195.2188, 94.5019, 1222.3604, 217.3144, 94.5019, 64, 64, 64
L 1222.3604, 217.3144, 94.5019, 1226.5932, 225.7232, 94.5019, 64, 64, 64
L 1226.5932, 225.7232, 94.5019, 1217.374, 230.649, 93.6878, 64, 64, 64
L 1217.374, 230.649, 93.6878, 1208.942, 212.8816, 93.5271, 64, 64, 64
L 1208.942, 212.8816, 93.5271, 1261.5283, 185.5637, 94.5019, 64, 64, 64
L 1261.5283, 185.5637, 94.5019, 1266.2565, 195.2188, 94.5019, 64, 64, 64
L 1284.17, 185.7308, 94.5019, 1279.5438, 176.5988, 94.5019, 64, 64, 64
L 1279.5438, 176.5988, 94.5019, 1298.2889, 167.9295, 93.3898, 64, 64, 64
L 1298.2889, 167.9295, 93.3898, 1346.6984, 266.8777, 92.7904, 64, 64, 64
L 1346.6984, 266.8777, 92.7904, 1257.8064, 311.6052, 92.8509, 64, 64, 64
L 1257.8064, 311.6052, 92.8509, 1225.864, 248.1859, 93.6795, 64, 64, 64
L 1056.5132, 131.8311, 106.632, 1057.1253, 121.106, 106.632, 64, 64, 64
L 1057.1253, 121.106, 106.632, 1117.1239, 125.5709, 106.632, 64, 64, 64
L 1117.1239, 125.5709, 106.632, 1122.9539, 46.5354, 106.632, 64, 64, 64
L 1122.9539, 46.5354, 106.632, 1033.9456, 39.9697, 106.632, 64, 64, 64
L 1033.9456, 39.9697, 106.632, 1033.263, 49.2334, 106.632, 64, 64, 64
L 1033.263, 49.2334, 106.632, 1022.541, 48.451, 106.632, 64, 64, 64
L 1022.541, 48.451, 106.632, 1024.3638, 28.4847, 105.6235, 64, 64, 64
L 1024.3638, 28.4847, 105.6235, 1134.5947, 37.3111, 104.8974, 64, 64, 64
L 1134.5947, 37.3111, 104.8974, 1126.8088, 137.418, 105.7094, 64, 64, 64
L 1126.8088, 137.418, 105.7094, 1056.5132, 131.8311, 105.8108, 64, 64, 64
L 1038.469, 119.7368, 106.632, 1037.3928, 129.1764, 106.632, 64, 64, 64
L 1037.3928, 129.1764, 106.632, 1016.6856, 127.8285, 106.632, 64, 64, 64
L 1016.6856, 127.8285, 106.632, 1021.379, 68.811, 106.632, 64, 64, 64
L 1021.379, 68.811, 106.632, 1031.7237, 70.922, 106.632, 64, 64, 64
L 1031.7237, 70.922, 106.632, 1028.1157, 119.5, 106.632, 64, 64, 64
L 1028.1157, 119.5, 106.632, 1038.469, 119.7368, 106.632, 64, 64, 64
L -717.4946, 1232.656, 88.4407, -882.3568, 1232.6573, 93.3015, 64, 64, 64
L -882.3568, 1232.6573, 93.3015, -882.6875, 1503.7132, 105.7472, 64, 64, 64
L -882.6875, 1503.7132, 105.7472, -882.2111, 1525.4179, 115.4441, 64, 64, 64
L -882.2111, 1525.4179, 115.4441, -871.9375, 1520.8241, 112.3936, 64, 64, 64
L -871.9375, 1520.8241, 112.3936, -871.9375, 1493.406, 103.3275, 64, 64, 64
L -871.9375, 1493.406, 103.3275, -840.4097, 1493.4065, 103.1359, 64, 64, 64
L -840.4097, 1493.4065, 103.1359, -840.2962, 1482.6563, 101.4214, 64, 64, 64
L -840.2962, 1482.6563, 101.4214, -871.9374, 1482.6563, 101.4912, 64, 64, 64
L -871.9374, 1482.6563, 101.4912, -871.9365, 1425.8307, 94.9072, 64, 64, 64
L -871.9365, 1425.8307, 94.9072, -871.9365, 1417.8456, 94.5915, 64, 64, 64
L -871.9365, 1417.8456, 94.5915, -871.9375, 1383.406, 91.7822, 64, 64, 64
L -871.9375, 1383.406, 91.7822, -840.7246, 1383.406, 92.2049, 64, 64, 64
L -840.7246, 1383.406, 92.2049, -840.5847, 1372.6563, 91.7822, 64, 64, 64
L -840.5847, 1372.6563, 91.7822, -871.9374, 1372.6563, 91.7822, 64, 64, 64
L -871.9374, 1372.6563, 91.7822, -871.9375, 1243.406, 91.7822, 64, 64, 64
L -871.9375, 1243.406, 91.7822, -717.5851, 1243.406, 88.751, 64, 64, 64
L -717.5851, 1243.406, 88.751, -717.4946, 1232.656, 88.4407, 64, 64, 64
L -697.8179, 1243.406, 88.751, -670.566, 1243.406, 88.751, 64, 64, 64
L -670.566, 1243.406, 88.751, -670.1372, 1232.6563, 88.4407, 64, 64, 64
L -670.1372, 1232.6563, 88.4407, -697.7593, 1232.7092, 88.4937, 64, 64, 64
L -697.7593, 1232.7092, 88.4937, -697.8179, 1243.406, 88.751, 64, 64, 64
L -649.6702, 1243.4066, 88.751, -492.6875, 1243.406, 93.541, 64, 64, 64
L -492.6875, 1243.406, 93.541, -492.6872, 1372.6563, 88.751, 64, 64, 64
L -492.6872, 1372.6563, 88.751, -519.677, 1372.656, 88.751, 64, 64, 64
L -519.677, 1372.656, 88.751, -519.4246, 1383.406, 88.751, 64, 64, 64
L -519.4246, 1383.406, 88.751, -492.6875, 1383.406, 88.751, 64, 64, 64
L -492.6875, 1383.406, 88.751, -492.6875, 1397.4157, 88.751, 64, 64, 64
L -492.6875, 1397.4157, 88.751, -481.9375, 1397.3849, 88.4407, 64, 64, 64
L -481.9375, 1397.3849, 88.4407, -482.1417, 1232.6973, 94.7112, 64, 64, 64
L -482.1417, 1232.6973, 94.7112, -649.8366, 1232.656, 88.4406, 64, 64, 64
L -649.8366, 1232.656, 88.4406, -649.6702, 1243.4066, 88.751, 64, 64, 64
L -492.6875, 1417.9413, 88.751, -492.6875, 1447.272, 88.751, 64, 64, 64
L -492.6875, 1447.272, 88.751, -481.9375, 1447.2853, 88.6572, 64, 64, 64
L -481.9375, 1447.2853, 88.6572, -481.9375, 1418.137, 88.4407, 64, 64, 64
L -481.9375, 1418.137, 88.4407, -492.6875, 1418.1603, 88.751, 64, 64, 64
L -492.6875, 1467.4948, 88.751, -492.687, 1482.6563, 88.751, 64, 64, 64
L -492.687, 1482.6563, 88.751, -520.25, 1482.656, 88.751, 64, 64, 64
L -520.25, 1482.656, 88.751, -519.9867, 1493.406, 88.751, 64, 64, 64
L -519.9867, 1493.406, 88.751, -492.6875, 1493.406, 88.751, 64, 64, 64
L -492.6875, 1493.406, 88.751, -492.6875, 1622.656, 88.751, 64, 64, 64
L -492.6875, 1622.656, 88.751, -530.6955, 1622.6559, 90.5101, 64, 64, 64
L -530.6955, 1622.6559, 90.5101, -703.117, 1622.6556, 143.5996, 64, 64, 64
L -703.117, 1622.6556, 143.5996, -724.2223, 1622.6558, 149.7129, 64, 64, 64
L -724.2223, 1622.6558, 149.7129, -763.5976, 1622.656, 156.2116, 64, 64, 64
L -763.5976, 1622.656, 156.2116, -770.3528, 1633.406, 164.16, 64, 64, 64
L -770.3528, 1633.406, 164.16, -660.8309, 1633.4065, 129.5645, 64, 64, 64
L -660.8309, 1633.4065, 129.5645, -494.9195, 1633.4066, 88.4402, 64, 64, 64
L -494.9195, 1633.4066, 88.4402, -481.9375, 1632.9893, 88.4407, 64, 64, 64
L -481.9375, 1632.9893, 88.4407, -481.9375, 1467.5391, 88.4407, 64, 64, 64
L -481.9375, 1467.5391, 88.4407, -492.6875, 1467.4948, 88.751, 64, 64, 64
L -540.1164, 1482.6563, 88.751, -582.4922, 1482.6969, 91.4799, 64, 64, 64
L -582.4922, 1482.6969, 91.4799, -632.466, 1532.6563, 92.352, 64, 64, 64
L -632.466, 1532.6563, 92.352, -732.8225, 1531.9906, 100.3487, 64, 64, 64
L -732.8225, 1531.9906, 100.3487, -781.8632, 1482.9498, 98.409, 64, 64, 64
L -781.8632, 1482.9498, 98.409, -819.5715, 1482.656, 98.6658, 64, 64, 64
L -819.5715, 1482.656, 98.6658, -819.543, 1493.406, 102.334, 64, 64, 64
L -819.543, 1493.406, 102.334, -782.4678, 1493.406, 100.429, 64, 64, 64
L -782.4678, 1493.406, 100.429, -732.6671, 1543.2067, 103.8408, 64, 64, 64
L -732.6671, 1543.2067, 103.8408, -631.5647, 1542.981, 93.8243, 64, 64, 64
L -631.5647, 1542.981, 93.8243, -582.1517, 1493.406, 89.8066, 64, 64, 64
L -582.1517, 1493.406, 89.8066, -539.735, 1493.3628, 88.751, 64, 64, 64
L -539.735, 1493.3628, 88.751, -539.8556, 1482.685, 88.751, 64, 64, 64
L -540.7329, 1383.4059, 88.751, -582.5737, 1383.373, 91.7822, 64, 64, 64
L -582.5737, 1383.373, 91.7822, -632.4677, 1333.406, 90.6308, 64, 64, 64
L -632.4677, 1333.406, 90.6308, -732.1571, 1333.406, 93.7674, 64, 64, 64
L -732.1571, 1333.406, 93.7674, -782.2045, 1383.3903, 95.3258, 64, 64, 64
L -782.2045, 1383.3903, 95.3258, -819.7064, 1383.406, 94.9072, 64, 64, 64
L -819.7064, 1383.406, 94.9072, -819.6092, 1372.6563, 93.8246, 64, 64, 64
L -819.6092, 1372.6563, 93.8246, -782.4678, 1372.6563, 94.9072, 64, 64, 64
L -782.4678, 1372.6563, 94.9072, -732.5696, 1322.7582, 92.978, 64, 64, 64
L -732.5696, 1322.7582, 92.978, -632.2242, 1322.6624, 88.9438, 64, 64, 64
L -632.2242, 1322.6624, 88.9438, -582.1571, 1372.6563, 90.5194, 64, 64, 64
L -582.1571, 1372.6563, 90.5194, -540.5897, 1372.656, 88.751, 64, 64, 64
L -540.5897, 1372.656, 88.751, -540.7329, 1383.4059, 88.751, 64, 64, 64
L -1361.8352, 890.72, 85.501, -1371.8801, 886.4447, 85.501, 100, 50, 0
L -1371.8801, 886.4447, 85.501, -1373.6874, 898.6436, 85.5014, 100, 50, 0
L -1373.6874, 898.6436, 85.5014, -1377.6332, 913.4755, 85.501, 100, 50, 0
L -1377.6332, 913.4755, 85.501, -1366.8359, 914.9361, 85.501, 100, 50, 0
L -1364.941, 946.6328, 89.3114, -1372.6486, 954.6028, 90.5152, 100, 50, 0
L -1372.6486, 954.6028, 90.5152, -1352.5556, 971.4623, 90.3177, 100, 50, 0
L -1352.5556, 971.4623, 90.3177, -1345.9242, 962.816, 88.9692, 100, 50, 0
L -1582.7083, -1388.5288, 94.9072, -1587.5785, -1382.9235, 94.9072, 100, 50, 0
L -1587.5785, -1382.9235, 94.9072, -1572.6965, -1370.7905, 92.3564, 100, 50, 0
L -1572.6965, -1370.7905, 92.3564, -1568.5496, -1378.469, 92.8166, 100, 50, 0
L -1030.8882, -1025.703, 69.2129, -1040.574, -1013.3035, 69.833, 0, 0, 255
L -1040.574, -1013.3035, 69.833, -1049.5353, -997.7844, 68.5932, 0, 0, 255
L -1049.5353, -997.7844, 68.5932, -1062.6579, -982.109, 68.8268, 0, 0, 255
L -1062.6579, -982.109, 68.8268, -1082.4597, -972.332, 68.9342, 0, 0, 255
L -1082.4597, -972.332, 68.9342, -1091.784, -971.609, 68.9029, 0, 0, 255
L -1091.784, -971.609, 68.9029, -1108.9111, -972.7518, 68.3948, 0, 0, 255
L -1108.9111, -972.7518, 68.3948, -1119.422, -979.483, 69.1954, 0, 0, 255
L -1119.422, -979.483, 69.1954, -1139.7378, -984.634, 69.1568, 0, 0, 255
L -1139.7378, -984.634, 69.1568, -1150.4403, -991.2187, 68.7832, 0, 0, 255
L -1150.4403, -991.2187, 68.7832, -1159.2084, -1000.919, 68.6123, 0, 0, 255
L -1159.2084, -1000.919, 68.6123, -1172.2606, -1009.5825, 69.948, 0, 0, 255
L -1172.2606, -1009.5825, 69.948, -1188.884, -1031.7599, 68.6296, 0, 0, 255
L -1188.884, -1031.7599, 68.6296, -1191.5376, -1049.3649, 68.9398, 0, 0, 255
L -1191.5376, -1049.3649, 68.9398, -1195.4546, -1059.5796, 68.8515, 0, 0, 255
L -1195.4546, -1059.5796, 68.8515, -1194.8501, -1084.204, 69.1342, 0, 0, 255
L -1194.8501, -1084.204, 69.1342, -1184.935, -1117.422, 68.9239, 0, 0, 255
L -1184.935, -1117.422, 68.9239, -1178.2592, -1139.8279, 68.9518, 0, 0, 255
L -1178.2592, -1139.8279, 68.9518, -1157.9929, -1160.4639, 69.1098, 0, 0, 255
L -1157.9929, -1160.4639, 69.1098, -1139.2734, -1174.9365, 69.165, 0, 0, 255
L -1139.2734, -1174.9365, 69.165, -1121.862, -1182.4547, 68.8487, 0, 0, 255
L -1121.862, -1182.4547, 68.8487, -1101.8257, -1187.4347, 68.8931, 0, 0, 255
L -1101.8257, -1187.4347, 68.8931, -1079.1659, -1187.2366, 68.831, 0, 0, 255
L -1079.1659, -1187.2366, 68.831, -1071.786, -1185.3123, 69.2372, 0, 0, 255
L -1071.786, -1185.3123, 69.2372, -1048.8163, -1171.7399, 68.8945, 0, 0, 255
L -1048.8163, -1171.7399, 68.8945, -1037.9155, -1160.6579, 68.7125, 0, 0, 255
L -1037.9155, -1160.6579, 68.7125, -1036.5126, -1143.2832, 69.3378, 0, 0, 255
L -1036.5126, -1143.2832, 69.3378, -1032.5454, -1126.3535, 68.905, 0, 0, 255
L -1032.5454, -1126.3535, 68.905, -1034.8579, -1098.8623, 69.1409, 0, 0, 255
L -1034.8579, -1098.8623, 69.1409, -1024.8179, -1059.2854, 69.1762, 0, 0, 255
L -1024.8179, -1059.2854, 69.1762, -1030.8882, -1025.703, 68.9257, 0, 0, 255
L -1028.3869, -1039.5408, 68.9257, -1028.4041, -1039.4474, 68.9145, 0, 0, 255
L 1201.8623, -487.6007, 82.5808, 1190.9195, -470.7769, 81.8353, 0, 0, 255
L 1190.9195, -470.7769, 81.8353, 1171.6041, -434.5054, 80.6518, 0, 0, 255
L 1171.6041, -434.5054, 80.6518, 1145.3041, -382.1211, 81.5913, 0, 0, 255
L 1145.3041, -382.1211, 81.5913, 1134.1542, -328.4773, 85.8442, 0, 0, 255
L 1134.1542, -328.4773, 85.8442, 1158.115, -272.2635, 84.7569, 0, 0, 255
L 1158.115, -272.2635, 84.7569, 1172.8933, -264.494, 81.1106, 0, 0, 255
L 1172.8933, -264.494, 81.1106, 1191.2655, -253.2065, 81.4424, 0, 0, 255
L 1191.2655, -253.2065, 81.4424, 1211.7066, -247.9191, 81.4415, 0, 0, 255
L 1211.7066, -247.9191, 81.4415, 1241.3667, -248.5061, 81.8358, 0, 0, 255
L 1241.3667, -248.5061, 81.8358, 1261.3107, -261.3349, 81.7295, 0, 0, 255
L 1261.3107, -261.3349, 81.7295, 1279.9369, -268.5011, 81.625, 0, 0, 255
L 1279.9369, -268.5011, 81.625, 1302.4456, -299.18, 81.8058, 0, 0, 255
L 1302.4456, -299.18, 81.8058, 1315.3087, -335.3663, 82.4665, 0, 0, 255
L 1315.3087, -335.3663, 82.4665, 1326.7327, -361.8645, 81.1877, 0, 0, 255
L 1326.7327, -361.8645, 81.1877, 1334.5424, -381.2481, 81.525, 0, 0, 255
L 1334.5424, -381.2481, 81.525, 1339.2687, -404.307, 81.6143, 0, 0, 255
L 1339.2687, -404.307, 81.6143, 1346.6677, -428.2524, 81.5648, 0, 0, 255
L 1346.6677, -428.2524, 81.5648, 1346.1477, -466.307, 81.4522, 0, 0, 255
L 1346.1477, -466.307, 81.4522, 1305.8725, -506.1569, 81.4039, 0, 0, 255
L 1305.8725, -506.1569, 81.4039, 1288.127, -507.627, 81.8654, 0, 0, 255
L 1288.127, -507.627, 81.8654, 1276.6763, -515.7501, 81.4416, 0, 0, 255
L 1276.6763, -515.7501, 81.4416, 1238.8074, -515.876, 81.4625, 0, 0, 255
L 1238.8074, -515.876, 81.4625, 1219.9518, -498.498, 81.4848, 0, 0, 255
L 1219.9518, -498.498, 81.4848, 1201.8623, -487.6007, 81.5126, 0, 0, 255
L -221.9705, -1080.4423, 70.598, -200.1478, -1100.5283, 69.918, 0, 0, 255
L -200.1478, -1100.5283, 69.918, -178.184, -1105.3056, 70.3011, 0, 0, 255
L -178.184, -1105.3056, 70.3011, -154.3293, -1098.458, 70.3058, 0, 0, 255
L -154.3293, -1098.458, 70.3058, -140.84, -1090.5641, 70.61, 0, 0, 255
L -140.84, -1090.5641, 70.61, -132.7128, -1085.6732, 69.9996, 0, 0, 255
L -132.7128, -1085.6732, 69.9996, -126.1758, -1069.6751, 70.4167, 0, 0, 255
L -126.1758, -1069.6751, 70.4167, -128.4721, -1054.5346, 69.7351, 0, 0, 255
L -128.4721, -1054.5346, 69.7351, -132.7334, -1038.2195, 69.9068, 0, 0, 255
L -132.7334, -1038.2195, 69.9068, -144.1647, -1024.538, 70.588, 0, 0, 255
L -144.1647, -1024.538, 70.588, -154.6085, -1016.7567, 70.1518, 0, 0, 255
L -154.6085, -1016.7567, 70.1518, -161.825, -1011.8073, 69.4188, 0, 0, 255
L -161.825, -1011.8073, 69.4188, -182.448, -1004.3079, 70.2377, 0, 0, 255
L -182.448, -1004.3079, 70.2377, -192.4559, -1009.951, 70.455, 0, 0, 255
L -192.4559, -1009.951, 70.455, -195.3509, -1018.889, 69.8679, 0, 0, 255
L -195.3509, -1018.889, 69.8679, -212.671, -1030.9012, 70.4903, 0, 0, 255
L -212.671, -1030.9012, 70.4903, -220.945, -1055.6706, 69.8566, 0, 0, 255
L -220.945, -1055.6706, 69.8566, -221.9705, -1080.4423, 69.6945, 0, 0, 255
L -234.9684, -1055.4706, 92.8961, -320.406, -1036.3058, 84.8242, 60, 40, 0
L -320.406, -1036.3058, 84.8242, -508.4653, -1009.5342, 84.876, 60, 40, 0
L -508.4653, -1009.5342, 84.876, -570.932, -975.4528, 81.751, 60, 40, 0
L -570.932, -975.4528, 81.751, -588.7749, -950.2771, 83.67, 60, 40, 0
L -588.7749, -950.2771, 83.67, -601.3877, -887.373, 81.8525, 60, 40, 0
L -601.3877, -887.373, 81.8525, -587.2681, -773.9927, 83.8593, 60, 40, 0
L -587.2681, -773.9927, 83.8593, -511.3392, -625.682, 83.2232, 60, 40, 0
L -511.3392, -625.682, 83.2232, -522.1268, -504.7112, 81.969, 60, 40, 0
L -522.1268, -504.7112, 81.969, -576.5205, -394.5326, 81.751, 60, 40, 0
L -576.5205, -394.5326, 81.751, -695.8209, -245.1912, 84.7215, 60, 40, 0
L -695.8209, -245.1912, 84.7215, -777.3305, -123.3517, 84.876, 60, 40, 0
L -777.3305, -123.3517, 84.876, -908.8052, -16.9137, 81.751, 60, 40, 0
L -908.8052, -16.9137, 81.751, -988.2226, 41.5611, 81.751, 60, 40, 0
L -988.2226, 41.5611, 81.751, -1079.2532, 185.5413, 81.751, 60, 40, 0
L -1079.2532, 185.5413, 81.751, -1110.733, 348.9443, 81.751, 60, 40, 0
L -1110.733, 348.9443, 81.751, -1101.1257, 524.6026, 82.4159, 60, 40, 0
L -938.2608, 6.8019, 82.6984, -1281.5161, -15.7251, 82.921, 60, 40, 0
L -1281.5161, -15.7251, 82.921, -1414.7747, -31.895, 87.9839, 60, 40, 0
L -1414.7747, -31.895, 87.9839, -1550.1795, 9.265, 81.751, 60, 40, 0
L -1550.1795, 9.265, 81.751, -1667.9055, 11.5289, 81.751, 60, 40, 0
L -1667.9055, 11.5289, 81.751, -1891.6551, -3.5779, 83.1197, 60, 40, 0
L -262.1902, 1466.5742, 81.9779, -256.2305, 1294.2655, 89.3906, 60, 40, 0
L -256.2305, 1294.2655, 89.3906, -203.529, 1050.2534, 82.653, 60, 40, 0
L -203.529, 1050.2534, 82.653, -284.2556, 840.5238, 92.5887, 60, 40, 0
L -284.2556, 840.5238, 92.5887, -278.8337, 784.1344, 85.8982, 60, 40, 0
L -278.8337, 784.1344, 85.8982, -243.3684, 745.5634, 84.876, 60, 40, 0
L -243.3684, 745.5634, 84.876, -93.6765, 739.1738, 91.1334, 60, 40, 0
L -93.6765, 739.1738, 91.1334, 37.9472, 756.4221, 92.1189, 60, 40, 0
L 37.9472, 756.4221, 92.1189, 167.701, 757.4664, 86.4348, 60, 40, 0
L 167.701, 757.4664, 86.4348, 245.1242, 738.5715, 85.2216, 60, 40, 0
L 245.1242, 738.5715, 85.2216, 298.2194, 708.8038, 85.9886, 60, 40, 0
L 298.2194, 708.8038, 85.9886, 404.6967, 581.851, 96.3, 60, 40, 0
L 404.6967, 581.851, 96.3, 474.6985, 484.5448, 107.517, 60, 40, 0
L 474.6985, 484.5448, 107.517, 589.2725, 267.1913, 110.8409, 60, 40, 0
L 589.2725, 267.1913, 110.8409, 649.3155, 158.336, 85.6813, 60, 40, 0
L 649.3155, 158.336, 85.6813, 691.7528, 62.7935, 83.7924, 60, 40, 0
L 691.7528, 62.7935, 83.7924, 723.3034, -22.3389, 81.751, 60, 40, 0
L 723.3034, -22.3389, 81.751, 745.7983, -96.5143, 81.751, 60, 40, 0
L 745.7983, -96.5143, 81.751, 756.159, -154.9324, 82.2854, 60, 40, 0
L 756.159, -154.9324, 82.2854, 762.1541, -228.8944, 81.751, 60, 40, 0
L 762.1541, -228.8944, 81.751, 767.394, -281.8174, 81.751, 60, 40, 0
L 767.394, -281.8174, 81.751, 777.9145, -379.8949, 82.248, 60, 40, 0
L 777.9145, -379.8949, 82.248, 790.864, -489.6682, 81.751, 60, 40, 0
L 790.864, -489.6682, 81.751, 794.121, -560.1624, 83.3692, 60, 40, 0
L 794.121, -560.1624, 83.3692, 807.2744, -678.9597, 81.751, 60, 40, 0
L 807.2744, -678.9597, 81.751, 785.1463, -832.8405, 82.7531, 60, 40, 0
L 785.1463, -832.8405, 82.7531, 739.288, -913.8198, 82.2133, 60, 40, 0
L 739.288, -913.8198, 82.2133, 686.2784, -954.49, 82.6345, 60, 40, 0
L 686.2784, -954.49, 82.6345, 564.5317, -998.6349, 84.7818, 60, 40, 0
L 564.5317, -998.6349, 84.7818, 333.3695, -941.6669, 83.156, 60, 40, 0
L 333.3695, -941.6669, 83.156, 285.697, -926.4906, 83.541, 60, 40, 0
L 285.697, -926.4906, 83.541, 231.992, -921.142, 82.614, 60, 40, 0
L 231.992, -921.142, 82.614, 161.922, -925.2018, 82.6829, 60, 40, 0
L 161.922, -925.2018, 82.6829, 113.2622, -931.2355, 83.6256, 60, 40, 0
L 113.2622, -931.2355, 83.6256, 54.4832, -953.7213, 82.4976, 60, 40, 0
L 54.4832, -953.7213, 82.4976, 8.4053, -974.5897, 84.9184, 60, 40, 0
L 8.4053, -974.5897, 84.9184, -79.6627, -996.6489, 91.1572, 60, 40, 0
L -79.6627, -996.6489, 89.737, 5.2793, -1024.6878, 84.6029, 60, 40, 0
L 5.2793, -1024.6878, 84.6029, 6.7023, -1238.7862, 84.99, 60, 40, 0
L 6.7023, -1238.7862, 84.99, 21.9388, -1326.1702, 82.6013, 60, 40, 0
L 21.9388, -1326.1702, 82.6013, 45.7072, -1384.6, 82.128, 60, 40, 0
L 45.7072, -1384.6, 82.128, 88.2065, -1462.347, 83.5741, 60, 40, 0
L 88.2065, -1462.347, 83.5741, 126.2931, -1559.958, 90.34, 60, 40, 0
L 126.2931, -1559.958, 90.34, 168.285, -1669.2173, 87.2489, 60, 40, 0
L 253.9062, -2113.6237, 83.4072, 232.1562, -2113.7487, 83.4072, 150, 0, 200
L 126.4063, -2115.2013, 83.4072, 104.6561, -2115.3483, 83.4072, 150, 0, 200
L 2128.9771, 729.5629, 28.5363, 2129.2444, 695.4683, 28.5322, 150, 0, 200
L 871.6249, 1960.7815, 99.376, 856.3749, 1960.8672, 99.376, 150, 0, 200
L -2149.1599, 50.8626, 86.15, -2149.1642, 94.1372, 86.1, 150, 0, 200
L -2142.6858, -53.8622, 86.32, -2142.3717, -97.1372, 86.1, 150, 0, 200
L -596.8495, -1227.7153, 84.876, -603.5982, -1228.9336, 84.876, 100, 50, 0
L -603.5982, -1228.9336, 84.876, -604.493, -1221.7376, 84.876, 100, 50, 0
L -604.493, -1221.7376, 84.876, -605.3252, -1210.7953, 84.876, 100, 50, 0
L -605.3252, -1210.7953, 84.876, -598.3841, -1210.489, 84.876, 100, 50, 0
L -577.833, -1246.4401, 85.4359, -572.92, -1243.9629, 84.876, 100, 50, 0
L -572.92, -1243.9629, 84.876, -567.7373, -1244.8713, 84.876, 100, 50, 0
L -567.7373, -1244.8713, 84.876, -562.9931, -1247.2836, 84.876, 100, 50, 0
L -562.9931, -1247.2836, 84.876, -558.7376, -1248.4313, 84.877, 100, 50, 0
L -558.7376, -1248.4313, 84.877, -555.4924, -1248.73, 84.876, 100, 50, 0
L -555.4924, -1248.73, 84.876, -551.7406, -1250.2675, 84.876, 100, 50, 0
L -551.7406, -1250.2675, 84.876, -549.3831, -1254.2427, 84.876, 100, 50, 0
L -549.3831, -1254.2427, 84.876, -549.8297, -1255.9502, 84.876, 100, 50, 0
L -552.804, -1262.4281, 85.5977, -556.5615, -1265.1341, 85.8075, 100, 50, 0
L -556.5615, -1265.1341, 85.8075, -560.6489, -1264.759, 85.647, 100, 50, 0
L -560.6489, -1264.759, 85.647, -565.5902, -1261.6755, 86.264, 100, 50, 0
L -565.5902, -1261.6755, 86.264, -569.7663, -1260.4373, 86.49, 100, 50, 0
L -569.7663, -1260.4373, 86.49, -572.3877, -1260.1158, 86.853, 100, 50, 0
L -572.3877, -1260.1158, 86.853, -576.1912, -1258.7801, 87.2425, 100, 50, 0
L -576.1912, -1258.7801, 87.2425, -578.3613, -1254.5635, 87.5348, 100, 50, 0
L -578.3613, -1254.5635, 87.5348, -578.3613, -1254.5266, 87.531, 100, 50, 0
L 220.729, 1066.2304, 84.876, 215.4789, 1073.2554, 85.4731, 100, 50, 0
L 215.4789, 1073.2554, 85.4731, 216.4883, 1078.9495, 85.3138, 100, 50, 0
L 216.4883, 1078.9495, 85.3138, 219.1639, 1088.3106, 86.786, 100, 50, 0
L 219.1639, 1088.3106, 86.786, 219.7136, 1094.681, 87.647, 100, 50, 0
L 219.7136, 1094.681, 87.647, 219.615, 1096.8251, 87.3982, 100, 50, 0
L 219.615, 1096.8251, 87.3982, 221.439, 1104.1898, 88.5534, 100, 50, 0
L 221.439, 1104.1898, 88.5534, 225.312, 1106.2918, 89.9119, 100, 50, 0
L 225.312, 1106.2918, 89.9119, 227.8926, 1107.7971, 89.1226, 100, 50, 0
L 238.5163, 1106.1484, 88.8662, 243.5791, 1100.969, 87.9167, 100, 50, 0
L 243.5791, 1100.969, 87.9167, 242.6982, 1092.7943, 86.7693, 100, 50, 0
L 242.6982, 1092.7943, 86.7693, 241.109, 1087.337, 85.865, 100, 50, 0
L 241.109, 1087.337, 85.865, 240.5349, 1079.4577, 84.9569, 100, 50, 0
L 240.5349, 1079.4577, 84.9569, 240.9062, 1076.514, 84.876, 100, 50, 0
L 240.9062, 1076.514, 84.876, 239.6689, 1069.259, 84.876, 100, 50, 0
L 239.6689, 1069.259, 84.876, 235.831, 1065.3206, 84.9339, 100, 50, 0
L 235.831, 1065.3206, 84.9339, 233.3382, 1064.6365, 85.3061, 100, 50, 0
P 178, -2081, 83.4072, 0, 127, 0, 3, to_Netherbian_Lair
P 2113, 713, 28.5322, 0, 127, 0, 3, to_Maiden's_Eye
P 863, 1946, 99.376, 0, 127, 0, 3, to_Griegs_End
P -2071, 12, 86.1, 0, 127, 0, 3, to_Sanctus_Seru
