L 2032.7825, -5530.9149, 307.446, 2033.2582, -1468.9883, 307.724, 0, 0, 240
L 2033.2582, -1468.9883, 306.7869, 5368.4897, -1472.6621, 301.5246, 0, 0, 240
L 5368.4897, -1472.6621, 301.2982, 5363.1737, -5538.6089, 301.2819, 0, 0, 240
L 5363.1737, -5538.6089, 301.2894, 2032.7825, -5530.9149, 301.2712, 0, 0, 240
L 3695.469, -4318.9306, 299.6118, 3692.5129, -4276.7681, 299.9082, 0, 0, 0
L 3692.5129, -4276.7681, 299.9082, 3690.1194, -4271.8329, 299.8147, 0, 0, 0
L 3690.1194, -4271.8329, 299.8147, 3683.1828, -4259.5913, 299.7735, 0, 0, 0
L 3683.1828, -4259.5913, 299.7735, 3686.7791, -4224.226, 299.8908, 0, 0, 0
L 3686.7791, -4224.226, 299.8908, 3692.3595, -4220.5146, 299.9103, 0, 0, 0
L 3692.3595, -4220.5146, 299.9103, 3695.8998, -4217.189, 299.8949, 0, 0, 0
L 3695.8998, -4217.189, 299.8949, 3719.9724, -4201.502, 299.6465, 0, 0, 0
L 3719.9724, -4201.502, 299.6465, 3735.3625, -4176.1099, 299.814, 0, 0, 0
L 3735.3625, -4176.1099, 299.814, 3741.2465, -4173.9638, 300.4569, 0, 0, 0
L 3741.2465, -4173.9638, 300.4569, 3743.6394, -4171.7997, 299.9755, 0, 0, 0
L 3743.6394, -4171.7997, 299.9755, 3775.2991, -4127.6216, 299.7986, 0, 0, 0
L 3775.2991, -4127.6216, 299.7986, 3779.2869, -4115.3554, 299.8931, 0, 0, 0
L 3779.2869, -4115.3554, 299.8931, 3789.668, -4104.8007, 299.8736, 0, 0, 0
L 3789.668, -4104.8007, 299.8736, 3791.8222, -4096.3252, 299.7946, 0, 0, 0
L 3791.8222, -4096.3252, 299.7946, 3793.5507, -4081.1975, 299.7361, 0, 0, 0
L 3793.5507, -4081.1975, 299.7361, 3797.9272, -4073.967, 299.8616, 0, 0, 0
L 3797.9272, -4073.967, 299.8616, 3803.2654, -4031.8449, 299.8638, 0, 0, 0
L 3803.2654, -4031.8449, 299.8638, 3803.7737, -4008.4407, 299.7878, 0, 0, 0
L 3803.7737, -4008.4407, 299.7878, 3806.4726, -3998.3152, 299.769, 0, 0, 0
L 3806.4726, -3998.3152, 299.769, 3806.4841, -3984.106, 299.7753, 0, 0, 0
L 3806.4841, -3984.106, 299.7753, 3815.7125, -3960.4524, 299.8473, 0, 0, 0
L 3815.7125, -3960.4524, 299.8473, 3830.5522, -3935.5082, 299.7407, 0, 0, 0
L 3830.5522, -3935.5082, 299.7407, 3834.3805, -3930.9765, 299.9639, 0, 0, 0
L 3834.3805, -3930.9765, 299.9639, 3839.677, -3927.84, 300.25, 0, 0, 0
L 3839.677, -3927.84, 300.25, 3862.6635, -3918.5286, 299.6381, 0, 0, 0
L 3862.6635, -3918.5286, 299.6381, 3868.3886, -3918.3074, 299.9841, 0, 0, 0
L 3868.3886, -3918.3074, 299.9841, 3886.4286, -3913.4661, 299.8, 0, 0, 0
L 3886.4286, -3913.4661, 299.8, 3909.5259, -3910.371, 299.9223, 0, 0, 0
L 3909.5259, -3910.371, 299.9223, 3915.6037, -3907.5693, 299.7955, 0, 0, 0
L 3915.6037, -3907.5693, 299.7955, 3935.9297, -3903.9207, 299.8724, 0, 0, 0
L 3935.9297, -3903.9207, 299.8724, 3946.9648, -3899.2698, 299.8353, 0, 0, 0
L 3946.9648, -3899.2698, 299.8353, 3978.4169, -3882.7908, 299.8532, 0, 0, 0
L 3978.4169, -3882.7908, 299.8532, 3983.3413, -3877.5248, 299.8437, 0, 0, 0
L 3983.3413, -3877.5248, 299.8437, 4003.9821, -3868.6723, 299.8462, 0, 0, 0
L 4003.9821, -3868.6723, 299.8462, 4017.1648, -3864.6554, 299.8611, 0, 0, 0
L 4017.1648, -3864.6554, 299.8611, 4051.8737, -3859.6167, 299.8448, 0, 0, 0
L 4051.8737, -3859.6167, 299.8448, 4055.5376, -3851.8953, 299.7961, 0, 0, 0
L 4055.5376, -3851.8953, 299.7961, 4072.9438, -3840.5005, 299.8342, 0, 0, 0
L 4072.9438, -3840.5005, 299.8342, 4079.1421, -3839.1702, 299.7986, 0, 0, 0
L 4079.1421, -3839.1702, 299.7986, 4103.5727, -3816.2829, 299.8752, 0, 0, 0
L 4103.5727, -3816.2829, 299.8752, 4126.229, -3789.771, 299.6107, 0, 0, 0
L 4126.229, -3789.771, 299.6107, 4149.144, -3766.3854, 299.5446, 0, 0, 0
L 4149.144, -3766.3854, 299.5446, 4157.8891, -3761.9555, 299.91, 0, 0, 0
L 4157.8891, -3761.9555, 299.91, 4175.1923, -3754.65, 299.8022, 0, 0, 0
L 4175.1923, -3754.65, 299.8022, 4184.4252, -3754.1541, 299.877, 0, 0, 0
L 4184.4252, -3754.1541, 299.877, 4224.828, -3743.4465, 299.8928, 0, 0, 0
L 4224.828, -3743.4465, 299.8928, 4259.4076, -3730.8445, 299.7898, 0, 0, 0
L 4259.4076, -3730.8445, 299.7898, 4271.7051, -3716.5403, 299.8663, 0, 0, 0
L 4271.7051, -3716.5403, 299.8663, 4280.5, -3704.6619, 299.8079, 0, 0, 0
L 4280.5, -3704.6619, 299.8079, 4281.688, -3696.3681, 299.8, 0, 0, 0
L 4281.688, -3696.3681, 299.8, 4286.7948, -3681.7287, 299.8412, 0, 0, 0
L 4286.7948, -3681.7287, 299.8412, 4301.6752, -3648.1984, 299.8822, 0, 0, 0
L 4301.6752, -3648.1984, 299.8822, 4313.2318, -3607.3544, 299.8793, 0, 0, 0
L 4313.2318, -3607.3544, 299.788, 4313.9022, -3594.748, 299.8251, 0, 0, 0
L 4313.9022, -3594.748, 299.8251, 4319.4237, -3576.1631, 299.822, 0, 0, 0
L 4319.4237, -3576.1631, 299.822, 4326.1597, -3559.4717, 299.9012, 0, 0, 0
L 4326.1597, -3559.4717, 299.9012, 4327.2578, -3553.2698, 299.8858, 0, 0, 0
L 4327.2578, -3553.2698, 299.8858, 4326.6826, -3498.474, 299.8901, 0, 0, 0
L 4326.6826, -3498.474, 299.8901, 4320.6538, -3492.3229, 299.8149, 0, 0, 0
L 4320.6538, -3492.3229, 299.8149, 4312.4395, -3480.4594, 299.834, 0, 0, 0
L 4312.4395, -3480.4594, 299.834, 4311.5645, -3457.219, 299.8639, 0, 0, 0
L 4311.5645, -3457.219, 299.8639, 4309.4584, -3447.2206, 299.7923, 0, 0, 0
L 4309.4584, -3447.2206, 299.7923, 4311.8334, -3354.896, 299.9615, 0, 0, 0
L 4311.8334, -3354.896, 299.9615, 4308.3301, -3276.7869, 299.9422, 0, 0, 0
L 4308.3301, -3276.7869, 299.9422, 4302.7744, -3246.7339, 299.7916, 0, 0, 0
L 4302.7744, -3246.7339, 299.7916, 4296.1304, -3193.2377, 299.8235, 0, 0, 0
L 4296.1304, -3193.2377, 299.8235, 4299.1103, -3168.632, 299.8799, 0, 0, 0
L 4299.1103, -3168.632, 299.8799, 4284.6318, -3133.226, 299.8059, 0, 0, 0
L 4284.6318, -3133.226, 299.8059, 4283.2964, -3120.768, 299.8958, 0, 0, 0
L 4283.2964, -3120.768, 299.8958, 4272.8617, -3105.1572, 299.8586, 0, 0, 0
L 4272.8617, -3105.1572, 299.8586, 4263.3521, -3080.7179, 299.8274, 0, 0, 0
L 4263.3521, -3080.7179, 299.8274, 4255.2719, -3073.5864, 299.7269, 0, 0, 0
L 4255.2719, -3073.5864, 299.7269, 4248.641, -3063.7393, 299.8636, 0, 0, 0
L 4248.641, -3063.7393, 299.8636, 4243.391, -3052.4866, 299.8201, 0, 0, 0
L 4243.391, -3052.4866, 299.8201, 4221.747, -3026.9987, 299.5398, 0, 0, 0
L 4221.747, -3026.9987, 299.5398, 4203.64, -2999.3813, 299.8908, 0, 0, 0
L 4203.64, -2999.3813, 299.8908, 4178.5209, -2972.7975, 299.6718, 0, 0, 0
L 4178.5209, -2972.7975, 299.6718, 4152.6484, -2912.3132, 299.8272, 0, 0, 0
L 4152.6484, -2912.3132, 299.8272, 4143.3779, -2881.5796, 299.8774, 0, 0, 0
L 4143.3779, -2881.5796, 299.8774, 4135.9673, -2874.1111, 299.6567, 0, 0, 0
L 4135.9673, -2874.1111, 299.6567, 4122.5923, -2840.5632, 299.9497, 0, 0, 0
L 4122.5923, -2840.5632, 299.9497, 4114.8339, -2832.9938, 299.7479, 0, 0, 0
L 4114.8339, -2832.9938, 299.7479, 4099.5688, -2813.121, 299.85, 0, 0, 0
L 4099.5688, -2813.121, 299.85, 4088.3234, -2808.9456, 299.6929, 0, 0, 0
L 4088.3234, -2808.9456, 299.6929, 4079.3366, -2802.9971, 299.8636, 0, 0, 0
L 4079.3366, -2802.9971, 299.8636, 4066.1567, -2798.543, 299.9451, 0, 0, 0
L 4066.1567, -2798.543, 299.9451, 4032.9281, -2795.938, 299.9567, 0, 0, 0
L 4032.9281, -2795.938, 299.9567, 3971.3726, -2797.6104, 300.461, 0, 0, 0
L 3971.3726, -2797.6104, 300.461, 3919.3921, -2808.2642, 299.7579, 0, 0, 0
L 3919.3921, -2808.2642, 299.7579, 3873.907, -2816.1624, 299.8333, 0, 0, 0
L 3873.907, -2816.1624, 299.8333, 3847.5823, -2831.3591, 299.8367, 0, 0, 0
L 3847.5823, -2831.3591, 299.8367, 3841.8105, -2832.7991, 300.1034, 0, 0, 0
L 3841.8105, -2832.7991, 300.1034, 3830.1581, -2842.9308, 299.5609, 0, 0, 0
L 3830.1581, -2842.9308, 299.5609, 3812.4746, -2851.2179, 299.7255, 0, 0, 0
L 3812.4746, -2851.2179, 299.7255, 3774.6626, -2862.1586, 299.8903, 0, 0, 0
L 3774.6626, -2862.1586, 299.8903, 3769.3584, -2870.5081, 299.8138, 0, 0, 0
L 3769.3584, -2870.5081, 299.8138, 3756.4843, -2879.3312, 299.8987, 0, 0, 0
L 3756.4843, -2879.3312, 299.8987, 3748.6095, -2882.8937, 299.882, 0, 0, 0
L 3748.6095, -2882.8937, 299.882, 3745.71, -2887.855, 299.6419, 0, 0, 0
L 3745.71, -2887.855, 299.6419, 3729.1392, -2903.7379, 299.7601, 0, 0, 0
L 3729.1392, -2903.7379, 299.7601, 3724.4121, -2906.4616, 299.773, 0, 0, 0
L 3724.4121, -2906.4616, 299.773, 3696.8375, -2908.172, 299.9388, 0, 0, 0
L 3696.8375, -2908.172, 299.9388, 3688.893, -2904.5203, 299.7762, 0, 0, 0
L 3688.893, -2904.5203, 299.7762, 3684.5282, -2890.61, 299.8946, 0, 0, 0
L 3684.5282, -2890.61, 299.8946, 3662.3894, -2875.8964, 299.7121, 0, 0, 0
L 3662.3894, -2875.8964, 299.7121, 3649.1188, -2862.4169, 299.7065, 0, 0, 0
L 3649.1188, -2862.4169, 299.7065, 3643.666, -2836.4497, 299.7366, 0, 0, 0
L 3643.666, -2836.4497, 299.7366, 3624.6885, -2819.3948, 299.8134, 0, 0, 0
L 3624.6885, -2819.3948, 299.8134, 3614.7433, -2819.4621, 299.826, 0, 0, 0
L 3614.7433, -2819.4621, 299.826, 3600.4472, -2818.614, 300.124, 0, 0, 0
L 3600.4472, -2818.614, 300.124, 3583.958, -2812.891, 300.1999, 0, 0, 0
L 3583.958, -2812.891, 300.1999, 3569.6894, -2811.8937, 300.1075, 0, 0, 0
L 3569.6894, -2811.8937, 300.1075, 3552.6768, -2814.2638, 299.79, 0, 0, 0
L 3552.6768, -2814.2638, 299.79, 3509.871, -2807.5504, 299.8086, 0, 0, 0
L 3509.871, -2807.5504, 299.8086, 3487.1902, -2800.925, 299.8709, 0, 0, 0
L 3487.1902, -2800.925, 299.8709, 3479.8865, -2801.4463, 299.6709, 0, 0, 0
L 3479.8865, -2801.4463, 299.6709, 3476.4719, -2803.3317, 299.7884, 0, 0, 0
L 3476.4719, -2803.3317, 299.7884, 3455.1934, -2800.9209, 299.5998, 0, 0, 0
L 3455.1934, -2800.9209, 299.5998, 3443.4281, -2796.2157, 300.1349, 0, 0, 0
L 3443.4281, -2796.2157, 300.1349, 3431.1021, -2797.4929, 299.3844, 0, 0, 0
L 3431.1021, -2797.4929, 299.3844, 3384.1509, -2777.1902, 299.93, 0, 0, 0
L 3384.1509, -2777.1902, 299.93, 3371.8962, -2770.9751, 299.7663, 0, 0, 0
L 3371.8962, -2770.9751, 299.7663, 3362.4018, -2759.1669, 300.425, 0, 0, 0
L 3362.4018, -2759.1669, 300.425, 3344.8622, -2751.9065, 299.9603, 0, 0, 0
L 3344.8622, -2751.9065, 299.9603, 3330.7289, -2756.989, 298.5296, 0, 0, 0
L 3330.7289, -2756.989, 298.5296, 3312.246, -2754.4238, 298.2228, 0, 0, 0
L 3312.246, -2754.4238, 298.2228, 3294.7166, -2760.1714, 300.742, 0, 0, 0
L 3294.7166, -2760.1714, 300.742, 3291.7824, -2763.7638, 300.312, 0, 0, 0
L 3291.7824, -2763.7638, 300.312, 3287.3975, -2765.4706, 298.9868, 0, 0, 0
L 3287.3975, -2765.4706, 298.9868, 3265.5392, -2765.5657, 300.5117, 0, 0, 0
L 3265.5392, -2765.5657, 300.5117, 3246.402, -2758.3847, 301.1116, 0, 0, 0
L 3246.402, -2758.3847, 301.1116, 3237.2815, -2757.248, 299.2855, 0, 0, 0
L 3237.2815, -2757.248, 299.2855, 3217.8101, -2762.2319, 300.5412, 0, 0, 0
L 3217.8101, -2762.2319, 300.5412, 3190.8557, -2762.2609, 300.3045, 0, 0, 0
L 3190.8557, -2762.2609, 300.3045, 3187.4861, -2760.3984, 300.1485, 0, 0, 0
L 3187.4861, -2760.3984, 300.1485, 3168.2768, -2740.3832, 300.1274, 0, 0, 0
L 3168.2768, -2740.3832, 300.1274, 3166.1918, -2736.3726, 299.3854, 0, 0, 0
L 3166.1918, -2736.3726, 299.3854, 3163.5435, -2712.8798, 299.6587, 0, 0, 0
L 3163.5435, -2712.8798, 299.6587, 3173.3472, -2693.7375, 299.7413, 0, 0, 0
L 3173.3472, -2693.7375, 299.7413, 3174.3654, -2688.5635, 301.1148, 0, 0, 0
L 3174.3654, -2688.5635, 301.1148, 3170.481, -2666.9191, 302.1956, 0, 0, 0
L 3170.481, -2666.9191, 302.1956, 3167.6835, -2662.4841, 298.144, 0, 0, 0
L 3167.6835, -2662.4841, 298.144, 3149.6768, -2658.1359, 297.8267, 0, 0, 0
L 3149.6768, -2658.1359, 297.8267, 3144.8152, -2639.6475, 297.8201, 0, 0, 0
L 3144.8152, -2639.6475, 297.8201, 3133.5219, -2623.9292, 297.7499, 0, 0, 0
L 3133.5219, -2623.9292, 297.7499, 3128.9897, -2612.3591, 297.5747, 0, 0, 0
L 3128.9897, -2612.3591, 297.5747, 3124.1415, -2589.7609, 297.1884, 0, 0, 0
L 3124.1415, -2589.7609, 297.1884, 3127.996, -2550.7698, 297.958, 0, 0, 0
L 3127.996, -2550.7698, 297.958, 3144.3146, -2526.6012, 300.5414, 0, 0, 0
L 3144.3146, -2526.6012, 300.5414, 3148.4335, -2516.1631, 300.3453, 0, 0, 0
L 3148.4335, -2516.1631, 300.3453, 3152.2644, -2495.4965, 299.5108, 0, 0, 0
L 3152.2644, -2495.4965, 299.5108, 3153.9719, -2481.5942, 300.1061, 0, 0, 0
L 3153.9719, -2481.5942, 300.1061, 3167.7858, -2468.2671, 300.7558, 0, 0, 0
L 3167.7858, -2468.2671, 300.7558, 3174.3962, -2449.2847, 300.7533, 0, 0, 0
L 3174.3962, -2449.2847, 300.7533, 3180.3499, -2436.2941, 301.6039, 0, 0, 0
L 3180.3499, -2436.2941, 301.6039, 3184.5398, -2415.675, 299.8439, 0, 0, 0
L 3184.5398, -2415.675, 299.8439, 3191.3674, -2412.5151, 300.2234, 0, 0, 0
L 3191.3674, -2412.5151, 300.2234, 3198.9175, -2399.8564, 300.2441, 0, 0, 0
L 3198.9175, -2399.8564, 300.2441, 3203.9292, -2385.8604, 298.6326, 0, 0, 0
L 3203.9292, -2385.8604, 298.6326, 3214.2294, -2369.2973, 298.2595, 0, 0, 0
L 3214.2294, -2369.2973, 298.2595, 3226.5756, -2353.2246, 297.8892, 0, 0, 0
L 3226.5756, -2353.2246, 297.8892, 3240.5154, -2332.6547, 297.6254, 0, 0, 0
L 3240.5154, -2332.6547, 297.6254, 3263.6365, -2314.1772, 297.2432, 0, 0, 0
L 3263.6365, -2314.1772, 297.2432, 3288.2948, -2300.9326, 297.3265, 0, 0, 0
L 3288.2948, -2300.9326, 297.3265, 3315.59, -2291.8586, 297.1127, 0, 0, 0
L 3315.59, -2291.8586, 297.1127, 3381.2914, -2254.6938, 297.2583, 0, 0, 0
L 3381.2914, -2254.6938, 297.2583, 3394.8627, -2239.2062, 297.41, 0, 0, 0
L 3394.8627, -2239.2062, 297.41, 3414.271, -2232.4441, 300.848, 0, 0, 0
L 3414.271, -2232.4441, 300.848, 3422.1255, -2222.8063, 300.3978, 0, 0, 0
L 3422.1255, -2222.8063, 300.3978, 3444.8627, -2209.1498, 300.6576, 0, 0, 0
L 3444.8627, -2209.1498, 300.6576, 3450.3721, -2202.9998, 300.187, 0, 0, 0
L 3450.3721, -2202.9998, 300.187, 3480.6952, -2177.3831, 300.5778, 0, 0, 0
L 3480.6952, -2177.3831, 300.5778, 3526.1332, -2146.8737, 299.6062, 0, 0, 0
L 3526.1332, -2146.8737, 299.6062, 3534.626, -2143.3771, 300.1157, 0, 0, 0
L 3534.626, -2143.3771, 300.1157, 3550.875, -2142.1044, 299.975, 0, 0, 0
L 3550.875, -2142.1044, 299.975, 3570.344, -2142.8688, 300.3546, 0, 0, 0
L 3570.344, -2142.8688, 300.3546, 3579.8317, -2140.8998, 300.2354, 0, 0, 0
L 3579.8317, -2140.8998, 300.2354, 3616.9827, -2142.7204, 299.7069, 0, 0, 0
L 3616.9827, -2142.7204, 299.7069, 3626.6475, -2142.2712, 301.2235, 0, 0, 0
L 3626.6475, -2142.2712, 301.2235, 3664.1266, -2143.5493, 301.4769, 0, 0, 0
L 3664.1266, -2143.5493, 301.4769, 3671.922, -2145.1091, 301.9411, 0, 0, 0
L 3671.922, -2145.1091, 301.9411, 3697.4983, -2141.1394, 301.2216, 0, 0, 0
L 3697.4983, -2141.1394, 301.2216, 3717.6028, -2134.9092, 300.8851, 0, 0, 0
L 3717.6028, -2134.9092, 300.8851, 3783.2404, -2104.8957, 300.4089, 0, 0, 0
L 3783.2404, -2104.8957, 300.4089, 3792.1498, -2098.3726, 300.3682, 0, 0, 0
L 3792.1498, -2098.3726, 300.3682, 3816.8357, -2090.3002, 299.6224, 0, 0, 0
L 3816.8357, -2090.3002, 299.6224, 3872.2991, -2090.9971, 300.1995, 0, 0, 0
L 3872.2991, -2090.9971, 300.1995, 3888.3517, -2092.5956, 300.6711, 0, 0, 0
L 3888.3517, -2092.5956, 300.6711, 3902.1669, -2096.4409, 300.8186, 0, 0, 0
L 3902.1669, -2096.4409, 300.8186, 3936.5158, -2097.6599, 299.7019, 0, 0, 0
L 3936.5158, -2097.6599, 299.7019, 3954.853, -2093.4373, 299.7321, 0, 0, 0
L 3954.853, -2093.4373, 299.7321, 3970.3528, -2087.9722, 299.7047, 0, 0, 0
L 3970.3528, -2087.9722, 299.7047, 3983.1271, -2083.1001, 299.4399, 0, 0, 0
L 3983.1271, -2083.1001, 299.4399, 4007.3782, -2074.6631, 299.747, 0, 0, 0
L 4007.3782, -2074.6631, 299.747, 4030.8523, -2065.5453, 299.9055, 0, 0, 0
L 4030.8523, -2065.5453, 299.9055, 4034.2073, -2065.8694, 299.8337, 0, 0, 0
L 4034.2073, -2065.8694, 299.8337, 4056.3125, -2059.3308, 299.7798, 0, 0, 0
L 4056.3125, -2059.3308, 299.7798, 4065.7339, -2064.4868, 300.3068, 0, 0, 0
L 4065.7339, -2064.4868, 300.3068, 4079.907, -2068.4904, 299.7223, 0, 0, 0
L 4079.907, -2068.4904, 299.7223, 4099.7245, -2088.1806, 300.1854, 0, 0, 0
L 4099.7245, -2088.1806, 300.1854, 4150.9516, -2111.467, 300.4078, 0, 0, 0
L 4150.9516, -2111.467, 300.4078, 4172.7466, -2114.824, 300.4055, 0, 0, 0
L 4172.7466, -2114.824, 300.4055, 4175.4594, -2117.693, 300.8342, 0, 0, 0
L 4175.4594, -2117.693, 300.8342, 4199.7222, -2123.2265, 300.6969, 0, 0, 0
L 4199.7222, -2123.2265, 300.6969, 4222.9467, -2123.5969, 300.5251, 0, 0, 0
L 4222.9467, -2123.5969, 300.5251, 4232.2686, -2119.2451, 300.1779, 0, 0, 0
L 4232.2686, -2119.2451, 300.1779, 4252.7734, -2111.6975, 299.8781, 0, 0, 0
L 4252.7734, -2111.6975, 299.8781, 4272.4149, -2105.9827, 300.4943, 0, 0, 0
L 4272.4149, -2105.9827, 300.4943, 4294.1352, -2086.684, 300.5459, 0, 0, 0
L 4294.1352, -2086.684, 300.5459, 4295.8657, -2083.5448, 299.7038, 0, 0, 0
L 4295.8657, -2083.5448, 299.7038, 4317.9706, -2062.2244, 300.3466, 0, 0, 0
L 4317.9706, -2062.2244, 300.3466, 4319.2304, -2056.1221, 298.7984, 0, 0, 0
L 4319.2304, -2056.1221, 298.7984, 4331.3837, -2040.6429, 300.3589, 0, 0, 0
L 4331.3837, -2040.6429, 300.3589, 4343.5102, -2018.3025, 299.7957, 0, 0, 0
L 4343.5102, -2018.3025, 299.7957, 4356.2847, -2004.2473, 299.8722, 0, 0, 0
L 4356.2847, -2004.2473, 299.8722, 4367.1244, -1995.8568, 299.92, 0, 0, 0
L 4367.1244, -1995.8568, 299.92, 4374.5708, -1992.429, 299.8858, 0, 0, 0
L 4374.5708, -1992.429, 299.8858, 4392, -1985.5968, 299.9139, 0, 0, 0
L 4392, -1985.5968, 299.9139, 4415.6602, -1984.103, 299.8333, 0, 0, 0
L 4415.6602, -1984.103, 299.8333, 4438.3081, -1988.748, 299.7416, 0, 0, 0
L 4438.3081, -1988.748, 299.7194, 4463.5762, -2002.4073, 300.93, 0, 0, 0
L 4463.5762, -2002.4073, 300.93, 4470.6132, -2007.4565, 300.4576, 0, 0, 0
L 4470.6132, -2007.4565, 300.4576, 4479.4336, -2015.4381, 299.97, 0, 0, 0
L 4479.4336, -2015.4381, 299.97, 4498.626, -2028.5072, 299.603, 0, 0, 0
L 4498.626, -2028.5072, 299.603, 4506.5122, -2039.2849, 300.3192, 0, 0, 0
L 4506.5122, -2039.2849, 300.3192, 4511.6674, -2042.923, 299.9952, 0, 0, 0
L 4511.6674, -2042.923, 299.9952, 4527.3813, -2048.3447, 299.6557, 0, 0, 0
L 4527.3813, -2048.3447, 299.6557, 4535.5946, -2061.5417, 300.1544, 0, 0, 0
L 4535.5946, -2061.5417, 300.1544, 4543.2987, -2064.1559, 299.9123, 0, 0, 0
L 4543.2987, -2064.1559, 299.9123, 4636.1005, -2078.7854, 297.2706, 0, 0, 0
L 4636.1005, -2078.7854, 297.2706, 4660.5762, -2087.8937, 296.8412, 0, 0, 0
L 4660.5762, -2087.8937, 296.8412, 4670.9926, -2097.3789, 296.7816, 0, 0, 0
L 4670.9926, -2097.3789, 296.7816, 4683.5698, -2103.349, 296.6186, 0, 0, 0
L 4683.5698, -2103.349, 296.6186, 4697.9364, -2117.1277, 296.3283, 0, 0, 0
L 4697.9364, -2117.1277, 296.3283, 4728.6899, -2158.1916, 296.4424, 0, 0, 0
L 4728.6899, -2158.1916, 296.4424, 4751.3676, -2191.4203, 296.4461, 0, 0, 0
L 4751.3676, -2191.4203, 296.4461, 4775.1059, -2206.228, 299.8485, 0, 0, 0
L 4775.1059, -2206.228, 299.8485, 4797.4458, -2212.266, 299.7642, 0, 0, 0
L 4797.4458, -2212.266, 299.7642, 4827.8423, -2225.7166, 300.1234, 0, 0, 0
L 4827.8423, -2225.7166, 300.1234, 4851.4018, -2250.8593, 300.939, 0, 0, 0
L 4851.4018, -2250.8593, 300.939, 4865.1484, -2280.7829, 300.403, 0, 0, 0
L 4865.1484, -2280.7829, 300.403, 4861.9525, -2289.6305, 300.1258, 0, 0, 0
L 4861.9525, -2289.6305, 300.1258, 4861.2754, -2303.7925, 299.7384, 0, 0, 0
L 4861.2754, -2303.7925, 299.7384, 4870.2641, -2327.998, 299.4642, 0, 0, 0
L 4870.2641, -2327.998, 299.4642, 4888.5186, -2351.5529, 299.6245, 0, 0, 0
L 4888.5186, -2351.5529, 299.6245, 4894.8013, -2353.7314, 298.5262, 0, 0, 0
L 4894.8013, -2353.7314, 298.5262, 4896.7183, -2361.697, 300.2307, 0, 0, 0
L 4896.7183, -2361.697, 300.2307, 4907.2964, -2375.9625, 299.8496, 0, 0, 0
L 4907.2964, -2375.9625, 299.8496, 4910.1757, -2386.46, 299.6374, 0, 0, 0
L 4910.1757, -2386.46, 299.6374, 4910.6377, -2414.4832, 300.2669, 0, 0, 0
L 4910.6377, -2414.4832, 300.2669, 4914.329, -2428.6264, 300.2291, 0, 0, 0
L 4914.329, -2428.6264, 300.2291, 4917.6195, -2448.1271, 300.4904, 0, 0, 0
L 4917.6195, -2448.1271, 300.4904, 4918.5923, -2471.5497, 300.9177, 0, 0, 0
L 4918.5923, -2471.5497, 300.9177, 4919.4492, -2475.9396, 301.862, 0, 0, 0
L 4919.4492, -2475.9396, 301.862, 4931.6714, -2495.7204, 299.9125, 0, 0, 0
L 4931.6714, -2495.7204, 299.9125, 4937.4912, -2502.1945, 299.4064, 0, 0, 0
L 4937.4912, -2502.1945, 299.4064, 4943.7602, -2524.6938, 300.1308, 0, 0, 0
L 4943.7602, -2524.6938, 300.1308, 4951.7206, -2536.2307, 299.8494, 0, 0, 0
L 4951.7206, -2536.2307, 299.8494, 4955.3013, -2543.8218, 299.68, 0, 0, 0
L 4955.3013, -2543.8218, 299.68, 4960.1382, -2560.293, 300.2771, 0, 0, 0
L 4960.1382, -2560.293, 300.2771, 4963.3418, -2566.9396, 300.386, 0, 0, 0
L 4963.3418, -2566.9396, 300.386, 4966.2856, -2569.4041, 300.168, 0, 0, 0
L 4966.2856, -2569.4041, 300.168, 4979.6538, -2590.9888, 300.3994, 0, 0, 0
L 4979.6538, -2590.9888, 300.3994, 4973.1454, -2611.1372, 299.8426, 0, 0, 0
L 4973.1454, -2611.1372, 299.8426, 4975.6688, -2638.4762, 300.2312, 0, 0, 0
L 4975.6688, -2638.4762, 300.2312, 4981.3002, -2649.1579, 300.7699, 0, 0, 0
L 4981.3002, -2649.1579, 300.7699, 4982.4155, -2677.8456, 299.858, 0, 0, 0
L 4982.4155, -2677.8456, 299.858, 4970.6908, -2687.5707, 299.8731, 0, 0, 0
L 4970.6908, -2687.5707, 299.8731, 4977.4989, -2701.7644, 299.805, 0, 0, 0
L 4977.4989, -2701.7644, 299.805, 4981.3809, -2725.1965, 299.7543, 0, 0, 0
L 4981.3809, -2725.1965, 299.7543, 4989.1475, -2736.5776, 298.3496, 0, 0, 0
L 4989.1475, -2736.5776, 298.3496, 4993.2407, -2807.9589, 299.3041, 0, 0, 0
L 4993.2407, -2807.9589, 299.3041, 4991.4408, -2830.2946, 300.9676, 0, 0, 0
L 4991.4408, -2830.2946, 300.9676, 4984.6854, -2879.1264, 300.7397, 0, 0, 0
L 4984.6854, -2879.1264, 300.7397, 4985.5551, -2886.1968, 299.6179, 0, 0, 0
L 4985.5551, -2886.1968, 299.6179, 4983.7641, -2904.2107, 299.2604, 0, 0, 0
L 4983.7641, -2904.2107, 299.2604, 4980.1649, -2916.4951, 301.1431, 0, 0, 0
L 4980.1649, -2916.4951, 301.1431, 4980.164, -2952.277, 300.8736, 0, 0, 0
L 4980.164, -2952.277, 300.8736, 4982.3632, -2965.8591, 301.733, 0, 0, 0
L 4982.3632, -2965.8591, 301.733, 4981.9663, -2977.6855, 300.454, 0, 0, 0
L 4981.9663, -2977.6855, 300.454, 4982.7402, -2984.7919, 300.3077, 0, 0, 0
L 4982.7402, -2984.7919, 300.3077, 4996.1293, -3023.7766, 300.812, 0, 0, 0
L 4996.1293, -3023.7766, 300.812, 5000.4844, -3047.2323, 300.9089, 0, 0, 0
L 5000.4844, -3047.2323, 300.9089, 5005.9589, -3119.9917, 300.3577, 0, 0, 0
L 5005.9589, -3119.9917, 300.3577, 5012.3573, -3168.1559, 300.204, 0, 0, 0
L 5012.3573, -3168.1559, 300.204, 5018.8915, -3188.9241, 300.187, 0, 0, 0
L 5018.8915, -3188.9241, 300.187, 5027.5385, -3213.4607, 298.3075, 0, 0, 0
L 5027.5385, -3213.4607, 298.3075, 5032.6772, -3255.8416, 300.3192, 0, 0, 0
L 5032.6772, -3255.8416, 300.3192, 5030.96, -3272.9443, 300.1132, 0, 0, 0
L 5030.96, -3272.9443, 300.1132, 5035.8076, -3287.4389, 299.8552, 0, 0, 0
L 5035.8076, -3287.4389, 299.8552, 5040.3311, -3311.6819, 300.12, 0, 0, 0
L 5040.3311, -3311.6819, 300.12, 5037.9071, -3336.3112, 300.1458, 0, 0, 0
L 5037.9071, -3336.3112, 300.1458, 5032.3158, -3350.259, 300.1884, 0, 0, 0
L 5032.3158, -3350.259, 300.1884, 5030.8804, -3369.3234, 299.7864, 0, 0, 0
L 5030.8804, -3369.3234, 299.7864, 5026.5923, -3384.5945, 299.7665, 0, 0, 0
L 5026.5923, -3384.5945, 299.7665, 5026.2393, -3406.2631, 300.2216, 0, 0, 0
L 5026.2393, -3406.2631, 300.2216, 5037.645, -3437.3681, 300.3213, 0, 0, 0
L 5037.645, -3437.3681, 300.3213, 5044.4237, -3451.945, 299.418, 0, 0, 0
L 5044.4237, -3451.945, 299.418, 5054.6021, -3507.8164, 300.375, 0, 0, 0
L 5054.6021, -3507.8164, 300.375, 5056.9448, -3550.2082, 300.4565, 0, 0, 0
L 5056.9448, -3550.2082, 300.4565, 5052.2002, -3599.61, 300.7133, 0, 0, 0
L 5052.2002, -3599.61, 300.7133, 5039.9287, -3656.8892, 300.6413, 0, 0, 0
L 5039.9287, -3656.8892, 300.6413, 5036.1147, -3694.4758, 299.4365, 0, 0, 0
L 5036.1147, -3694.4758, 299.4365, 5033.5078, -3737.2316, 300.6222, 0, 0, 0
L 5033.5078, -3737.2316, 300.6222, 5031.8969, -3749.21, 301.9825, 0, 0, 0
L 5031.8969, -3749.21, 301.9825, 5040.2138, -3839.5652, 299.2169, 0, 0, 0
L 5040.2138, -3839.5652, 299.2169, 5038.9678, -3865.2961, 300.9759, 0, 0, 0
L 5038.9678, -3865.2961, 300.9759, 5035.3188, -3887.3074, 301.7069, 0, 0, 0
L 5035.3188, -3887.3074, 301.7069, 5023.7856, -3918.2483, 301.3339, 0, 0, 0
L 5023.7856, -3918.2483, 301.3339, 5015.8252, -3926.7827, 300.6768, 0, 0, 0
L 5015.8252, -3926.7827, 300.6768, 5003.2021, -3946.775, 300.4927, 0, 0, 0
L 5003.2021, -3946.775, 300.4927, 4991.7782, -3952.3058, 300.9907, 0, 0, 0
L 4991.7782, -3952.3058, 300.9907, 4981.2777, -3983.2471, 301.3197, 0, 0, 0
L 4981.2777, -3983.2471, 301.3197, 4950.7885, -4031.4119, 301.8426, 0, 0, 0
L 4950.7885, -4031.4119, 301.8426, 4949.3311, -4037.4836, 304.2993, 0, 0, 0
L 4949.3311, -4037.4836, 304.2993, 4932.7124, -4054.2202, 301.8129, 0, 0, 0
L 4932.7124, -4054.2202, 301.8129, 4928.6274, -4063.6579, 302.4042, 0, 0, 0
L 4928.6274, -4063.6579, 302.4042, 4920.122, -4077.9816, 302.4556, 0, 0, 0
L 4920.122, -4077.9816, 302.4556, 4914.5527, -4096.3329, 302.7826, 0, 0, 0
L 4914.5527, -4096.3329, 302.7826, 4909.4858, -4103.3149, 303.1575, 0, 0, 0
L 4909.4858, -4103.3149, 303.1575, 4902.2295, -4127.5038, 300.4408, 0, 0, 0
L 4902.2295, -4127.5038, 300.4408, 4898.8882, -4131.5181, 299.4196, 0, 0, 0
L 4898.8882, -4131.5181, 299.4196, 4888.2665, -4151.2627, 300.2556, 0, 0, 0
L 4888.2665, -4151.2627, 300.2556, 4880.5995, -4159.9404, 301.8057, 0, 0, 0
L 4880.5995, -4159.9404, 301.8057, 4874.8109, -4176.4418, 301.3822, 0, 0, 0
L 4874.8109, -4176.4418, 301.3822, 4872.2426, -4180.5059, 299.7649, 0, 0, 0
L 4872.2426, -4180.5059, 299.7649, 4861.144, -4187.8397, 300.5477, 0, 0, 0
L 4861.144, -4187.8397, 300.5477, 4848.3505, -4206.2412, 300.982, 0, 0, 0
L 4848.3505, -4206.2412, 300.982, 4825.4799, -4226.5604, 299.2841, 0, 0, 0
L 4825.4799, -4226.5604, 299.2841, 4800.6225, -4242.6132, 299.2805, 0, 0, 0
L 4800.6225, -4242.6132, 299.2805, 4774.9867, -4250.2529, 299.5998, 0, 0, 0
L 4774.9867, -4250.2529, 299.5998, 4752.4945, -4251.9076, 300.528, 0, 0, 0
L 4752.4945, -4251.9076, 300.528, 4706.7436, -4243.3198, 301.5923, 0, 0, 0
L 4706.7436, -4243.3198, 301.5923, 4681.563, -4246.2046, 299.8254, 0, 0, 0
L 4681.563, -4246.2046, 299.8254, 4649.1684, -4265.603, 299.9273, 0, 0, 0
L 4649.1684, -4265.603, 299.9273, 4629.5591, -4274.4624, 300.7488, 0, 0, 0
L 4629.5591, -4274.4624, 300.7488, 4604.6475, -4281.7046, 300.2585, 0, 0, 0
L 4604.6475, -4281.7046, 300.2585, 4584.8315, -4280.4413, 299.9254, 0, 0, 0
L 4584.8315, -4280.4413, 299.9254, 4566.7568, -4279.8671, 299.552, 0, 0, 0
L 4566.7568, -4279.8671, 299.552, 4544.1234, -4288.1186, 299.7234, 0, 0, 0
L 4544.1234, -4288.1186, 299.7234, 4536.369, -4296.8149, 298.6295, 0, 0, 0
L 4536.369, -4296.8149, 298.6295, 4530.2533, -4296.2143, 299.75, 0, 0, 0
L 4530.2533, -4296.2143, 299.75, 4527.9486, -4303.8402, 299.923, 0, 0, 0
L 4527.9486, -4303.8402, 299.923, 4536.3022, -4343.478, 299.8487, 0, 0, 0
L 4536.3022, -4343.478, 299.8487, 4535.8252, -4367.189, 299.9775, 0, 0, 0
L 4535.8252, -4367.189, 299.9775, 4528.6904, -4390.894, 299.6376, 0, 0, 0
L 4528.6904, -4390.894, 299.6376, 4501.6454, -4418.6649, 299.7067, 0, 0, 0
L 4501.6454, -4418.6649, 299.7067, 4486.9062, -4430.3994, 299.6263, 0, 0, 0
L 4486.9062, -4430.3994, 299.6263, 4481.4818, -4433.1923, 299.8949, 0, 0, 0
L 4481.4818, -4433.1923, 299.8949, 4440.7704, -4440.3491, 299.6379, 0, 0, 0
L 4440.7704, -4440.3491, 299.6379, 4414.747, -4441.1899, 300.7989, 0, 0, 0
L 4414.747, -4441.1899, 300.7989, 4390.5967, -4445.1943, 298.6798, 0, 0, 0
L 4390.5967, -4445.1943, 298.6798, 4368.2992, -4451.6811, 299.5452, 0, 0, 0
L 4368.2992, -4451.6811, 299.5452, 4358.5459, -4452.6967, 300.7601, 0, 0, 0
L 4358.5459, -4452.6967, 300.7601, 4344.287, -4462.6845, 299.7832, 0, 0, 0
L 4344.287, -4462.6845, 299.7832, 4325.666, -4467.4663, 300.6976, 0, 0, 0
L 4325.666, -4467.4663, 300.6976, 4320.1606, -4471.266, 299.8761, 0, 0, 0
L 4320.1606, -4471.266, 299.8761, 4306.8222, -4475.7236, 300.149, 0, 0, 0
L 4306.8222, -4475.7236, 300.149, 4296.288, -4477.829, 300.2416, 0, 0, 0
L 4296.288, -4477.829, 300.2416, 4286.2665, -4477.4619, 300.1825, 0, 0, 0
L 4286.2665, -4477.4619, 300.1825, 4272.1826, -4481.1693, 299.9042, 0, 0, 0
L 4272.1826, -4481.1693, 299.9042, 4248.2763, -4476.4813, 299.7676, 0, 0, 0
L 4248.2763, -4476.4813, 299.7676, 4222.7978, -4465.3798, 299.8253, 0, 0, 0
L 4222.7978, -4465.3798, 299.8253, 4198.3867, -4440.9188, 299.7685, 0, 0, 0
L 4198.3867, -4440.9188, 299.7685, 4196.5693, -4437.1171, 299.7685, 0, 0, 0
L 4196.5693, -4437.1171, 299.7685, 4191.9727, -4416.252, 299.8562, 0, 0, 0
L 4191.9727, -4416.252, 299.8562, 4182.204, -4409.5829, 299.7049, 0, 0, 0
L 4182.204, -4409.5829, 299.7049, 4178.9296, -4392.9512, 299.9381, 0, 0, 0
L 4178.9296, -4392.9512, 299.9381, 4176.4584, -4390.5981, 300.4304, 0, 0, 0
L 4176.4584, -4390.5981, 300.4304, 4152.4135, -4391.663, 300.2633, 0, 0, 0
L 4152.4135, -4391.663, 300.2633, 4130.9043, -4417.4429, 299.9207, 0, 0, 0
L 4130.9043, -4417.4429, 299.9207, 4128.1811, -4418.3662, 300.3589, 0, 0, 0
L 4128.1811, -4418.3662, 300.3589, 4102.6981, -4437.2393, 300.1345, 0, 0, 0
L 4102.6981, -4437.2393, 300.1345, 4097.604, -4439.9198, 300.8849, 0, 0, 0
L 4097.604, -4439.9198, 300.8849, 4070.4414, -4453.3027, 300.7379, 0, 0, 0
L 4070.4414, -4453.3027, 300.7379, 4054.5073, -4458.9301, 300.1367, 0, 0, 0
L 4054.5073, -4458.9301, 300.1367, 4025.5398, -4471.416, 299.8469, 0, 0, 0
L 4025.5398, -4471.416, 299.8469, 4008.731, -4474.8549, 300.387, 0, 0, 0
L 4008.731, -4474.8549, 300.387, 3996.1311, -4474.2934, 300.742, 0, 0, 0
L 3996.1311, -4474.2934, 300.742, 3984.4812, -4476.9546, 299.8695, 0, 0, 0
L 3984.4812, -4476.9546, 299.8695, 3960.1125, -4471.7178, 299.9513, 0, 0, 0
L 3960.1125, -4471.7178, 299.9513, 3947.2433, -4464.2402, 299.9585, 0, 0, 0
L 3947.2433, -4464.2402, 299.9585, 3938.2327, -4456.1665, 299.6942, 0, 0, 0
L 3938.2327, -4456.1665, 299.6942, 3934.2294, -4447.5928, 300.1252, 0, 0, 0
L 3934.2294, -4447.5928, 300.1252, 3928.9375, -4422.8359, 300.1274, 0, 0, 0
L 3928.9375, -4422.8359, 300.1274, 3929.443, -4416.1724, 300.6215, 0, 0, 0
L 3929.443, -4416.1724, 300.6215, 3926.8854, -4406.877, 299.8503, 0, 0, 0
L 3926.8854, -4406.877, 299.8503, 3919.6792, -4392.4893, 300.2597, 0, 0, 0
L 3919.6792, -4392.4893, 300.2597, 3906.4983, -4385.8056, 301.4549, 0, 0, 0
L 3906.4983, -4385.8056, 301.4549, 3869.2554, -4387.1415, 301.1827, 0, 0, 0
L 3869.2554, -4387.1415, 301.1827, 3842.5115, -4368.4619, 300.6533, 0, 0, 0
L 3842.5115, -4368.4619, 300.6533, 3837.9025, -4368.664, 299.6666, 0, 0, 0
L 3837.9025, -4368.664, 299.6666, 3837.21, -4370.9277, 299.7228, 0, 0, 0
L 3837.21, -4370.9277, 299.7228, 3816.6457, -4395.4277, 299.8206, 0, 0, 0
L 3816.6457, -4395.4277, 299.8206, 3813.331, -4396.1787, 300.182, 0, 0, 0
L 3813.331, -4396.1787, 300.182, 3791.8054, -4392.579, 300.3086, 0, 0, 0
L 3791.8054, -4392.579, 300.3086, 3767.9729, -4393.5165, 299.8145, 0, 0, 0
L 3767.9729, -4393.5165, 299.8145, 3738.7283, -4373.204, 299.8496, 0, 0, 0
L 3738.7283, -4373.204, 299.8496, 3720.9897, -4367.6367, 299.8383, 0, 0, 0
L 3720.9897, -4367.6367, 299.8383, 3706.75, -4357.2611, 299.5674, 0, 0, 0
L 3706.75, -4357.2611, 299.5674, 3706.3804, -4344.9492, 301.858, 0, 0, 0
L 3706.3804, -4344.9492, 301.858, 3695.469, -4318.9306, 299.877, 0, 0, 0
L 4486.7592, -2614.9719, 479.9864, 4462.3695, -2606.5243, 479.6123, 0, 0, 240
L 4462.3695, -2606.5243, 479.6123, 4449.457, -2606.8247, 480.2751, 0, 0, 240
L 4449.457, -2606.8247, 480.2751, 4439.8793, -2597.5293, 479.8324, 0, 0, 240
L 4439.8793, -2597.5293, 479.8324, 4416.4301, -2591.6188, 479.9821, 0, 0, 240
L 4416.4301, -2591.6188, 479.9821, 4369, -2590.9535, 479.9694, 0, 0, 240
L 4369, -2590.9535, 479.9694, 4354.2953, -2578.3285, 479.9177, 0, 0, 240
L 4354.2953, -2578.3285, 479.9177, 4343.4844, -2582.4699, 479.7579, 0, 0, 240
L 4343.4844, -2582.4699, 479.7579, 4339.1513, -2610.8339, 480.7669, 0, 0, 240
L 4339.1513, -2610.8339, 480.7669, 4301.9228, -2609.4457, 479.9066, 0, 0, 240
L 4301.9228, -2609.4457, 479.9066, 4296.2133, -2595.925, 479.8177, 0, 0, 240
L 4296.2133, -2595.925, 479.8177, 4293.7358, -2544.3119, 480.1548, 0, 0, 240
L 4293.7358, -2544.3119, 480.1548, 4295.4984, -2519.7993, 480.1786, 0, 0, 240
L 4295.4984, -2519.7993, 480.1786, 4302.3154, -2496.1772, 480.1338, 0, 0, 240
L 4302.3154, -2496.1772, 480.1338, 4309.2836, -2485.1957, 479.869, 0, 0, 240
L 4309.2836, -2485.1957, 479.869, 4320.9535, -2476.7512, 479.5246, 0, 0, 240
L 4320.9535, -2476.7512, 479.5246, 4333.4975, -2462.2577, 480.2334, 0, 0, 240
L 4333.4975, -2462.2577, 480.2334, 4345.478, -2455.6365, 479.9132, 0, 0, 240
L 4345.478, -2455.6365, 479.9132, 4353.8046, -2447.1635, 480.5815, 0, 0, 240
L 4353.8046, -2447.1635, 480.5815, 4363.9458, -2442.6653, 479.8142, 0, 0, 240
L 4363.9458, -2442.6653, 479.8142, 4416.8828, -2415.3242, 479.4429, 0, 0, 240
L 4416.8828, -2415.3242, 479.4429, 4440.5097, -2410.6298, 479.9701, 0, 0, 240
L 4440.5097, -2410.6298, 479.9701, 4464.1602, -2409.1345, 479.9033, 0, 0, 240
L 4464.1602, -2409.1345, 479.9033, 4475.7529, -2412.605, 479.8322, 0, 0, 240
L 4475.7529, -2412.605, 479.8322, 4487.1854, -2410.6039, 480.2151, 0, 0, 240
L 4487.1854, -2410.6039, 480.2151, 4499.4291, -2413.1028, 479.7805, 0, 0, 240
L 4499.4291, -2413.1028, 479.7805, 4508.7655, -2422.3618, 479.9465, 0, 0, 240
L 4508.7655, -2422.3618, 479.9465, 4520.9193, -2438.9987, 479.79, 0, 0, 240
L 4520.9193, -2438.9987, 479.79, 4523.2924, -2448.7968, 479.8484, 0, 0, 240
L 4523.2924, -2448.7968, 479.8484, 4523.1859, -2459.1808, 479.475, 0, 0, 240
L 4523.1859, -2459.1808, 479.475, 4527.2265, -2470.3213, 480.2479, 0, 0, 240
L 4527.2265, -2470.3213, 480.2479, 4527.3301, -2481.3312, 479.8149, 0, 0, 240
L 4527.3301, -2481.3312, 479.8149, 4536.7592, -2491.3096, 479.9275, 0, 0, 240
L 4536.7592, -2491.3096, 479.9275, 4553.8002, -2501.8085, 479.9395, 0, 0, 240
L 4553.8002, -2501.8085, 479.9395, 4559.9594, -2508.9104, 480.5199, 0, 0, 240
L 4559.9594, -2508.9104, 480.5199, 4563.7318, -2519.1304, 480.788, 0, 0, 240
L 4563.7318, -2519.1304, 480.788, 4563.7318, -2545.4158, 480.3038, 0, 0, 240
L 4563.7318, -2545.4158, 480.3038, 4559.7061, -2566.9848, 480.1397, 0, 0, 240
L 4559.7061, -2566.9848, 480.1397, 4548.8184, -2579.6408, 479.8138, 0, 0, 240
L 4548.8184, -2579.6408, 479.8138, 4539.6122, -2592.5646, 480.2323, 0, 0, 240
L 4539.6122, -2592.5646, 480.2323, 4512.6333, -2607.3591, 480.1279, 0, 0, 240
L 4512.6333, -2607.3591, 480.1279, 4486.7592, -2614.9719, 479.8192, 0, 0, 240
L 3987.2377, -2870.3112, 221.8874, 3987.1792, -2839.4477, 211.4532, 240, 240, 240
L 3987.1792, -2839.4477, 211.4532, 3968.875, -2823.8975, 206.5586, 240, 240, 240
L 3968.875, -2823.8975, 206.5586, 3950.7925, -2835.9933, 205.5232, 240, 240, 240
L 3950.7925, -2835.9933, 205.5232, 3950.7777, -2859.1113, 204.8033, 240, 240, 240
L 3950.7777, -2859.1113, 204.8033, 3955.5679, -2891.277, 241.771, 240, 240, 240
L 3987.2377, -2870.3112, 217.6999, 3980.8076, -2890.7512, 230.2144, 240, 240, 240
L 3950.7865, -2845.57, -308.6809, 3900.2671, -2849.8429, -311.5625, 0, 127, 127
L 3900.2671, -2849.8429, -311.5625, 3840.884, -2831.605, -326.8324, 0, 127, 127
L 3840.884, -2831.605, -326.8324, 3782.585, -2845.5097, -326.2798, 0, 127, 127
L 3782.585, -2845.5097, -326.2798, 3730.8998, -2883.9762, -326.644, 0, 127, 127
L 3730.8998, -2883.9762, -326.644, 3700.885, -2907.3119, -353.5473, 0, 127, 127
L 3648.2348, -2913.2402, -369.7128, 3659.2112, -2897.5329, -359.6501, 0, 127, 127
L 3659.2112, -2897.5329, -359.6501, 3677.1464, -2881.4526, -348.9682, 0, 127, 127
L 3677.1464, -2881.4526, -348.9682, 3699.876, -2849.6399, -330.9596, 0, 127, 127
L 3699.876, -2849.6399, -330.9596, 3763.6021, -2815.5507, -324.3614, 0, 127, 127
L 3763.6021, -2815.5507, -324.3614, 3838.5664, -2800.8517, -334.6967, 0, 127, 127
L 3838.5664, -2800.8517, -334.6967, 3891.5817, -2810.1154, -328.3208, 0, 127, 127
L 3891.5817, -2810.1154, -328.3208, 3959.3398, -2819.5297, -297.8125, 0, 127, 127
L 3700.885, -2907.3119, -374.8652, 3660.6525, -2947.4106, -386.7717, 0, 127, 127
L 3660.6525, -2947.4106, -386.7717, 3594.3984, -2919.9621, -471.473, 0, 127, 127
L 3594.3984, -2919.9621, -471.473, 3578.5779, -2902.2273, -492.5248, 0, 127, 127
L 3578.5779, -2902.2273, -492.5248, 3521.2217, -2895.4985, -509.7984, 0, 127, 127
L 3521.2217, -2895.4985, -512.1218, 3478.6345, -2860.6997, -506.8337, 0, 127, 127
L 3478.6345, -2860.6997, -506.8337, 3466.8928, -2828.4331, -503.492, 0, 127, 127
L 3466.8928, -2828.4331, -503.492, 3480.3784, -2791.9052, -501.2841, 0, 127, 127
L 3480.3784, -2791.9052, -501.2841, 3516.4373, -2769.1406, -498.7839, 0, 127, 127
L 3516.4373, -2769.1406, -498.7839, 3550.4706, -2770.5234, -495.4811, 0, 127, 127
L 3550.4706, -2770.5234, -495.4811, 3577.4045, -2793.5623, -493.1494, 0, 127, 127
L 3577.4045, -2793.5623, -493.1494, 3591.8207, -2825.5171, -491.3011, 0, 127, 127
L 3592.2125, -2826.1437, -494.4979, 3588.7809, -2872.6968, -507.6039, 0, 127, 127
L 3588.7809, -2872.6968, -507.6039, 3608.8787, -2879.9326, -491.129, 0, 127, 127
L 3608.8787, -2879.9326, -491.129, 3625.1448, -2912.4767, -473.3908, 0, 127, 127
L 3625.1448, -2912.4767, -473.3908, 3630.9499, -2912.9614, -423.865, 0, 127, 127
L 3630.9499, -2912.9614, -423.865, 3648.2348, -2913.2402, -405.7658, 0, 127, 127
L 3957.6015, -2819.2883, -464.9943, 3987.9463, -2798.7851, -504.1827, 0, 127, 127
L 3987.9463, -2798.7851, -504.1827, 4016.8573, -2805.6167, -508.5942, 0, 127, 127
L 4016.8573, -2805.6167, -508.5942, 4035.1055, -2819.4229, -513.326, 0, 127, 127
L 4035.1055, -2819.4229, -513.326, 4048.4985, -2838.9971, -518.1748, 0, 127, 127
L 4048.4985, -2838.9971, -518.1748, 4054.5581, -2863.8285, -523.75, 0, 127, 127
L 4054.5581, -2863.8285, -523.75, 4046.3555, -2890.8517, -529.5434, 0, 127, 127
L 4046.3555, -2890.8517, -529.5434, 4025.5938, -2913.3661, -533.6837, 0, 127, 127
L 4025.5938, -2913.3661, -533.6837, 3990.585, -2926.2683, -528.8346, 0, 127, 127
L 3990.585, -2926.2683, -528.8346, 3950.7802, -2904.342, -537.3709, 0, 127, 127
L 3950.7802, -2904.342, -537.3709, 3935.53, -2873.9854, -534.2186, 0, 127, 127
L 3935.53, -2873.9854, -534.2186, 3938.6615, -2846.5956, -537.1494, 0, 127, 127
L 3987.2267, -2864.6377, -168.8874, 4048.1667, -2814.469, -173.4302, 0, 127, 127
L 4048.1667, -2814.469, -173.4302, 4079.2206, -2804.7121, -194.8077, 0, 127, 127
L 4079.2206, -2804.7121, -194.8077, 4113.5186, -2807.5273, -223.9019, 0, 127, 127
L 4113.5186, -2807.5273, -223.9019, 4140.6616, -2842.6545, -246.2493, 0, 127, 127
L 4140.6616, -2842.6545, -246.2493, 4161.1499, -2874.34, -261.1428, 0, 127, 127
L 4161.1499, -2874.34, -261.1428, 4153.1548, -2896.6509, -268.165, 0, 127, 127
L 4153.1548, -2896.6509, -268.165, 4114.829, -2934.927, -274.5319, 0, 127, 127
L 4114.829, -2934.927, -274.5319, 4112.9418, -2968.6039, -277.6976, 0, 127, 127
L 4112.9418, -2968.6039, -277.6976, 4134.5263, -2994.5938, -280.3297, 0, 127, 127
L 4134.5263, -2994.5938, -280.3297, 4160.7094, -3007.2256, -283.9488, 0, 127, 127
L 4160.7094, -3007.2256, -283.9488, 4193.5513, -3001.7516, -288.394, 0, 127, 127
L 4193.5513, -3001.7516, -288.394, 4221.7725, -2974.4785, -292.858, 0, 127, 127
L 4221.7725, -2974.4785, -292.858, 4235.395, -2941.1689, -287.4605, 0, 127, 127
L 4235.395, -2941.1689, -287.4605, 4217.5214, -2910.686, -289.185, 0, 127, 127
L 4217.5214, -2910.686, -289.185, 4187.8676, -2888.7725, -283.3002, 0, 127, 127
L 4187.8676, -2888.7725, -283.3002, 4189.2768, -2862.3501, -253.979, 0, 127, 127
L 4189.2768, -2862.3501, -253.979, 4164.7323, -2810.82, -243.246, 0, 127, 127
L 4164.7323, -2810.82, -243.246, 4126.4032, -2777.7444, -223.7341, 0, 127, 127
L 4126.4032, -2777.7444, -223.7341, 4086.7152, -2769.5671, -205.745, 0, 127, 127
L 4086.7152, -2769.5671, -205.745, 4039.6972, -2783.3703, -183.4874, 0, 127, 127
L 4039.6972, -2783.3703, -183.4874, 3984.3683, -2837.601, -148.2898, 0, 127, 127
L 3968.7323, -2823.9929, -308.7959, 3959.3398, -2819.5297, -307.2173, 0, 127, 127
L 4175.3994, -3470.7429, 256.9415, 4344.689, -3642.4839, 228.471, 0, 127, 127
L 4344.689, -3642.4839, 237.1125, 4395.6831, -3685.8328, 239.5312, 0, 127, 127
L 4395.6831, -3685.8328, 239.5312, 4433.3339, -3719.3308, 233.2914, 0, 127, 127
L 4433.3339, -3719.3308, 233.2914, 4482.6576, -3701.7961, 201.5908, 0, 127, 127
L 4482.6576, -3701.7961, 201.5908, 4493.3032, -3695.6574, 194.8514, 0, 127, 127
L 4493.3032, -3695.6574, 194.8514, 4591.8364, -3682.6936, 178.5458, 0, 127, 127
L 4700.5834, -3679.246, 299.9587, 4700.4272, -3672.9131, 299.5683, 0, 127, 127
L 4700.4272, -3672.9131, 299.5683, 4689.6181, -3644.1559, 300.5126, 0, 127, 127
L 4689.6181, -3644.1559, 300.5126, 4655.7402, -3624.1828, 298.6775, 0, 127, 127
L 4655.7402, -3624.1828, 298.6775, 4596.9282, -3656.5938, 301.3349, 0, 127, 127
L 4596.9282, -3656.5938, 301.3349, 4591.8364, -3682.6936, 300.4028, 0, 127, 127
L 4602.3617, -3718.7521, 299.8297, 4604.8989, -3722.2919, 298.8881, 0, 127, 127
L 4604.8989, -3722.2919, 298.8881, 4649.9512, -3738.2919, 301.2989, 0, 127, 127
L 4649.9512, -3738.2919, 301.2989, 4669.5487, -3736.4207, 301.8426, 0, 127, 127
L 4669.5487, -3736.4207, 301.8426, 4674.6558, -3733.1448, 298.3038, 0, 127, 127
L 4674.6558, -3733.1448, 298.3038, 4695.7686, -3709.8784, 300.6723, 0, 127, 127
L 4695.7686, -3709.8784, 300.6723, 4700.5834, -3679.246, 300.5473, 0, 127, 127
L 4600.4399, -3711.6696, 197.7143, 4567.7007, -3717.751, 173.5809, 0, 127, 127
L 4567.7007, -3717.751, 173.5809, 4532.2533, -3728.4854, 173.949, 0, 127, 127
L 4532.2533, -3728.4854, 173.949, 4499.703, -3732.105, 188.5184, 0, 127, 127
L 4499.703, -3732.105, 188.5184, 4476.8061, -3731.9202, 199.179, 0, 127, 127
L 4476.8061, -3731.9202, 199.179, 4465.8433, -3736.384, 221.566, 0, 127, 127
L 4465.8433, -3736.384, 221.566, 4453.8915, -3763.965, 226.7487, 0, 127, 127
L 4453.8915, -3763.965, 226.7487, 4467.5254, -3774.7323, 234.4199, 0, 127, 127
L 4467.5254, -3774.7323, 234.4199, 4481.3549, -3780.6264, 232.6982, 0, 127, 127
L 4481.3549, -3780.6264, 232.6982, 4497.9291, -3801.6772, 225.6588, 0, 127, 127
L 4497.9291, -3801.6772, 225.6588, 4547.8076, -3855.4746, 213.8771, 0, 127, 127
L 4547.8076, -3855.4746, 213.8771, 4566.7934, -3872.98, 212.2375, 0, 127, 127
L 4566.7934, -3872.98, 212.2375, 4590.5249, -3886.184, 213.1956, 0, 127, 127
L 4590.5249, -3886.184, 213.1956, 4627.8549, -3927.802, 223.4687, 0, 127, 127
L 4627.8549, -3927.802, 223.4687, 4637.8481, -3934.3015, 224.9353, 0, 127, 127
L 4637.8481, -3934.3015, 224.9353, 4655.6895, -3936.7546, 231.1714, 0, 127, 127
L 4655.6895, -3936.7546, 231.1714, 4661.7641, -3928.8476, 236.3326, 0, 127, 127
L 4742.7627, -4010.6543, 282.701, 4753.7211, -3975.8501, 281.6356, 0, 127, 127
L 4753.7211, -3975.8501, 281.6356, 4728.1977, -3934.4618, 281.7067, 0, 127, 127
L 4728.1977, -3934.4618, 281.7067, 4698.7538, -3921.3564, 280.97, 0, 127, 127
L 4698.7538, -3921.3564, 280.97, 4661.7641, -3928.8476, 279.8172, 0, 127, 127
L 4745.6826, -4012.1808, 271.7273, 4725.8515, -4035.1228, 268.1589, 0, 127, 127
L 4725.8515, -4035.1228, 268.1589, 4690.2466, -4042.8411, 263.3052, 0, 127, 127
L 4690.2466, -4042.8411, 263.3052, 4657.7304, -4038.5612, 258.3163, 0, 127, 127
L 4657.7304, -4038.5612, 258.3163, 4634.5487, -4017.4529, 254.2401, 0, 127, 127
L 4634.5487, -4017.4529, 254.2401, 4624.5326, -3984.4692, 249.8245, 0, 127, 127
L 4624.5326, -3984.4692, 249.8245, 4623.2271, -3962.4452, 239.7367, 0, 127, 127
L 4623.2271, -3962.4452, 239.7367, 4611.7222, -3952.6415, 228.3925, 0, 127, 127
L 4611.7222, -3952.6415, 228.3925, 4590.9916, -3940.7283, 216.9028, 0, 127, 127
L 4590.9916, -3940.7283, 216.9028, 4571.2938, -3906.248, 207.6571, 0, 127, 127
L 4571.2938, -3906.248, 207.6571, 4528.4032, -3867.259, 214.9122, 0, 127, 127
L 4528.4032, -3867.259, 214.9122, 4518.6918, -3890.5475, 217.27, 0, 127, 127
L 4518.6918, -3890.5475, 217.27, 4507.8931, -3906.3818, 212.9216, 0, 127, 127
L 4507.8931, -3906.3818, 212.9216, 4503.394, -3928.7046, 209.1646, 0, 127, 127
L 4503.394, -3928.7046, 209.1646, 4491.1387, -3969.4783, 198.2315, 0, 127, 127
L 4491.1387, -3969.4783, 198.2315, 4433.1021, -4018.2085, 216.2187, 0, 127, 127
L 4433.1021, -4018.2085, 216.2187, 4385.7362, -4064.9409, 260.8125, 0, 127, 127
L 4385.7362, -4064.9409, 260.8125, 4374.7749, -4095.4484, 280.1068, 0, 127, 127
L 4374.7749, -4095.4484, 280.1068, 4377.5258, -4120.6415, 299.8306, 0, 127, 127
L 4377.5258, -4120.6415, 299.8306, 4381.9233, -4153.832, 306.1689, 0, 127, 127
L 4381.9233, -4153.832, 306.1689, 4401.5811, -4192.3007, 313.6795, 0, 127, 127
L 4401.5811, -4192.3007, 313.6795, 4417.1171, -4237.9486, 297.2182, 0, 127, 127
L 4417.1171, -4237.9486, 297.2182, 4413.2719, -4271.1068, 286.875, 0, 127, 127
L 4413.2719, -4271.1068, 286.875, 4436.6953, -4305.2617, 239.1312, 0, 127, 127
L 4436.6953, -4305.2617, 239.1312, 4436.2339, -4330.7734, 229.1802, 0, 127, 127
L 4436.2339, -4330.7734, 229.1802, 4416.4663, -4366.9609, 222.1417, 0, 127, 127
L 4416.4663, -4366.9609, 222.1417, 4385.9722, -4384.252, 220.3463, 0, 127, 127
L 4385.9722, -4384.252, 220.3463, 4349.8676, -4377.2983, 218.2195, 0, 127, 127
L 4349.8676, -4377.2983, 218.2195, 4321.7133, -4354.6508, 216.5028, 0, 127, 127
L 4321.7133, -4354.6508, 216.5028, 4313.2978, -4319.2382, 214.949, 0, 127, 127
L 4313.2978, -4319.2382, 214.949, 4326.5507, -4281.1908, 213.6997, 0, 127, 127
L 4326.5507, -4281.1908, 213.6997, 4363.6138, -4253.4224, 213.757, 0, 127, 127
L 4363.6138, -4253.4224, 213.757, 4391.6981, -4255.6127, 232.8161, 0, 127, 127
L 4391.6981, -4255.6127, 232.8161, 4388.7353, -4238.6201, 278.329, 0, 127, 127
L 4388.7353, -4238.6201, 278.329, 4369.4497, -4188.4062, 311.8342, 0, 127, 127
L 4369.4497, -4188.4062, 311.8342, 4357.7012, -4146.5923, 307.7728, 0, 127, 127
L 4357.7012, -4146.5923, 307.7728, 4340.1791, -4102.9053, 298.4096, 0, 127, 127
L 4340.1791, -4102.9053, 298.4096, 4349.5806, -4054.9416, 275.1768, 0, 127, 127
L 4349.5806, -4054.9416, 275.1768, 4364.8505, -4034.2831, 259.706, 0, 127, 127
L 4364.8505, -4034.2831, 259.706, 4412.9643, -3995.9243, 229.3591, 0, 127, 127
L 4412.9643, -3995.9243, 229.3591, 4450.8647, -3951.3234, 216.9011, 0, 127, 127
L 4450.8647, -3951.3234, 216.9011, 4477.3657, -3915.4099, 222.7213, 0, 127, 127
L 4477.3657, -3915.4099, 222.7213, 4482.9984, -3915.3308, 224.8702, 0, 127, 127
L 4482.9984, -3915.3308, 224.8702, 4489.9633, -3901.7975, 226.1913, 0, 127, 127
L 4489.9633, -3901.7975, 226.1913, 4489.9858, -3890.7271, 225.8317, 0, 127, 127
L 4489.9858, -3890.7271, 225.8317, 4481.6499, -3874.59, 231.9557, 0, 127, 127
L 4481.6499, -3874.59, 231.9557, 4488.502, -3848.746, 235.5319, 0, 127, 127
L 4488.502, -3848.746, 235.5319, 4489.2637, -3829.8083, 232.8557, 0, 127, 127
L 4489.2637, -3829.8083, 232.8557, 4474.4252, -3821.5441, 231.4557, 0, 127, 127
L 4474.4252, -3821.5441, 231.4557, 4448.4624, -3782.6264, 232.7065, 0, 127, 127
L 4448.4624, -3782.6264, 232.7065, 4404.4785, -3738.5187, 240.65, 0, 127, 127
L 4404.4785, -3738.5187, 240.65, 4284.6768, -3647.4362, 242.7443, 0, 127, 127
L 4284.6768, -3647.4362, 242.7443, 4193.9638, -3542.4189, 227.2186, 0, 127, 127
L 4193.9638, -3542.4189, 227.2186, 4146.4486, -3493.9733, 244.8066, 0, 127, 127
L 3267.9992, -2900.4387, 160.6252, 3274.922, -2862.1824, 154.2838, 0, 127, 127
L 3274.922, -2862.1824, 154.2838, 3273.75, -2817.2658, 145.1151, 0, 127, 127
L 3273.75, -2817.2658, 145.1151, 3267.5666, -2781.8975, 138.8667, 0, 127, 127
L 3267.5666, -2781.8975, 138.8667, 3272.1379, -2730.5, 135.5053, 0, 127, 127
L 3272.1379, -2730.5, 135.5053, 3276.7354, -2692.9834, 145.1665, 0, 127, 127
L 3276.7354, -2692.9834, 145.1665, 3278.7024, -2633.4917, 155.977, 0, 127, 127
L 3278.7024, -2633.4917, 155.977, 3265.5862, -2582.7316, 158.4901, 0, 127, 127
L 3265.5862, -2582.7316, 158.4901, 3270.3402, -2561.4911, 161.2604, 0, 127, 127
L 3270.3402, -2561.4911, 161.2604, 3255.4448, -2552.84, 158.627, 0, 127, 127
L 3255.4448, -2552.84, 158.627, 3247.3447, -2553.2107, 158.8245, 0, 127, 127
L 3247.3447, -2553.2107, 158.8245, 3232.2199, -2534.9108, 162.7855, 0, 127, 127
L 3232.2199, -2534.9108, 162.7855, 3229.2642, -2522.8058, 164.7024, 0, 127, 127
L 3229.2642, -2522.8058, 164.7024, 3214.3303, -2513.1689, 164.9687, 0, 127, 127
L 3214.3303, -2513.1689, 164.9687, 3196.8854, -2519.8494, 165.9044, 0, 127, 127
L 3196.8854, -2519.8494, 165.9044, 3147.5785, -2505.4785, 177.9437, 0, 127, 127
L 3147.5785, -2505.4785, 177.9437, 3088.4169, -2515.4879, 166.883, 0, 127, 127
L 3088.4169, -2515.4879, 166.883, 3025.443, -2514.1001, 135.3377, 0, 127, 127
L 3025.443, -2514.1001, 135.3377, 2981.3921, -2482.7617, 102.7924, 0, 127, 127
L 2981.3921, -2482.7617, 102.7924, 2965.3101, -2453.6122, 91.6345, 0, 127, 127
L 2965.3101, -2453.6122, 91.6345, 2952.625, -2420.5317, 85.4377, 0, 127, 127
L 2952.625, -2420.5317, 85.4377, 2934.6835, -2391.5151, 82.8987, 0, 127, 127
L 2934.6835, -2391.5151, 82.8987, 2911.2035, -2356.1545, 110.87, 0, 127, 127
L 2911.2035, -2356.1545, 110.87, 2892.297, -2341.5612, 116.3229, 0, 127, 127
L 2892.297, -2341.5612, 116.3229, 2877.402, -2341.6669, 122.5181, 0, 127, 127
L 2877.402, -2341.6669, 122.5181, 2872.5012, -2355.9578, 147.1995, 0, 127, 127
L 2872.5012, -2355.9578, 147.1995, 2856.3604, -2360.887, 147.756, 0, 127, 127
L 2856.3604, -2360.887, 147.756, 2821.8173, -2353.3645, 145.3403, 0, 127, 127
L 2821.8173, -2353.3645, 145.3403, 2795.1658, -2333.3937, 147.131, 0, 127, 127
L 2795.1658, -2333.3937, 147.131, 2791.9711, -2296.5684, 145.6056, 0, 127, 127
L 2791.9711, -2296.5684, 145.6056, 2816.8171, -2255.1608, 147.2758, 0, 127, 127
L 2816.8171, -2255.1608, 147.2758, 2860.1952, -2246.4722, 149.4267, 0, 127, 127
L 2860.1952, -2246.4722, 149.4267, 2887.458, -2259.32, 148.5601, 0, 127, 127
L 2887.458, -2259.32, 148.5601, 2900.2139, -2271.657, 147.997, 0, 127, 127
L 2900.2139, -2271.657, 147.997, 2911.48, -2301.9465, 118.8682, 0, 127, 127
L 2911.48, -2301.9465, 118.8682, 2934.731, -2329.5585, 102.9157, 0, 127, 127
L 2934.731, -2329.5585, 102.9157, 2947.4202, -2366.1597, 86.9779, 0, 127, 127
L 2947.4202, -2366.1597, 86.9779, 2959.1992, -2386.9304, 81.7167, 0, 127, 127
L 2959.1992, -2386.9304, 81.7167, 2988.2842, -2434.6493, 80.465, 0, 127, 127
L 2988.2842, -2434.6493, 80.465, 3001.1091, -2455.7224, 87.6723, 0, 127, 127
L 3001.1091, -2455.7224, 87.6723, 3033.2636, -2472.8908, 114.1979, 0, 127, 127
L 3033.2636, -2472.8908, 114.1979, 3054.304, -2481.2773, 128.7597, 0, 127, 127
L 3054.304, -2481.2773, 128.7597, 3104.3274, -2475.1547, 164.1067, 0, 127, 127
L 3104.3274, -2475.1547, 164.1067, 3181.4367, -2471.3694, 188.9559, 0, 127, 127
L 3181.4367, -2471.3694, 188.9559, 3234.3523, -2496.6738, 178.2374, 0, 127, 127
L 3234.3523, -2496.6738, 178.2374, 3239.6381, -2505.2725, 176.1331, 0, 127, 127
L 3239.6381, -2505.2725, 176.1331, 3255.2548, -2503.496, 173.1904, 0, 127, 127
L 3255.2548, -2503.496, 173.1904, 3261.2617, -2505.2256, 172.1226, 0, 127, 127
L 3261.2617, -2505.2256, 172.1226, 3274.3629, -2514.3591, 168.8768, 0, 127, 127
L 3274.3629, -2514.3591, 168.8768, 3278.4054, -2499.4744, 170.3538, 0, 127, 127
L 3278.4054, -2499.4744, 170.3538, 3272.945, -2487.4441, 172.1913, 0, 127, 127
L 3272.945, -2487.4441, 172.1913, 3279.507, -2480.746, 173.2706, 0, 127, 127
L 3279.507, -2480.746, 172.9747, 3273.6262, -2470.6574, 173.393, 0, 127, 127
L 3273.6262, -2470.6574, 173.393, 3276.6518, -2418.6394, 172.9525, 0, 127, 127
L 3276.6518, -2418.6394, 169.4575, 3272.2206, -2395.4067, 162.7649, 0, 127, 127
L 3272.2206, -2395.4067, 162.7649, 3259.4416, -2362.6475, 157.3069, 0, 127, 127
L 3259.4416, -2362.6475, 157.3069, 3248.1738, -2327.4866, 156.4094, 0, 127, 127
L 3248.1738, -2327.4866, 156.4094, 3250.259, -2301.1037, 155.4324, 0, 127, 127
L 3250.259, -2301.1037, 155.4324, 3262.2046, -2278.9207, 155.8548, 0, 127, 127
L 3262.2046, -2278.9207, 155.8548, 3286.5322, -2261.8737, 153.3907, 0, 127, 127
L 3286.5322, -2261.8737, 153.3907, 3309.7219, -2254.724, 152.6688, 0, 127, 127
L 3309.7219, -2254.724, 152.6688, 3335.7527, -2259.8571, 151.8934, 0, 127, 127
L 3335.7527, -2259.8571, 151.8934, 3353.9553, -2272.3591, 150.9916, 0, 127, 127
L 3353.9553, -2272.3591, 150.9916, 3368.7287, -2298.621, 148.7338, 0, 127, 127
L 3368.7287, -2298.621, 148.7338, 3371.2836, -2331.969, 148.6561, 0, 127, 127
L 3371.2836, -2331.969, 148.6561, 3358.2813, -2354.9189, 145.8887, 0, 127, 127
L 3358.2813, -2354.9189, 145.8887, 3333.3539, -2376.9625, 144.1947, 0, 127, 127
L 3333.3539, -2376.9625, 144.1947, 3316.708, -2380.8688, 143.4565, 0, 127, 127
L 3316.708, -2380.8688, 143.4565, 3303.4893, -2394.6421, 159.578, 0, 127, 127
L 3303.4893, -2394.6421, 159.578, 3305.8877, -2456.9609, 173.7672, 0, 127, 127
L 3305.8877, -2456.9609, 173.7672, 3297.6442, -2491.7539, 173.9864, 0, 127, 127
L 3297.6442, -2491.7539, 173.9864, 3296.5327, -2512.7136, 173.21, 0, 127, 127
L 3296.5327, -2512.7136, 173.21, 3299.6377, -2583.4041, 164.1279, 0, 127, 127
L 3299.6377, -2583.4041, 164.1279, 3305.4443, -2612.106, 157.9179, 0, 127, 127
L 3305.4443, -2612.106, 157.9179, 3302.6894, -2645.871, 157.568, 0, 127, 127
L 3302.6894, -2645.871, 157.568, 3323.3141, -2652.8656, 162.241, 0, 127, 127
L 3323.3141, -2652.8656, 162.241, 3334.9978, -2643.5237, 181.812, 0, 127, 127
L 3334.9978, -2643.5237, 181.812, 3356.8027, -2622.762, 199.9985, 0, 127, 127
L 3356.8027, -2622.762, 199.9985, 3388.8454, -2607.2775, 209.3574, 0, 127, 127
L 3388.8454, -2607.2775, 209.3574, 3426.4511, -2576.5309, 209.3631, 0, 127, 127
L 3540.5722, -2528.6264, 83.1115, 3550.3886, -2578.9326, 62.4106, 0, 127, 127
L 3550.3886, -2578.9326, 62.4106, 3534.7588, -2611.9998, 53.5105, 0, 127, 127
L 3534.7588, -2611.9998, 53.5105, 3493.9502, -2624.2163, 42.5086, 0, 127, 127
L 3493.9502, -2624.2163, 42.5086, 3459.697, -2617.8667, 33.3397, 0, 127, 127
L 3459.697, -2617.8667, 33.3397, 3448.4899, -2603.9854, 24.7752, 0, 127, 127
L 3433.5934, -2572.4789, 24.7752, 3429.4643, -2552.8859, 27.71, 0, 127, 127
L 3429.4643, -2552.8859, 27.71, 3450.1226, -2523.134, 23.9117, 0, 127, 127
L 3450.1226, -2523.134, 23.9117, 3476.9254, -2506.5313, 27.384, 0, 127, 127
L 3476.9254, -2506.5313, 27.384, 3510.6269, -2512.6347, 21.3686, 0, 127, 127
L 3510.6269, -2512.6347, 21.3686, 3540.5722, -2528.6264, 27.1259, 0, 127, 127
L 3426.4511, -2576.5309, 210.3428, 3433.5934, -2572.4789, 217.4807, 0, 127, 127
L 3448.4899, -2603.9854, 214.3737, 3428.1221, -2617.6055, 212.875, 0, 127, 127
L 3428.1221, -2617.6055, 209.4738, 3378.9402, -2656.5059, 204.4268, 0, 127, 127
L 3378.9402, -2656.5059, 204.4268, 3349.1648, -2667.309, 189.293, 0, 127, 127
L 3349.1648, -2667.309, 189.293, 3320.9281, -2688.7348, 166.5009, 0, 127, 127
L 3320.9281, -2688.7348, 166.5009, 3309.9706, -2711.1057, 143.4738, 0, 127, 127
L 3309.9706, -2711.1057, 143.4738, 3305.7152, -2761.699, 147.2016, 0, 127, 127
L 3305.7152, -2761.699, 147.2016, 3307.905, -2788.1621, 148.3444, 0, 127, 127
L 3307.905, -2788.1621, 148.3444, 3311.65, -2824.6729, 153.2132, 0, 127, 127
L 3311.65, -2824.6729, 153.2132, 3310.2345, -2898.4164, 163.7596, 0, 127, 127
L 3204.3227, -3517.1359, 336.8088, 3208.1437, -3515.1923, 335.6338, 127, 64, 0
L 3208.1437, -3515.1923, 335.6338, 3212.927, -3517.1469, 336.8254, 127, 64, 0
L 3212.927, -3517.1469, 336.8254, 3208.2341, -3604.6938, 444.7219, 127, 64, 0
L 3208.2341, -3604.6938, 444.7219, 3204.3227, -3517.1359, 337.1893, 127, 64, 0
L 3208.3069, -3515.335, 335.783, 3208.2366, -3604.7487, 443.8632, 127, 64, 0
L 3210.7449, -3547.7253, 372.4916, 3227.2029, -3514.3679, 347.8765, 127, 64, 0
L 3227.2029, -3514.3679, 347.8765, 3245.574, -3424.4236, 324.4207, 127, 64, 0
L 3245.574, -3424.4236, 324.4207, 3245.4086, -3411.4202, 310.2083, 127, 64, 0
L 3205.7595, -3549.3018, 371.9667, 3189.9279, -3515.559, 346.2395, 127, 64, 0
L 3189.9279, -3515.559, 346.2395, 3173.4099, -3424.2123, 311.1349, 127, 64, 0
L 3173.4099, -3424.2123, 311.1349, 3172.4074, -3410.672, 309.8376, 127, 64, 0
L 3172.4074, -3410.672, 309.8376, 3174.5493, -3421.46, 309.8376, 127, 64, 0
L 3174.5493, -3421.46, 309.8376, 3243.3152, -3421.1176, 303.8831, 127, 64, 0
L 3243.3152, -3421.1176, 303.8831, 3244.8852, -3411.925, 303.8811, 127, 64, 0
L 3251.6792, -3257.8166, 348.8546, 3251.728, -3301.1624, 329.7706, 127, 64, 0
L 3251.7148, -3289.3359, 329.7706, 3218.8391, -3298.5729, 346.3845, 127, 64, 0
L 3218.8373, -3298.3533, 346.3845, 3218.652, -3266.8733, 364.6557, 127, 64, 0
L 3218.8373, -3298.3533, 345.8727, 3209.6945, -3295.6853, 343.2912, 127, 64, 0
L 3209.6945, -3295.6853, 335.9649, 3209.4697, -3263.2973, 348.3758, 127, 64, 0
L 3201.4897, -3315.3762, 329.4399, 3204.1167, -3264.7175, 351.6605, 127, 64, 0
L 3201.4897, -3315.3762, 334.4544, 3251.728, -3301.1624, 302.9014, 127, 64, 0
L 3220.9185, -3309.8793, 301.6102, 3192.5945, -3344.333, 301.6102, 127, 64, 0
L 3192.5945, -3344.333, 301.6102, 3190.5329, -3357.9589, 301.3768, 127, 64, 0
L 3190.4931, -3358.2233, 301.3768, 3180.7375, -3352.771, 301.3768, 127, 64, 0
L 3180.7375, -3352.771, 301.3768, 3171.3715, -3329.6707, 301.3768, 127, 64, 0
L 3171.3715, -3329.6707, 301.3768, 3171.25, -3308.8173, 310.2028, 127, 64, 0
L 3171.25, -3308.8173, 310.2028, 3171.275, -3269.9987, 320.4531, 127, 64, 0
L 3204.1167, -3264.7175, 347.4866, 3247.5817, -3253.1846, 327.5615, 127, 64, 0
L 3251.4009, -3257.8036, 325.6163, 3244.6001, -3249.5781, 325.6041, 127, 64, 0
L 3244.3308, -3249.6514, 325.6041, 3236.6235, -3243.987, 320.2121, 127, 64, 0
L 3236.6235, -3243.987, 320.2121, 3206.6909, -3248.4594, 319.9424, 127, 64, 0
L 3192.5956, -3312.8877, 331.1037, 3201.5016, -3315.1464, 331.3566, 127, 64, 0
L 3778.373, -3237.8998, 328.3811, 3855.6255, -3256.7842, 326.9766, 127, 64, 0
L 3855.6255, -3256.7842, 326.9766, 3863.8661, -3235.3854, 326.4352, 127, 64, 0
L 3863.8661, -3235.3854, 326.4352, 3870.6691, -3195.6923, 318.3036, 127, 64, 0
L 3870.6691, -3195.6923, 318.3036, 3794.8777, -3176.5178, 312.194, 127, 64, 0
L 3794.8777, -3176.5178, 312.194, 3783.8557, -3206.6475, 312.1915, 127, 64, 0
L 3783.8557, -3206.6475, 312.1915, 3780.835, -3237.2636, 324.5557, 127, 64, 0
L 3190.5329, -3357.9589, 323.5679, 3195.2184, -3262.5945, 345.4094, 127, 64, 0
L 3186.6574, -3255.7885, 313.9583, 3206.6909, -3248.4594, 312.4433, 127, 64, 0
L 3186.7188, -3255.766, 307.5758, 3171.275, -3269.9987, 307.5713, 127, 64, 0
L 3218.652, -3266.8733, 363.7536, 3209.4358, -3263.3058, 362.9907, 127, 64, 0
L 3218.405, -3266.9065, 364.9406, 3251.4009, -3257.8036, 357.4273, 127, 64, 0
L 3203.9216, -3264.7125, 353.9864, 3195.2184, -3262.5945, 351.6129, 127, 64, 0
L 3196.4861, -3262.7964, 351.6129, 3244.6001, -3249.5781, 340.8795, 127, 64, 0
L 3195.4108, -3262.6464, 346.1211, 3186.6574, -3255.7885, 338.6089, 127, 64, 0
L 3270.532, -3961.8643, 301.1039, 3236.3809, -3963.5734, 305.658, 127, 64, 0
L 3236.3809, -3963.5734, 305.658, 3203.7849, -3969.3782, 312.6632, 127, 64, 0
L 3203.7849, -3969.3782, 312.6632, 3162.1516, -3989.6621, 327.9644, 127, 64, 0
L 3193.2319, -3984.8789, 300.754, 3094.4445, -4003.7925, 383.7597, 127, 64, 0
L 3094.4445, -4003.7925, 383.7597, 3194.8708, -3990.7341, 298.8586, 127, 64, 0
L 3194.8708, -3990.7341, 298.8586, 3197.3854, -3988.902, 298.6732, 127, 64, 0
L 3197.3854, -3988.902, 298.6732, 3193.2319, -3984.8789, 301.7191, 127, 64, 0
L 3195.1664, -4007.4951, 299.1224, 3162.9067, -3995.8013, 323.5264, 127, 64, 0
L 3270.532, -3961.8643, 302.1807, 3195.1664, -4007.4951, 302.1677, 127, 64, 0
P 3799.1541, -4005.4284, 309.7495, 0, 127, 0, 2, Long_Boat(Zone_out)
P 0, 6000, 0, 0, 0, 0, 1, Map_by_Goodurden
