P 0.55, 34.4709, -753.3999, 0, 0, 0, 2, a_glowing_egg
P -4.636, 8.996, -753.676, 0, 0, 0, 3, Sendaii
P -97.7669, -8.221, -759.86, 0, 0, 0, 2, West
P 20.5441, 28.9357, -752.9959, 240, 240, 0, 3, yellow_large
P -51.5078, 46.9301, -757.8968, 0, 0, 0, 3, pink_small
P 0.3565, 34.9834, -753.692, 240, 0, 0, 3, Glowing_egg
P 77.278, -0.2698, -758.2904, 0, 0, 0, 1, small_yellow
P -28.9457, -72.537, -760.4927, 0, 0, 0, 1, small_yellow
P -9.878, -68.8023, -755.1692, 240, 240, 0, 3, yellow_large
P -67.537, 7.6715, -756.6026, 240, 240, 0, 3, yellow_large
P 30.7686, 96.1226, -756.3604, 0, 0, 0, 3, yellow_small
P 39.5048, -36.526, -762.1882, 0, 0, 0, 3, pink_small
P 46.514, 21.8, -759.1091, 0, 0, 0, 3, pink_egg
P -73.9298, 67.3764, -759.21, 0, 0, 0, 3, yellow_small
P -51.9962, 63.238, -758.139, 0, 0, 0, 3, White_Large
P 70.9877, 20.7835, -758.7812, 0, 0, 0, 3, white_large
P -86.6688, -29.9107, -757.973, 0, 0, 0, 3, white_large
P -0.791, -9.1516, -759.2166, 0, 0, 0, 3, white_large
P -37.983, -26.879, -755.239, 0, 0, 0, 3, white_large
P -11.2598, 60.2402, -755.6606, 240, 240, 0, 3, large_yellow
P -0.2687, 88.671, -758.9678, 0, 0, 0, 3, white_large
P -1.5847, 11.2334, -754.6849, 240, 0, 0, 2, Queen_sendii
P 39.6366, 95.5476, -755.2675, 0, 0, 0, 3, cocoon
P 49.6813, -47.9754, -756.6303, 240, 240, 0, 3, yellow_large
P -74.4454, 77.2904, -758.9727, 0, 0, 0, 3, cocoon
P -22.8447, 35.4294, -754.6331, 240, 240, 0, 3, yellow_large
P 65.6432, -56.2197, -758.6588, 0, 0, 0, 3, small_yellow
P 34.5925, -75.186, -758.1725, 0, 0, 0, 3, lich
P 5.6566, -53.1285, -762.4211, 0, 0, 0, 3, small_pink
P 58.8947, -21.5409, -760.2803, 0, 0, 0, 3, cocoon
P 97.9435, 25.9141, -758.1982, 0, 0, 0, 3, cocoon
P 7.6078, 76.5943, -755.8132, 0, 0, 0, 3, Pink_small
P -58.2391, -29.9405, -760.4253, 0, 0, 0, 3, pink_small
P -96.7811, -8.6533, -759.4532, 240, 240, 0, 3, yellow_small
P -30.8392, -16.8611, -757.298, 0, 0, 0, 3, cocoon
