L -265.8462, 28.8841, 4.1599, -264.108, 29.1344, 5.9063, 0, 0, 0
L -267.6424, 28.6912, 2.9562, -265.8462, 28.8841, 4.1599, 0, 0, 0
L -269.5101, 28.1209, -0.112, -267.6424, 28.6912, 2.9562, 0, 0, 0
L -271.2241, 27.3125, -0.3018, -269.5101, 28.1209, -0.112, 0, 0, 0
L -272.5251, 25.8464, -0.3105, -271.2241, 27.3125, -0.3018, 0, 0, 0
L -273.2481, 24.692, -0.3105, -272.5251, 25.8464, -0.3105, 0, 0, 0
L -274.1399, 22.3697, -0.3103, -273.2481, 24.692, -0.3105, 0, 0, 0
L -274.1096, 20.4402, -0.3101, -274.1399, 22.3697, -0.3103, 0, 0, 0
L -273.4698, 18.6464, -0.3105, -274.1096, 20.4402, -0.3101, 0, 0, 0
L -272.9936, 12.9124, -0.3105, -273.4698, 18.6464, -0.3105, 0, 0, 0
L -273.122, 11.769, -0.3105, -272.9936, 12.9124, -0.3105, 0, 0, 0
L -274.4408, 9.6014, 0.158, -273.122, 11.769, -0.3105, 0, 0, 0
L -274.9388, 5.9154, 0.158, -274.4408, 9.6014, 0.158, 0, 0, 0
L -274.6945, 4.594, 0.158, -274.9388, 5.9154, 0.158, 0, 0, 0
L -273.3727, 2.9744, -0.3105, -274.6945, 4.594, 0.158, 0, 0, 0
L -274.483, -8.9169, 0.156, -275.3297, -8.3356, 0.158, 0, 0, 0
L -273.63, -9.6536, -0.3105, -274.483, -8.9169, 0.156, 0, 0, 0
L -272.5142, -15.1064, -0.3105, -273.63, -9.6536, -0.3105, 0, 0, 0
L -272.891, -16.7341, -0.3105, -272.5142, -15.1064, -0.3105, 0, 0, 0
L -274.4649, -17.5471, -0.3105, -272.891, -16.7341, -0.3105, 0, 0, 0
L -276.2884, -18.3122, -0.307, -274.4649, -17.5471, -0.3105, 0, 0, 0
L -276.4642, -20.154, -0.3119, -276.2884, -18.3122, -0.307, 0, 0, 0
L -275.7341, -21.6707, -0.3155, -276.4642, -20.154, -0.3119, 0, 0, 0
L -274.7266, -23.2078, -0.3105, -275.7341, -21.6707, -0.3155, 0, 0, 0
L -273.975, -24.2327, -0.3105, -274.7266, -23.2078, -0.3105, 0, 0, 0
L -272.9938, -26.1021, -0.3105, -273.975, -24.2327, -0.3105, 0, 0, 0
L -271.601, -27.3454, 2.5607, -272.9938, -26.1021, -0.3105, 0, 0, 0
L -269.7423, -27.3019, 1.8903, -271.601, -27.3454, 2.5607, 0, 0, 0
L -267.8192, -26.9445, -0.819, -269.7423, -27.3019, 1.8903, 0, 0, 0
L -260.5287, -27.2462, -0.3105, -267.8192, -26.9445, -0.819, 0, 0, 0
L -258.7441, -27.633, -0.3105, -260.5287, -27.2462, -0.3105, 0, 0, 0
L -247.4671, -24.8933, -0.3105, -258.7441, -27.633, -0.3105, 0, 0, 0
L -243.1063, -25.1618, 1.99, -247.4671, -24.8933, -0.3105, 0, 0, 0
L -241.2293, -25.3531, 1.9552, -243.1063, -25.1618, 1.99, 0, 0, 0
L -239.269, -25.7254, 3.4003, -241.2293, -25.3531, 1.9552, 0, 0, 0
L -237.533, -26.2201, 1.3227, -239.269, -25.7254, 3.4003, 0, 0, 0
L -235.6915, -26.8308, -0.3024, -237.533, -26.2201, 1.3227, 0, 0, 0
L -233.9381, -27.6902, 0.2361, -235.6915, -26.8308, -0.3024, 0, 0, 0
L -230.6913, -27.8582, -0.376, -233.9381, -27.6902, 0.2361, 0, 0, 0
L -228.7836, -27.8314, -0.2965, -230.6913, -27.8582, -0.376, 0, 0, 0
L -224.1688, -24.6098, -0.3105, -228.7836, -27.8314, -0.2965, 0, 0, 0
L -222.3807, -23.8959, -0.3105, -224.1688, -24.6098, -0.3105, 0, 0, 0
L -220.429, -23.7484, -0.3105, -222.3807, -23.8959, -0.3105, 0, 0, 0
L -218.7905, -22.8982, -0.3105, -220.429, -23.7484, -0.3105, 0, 0, 0
L -217.1259, -23.9011, -0.3105, -218.7905, -22.8982, -0.3105, 0, 0, 0
L -216.9939, -25.7322, -0.3105, -217.1259, -23.9011, -0.3105, 0, 0, 0
L -215.4981, -26.8319, -0.3105, -216.9939, -25.7322, -0.3105, 0, 0, 0
L -207.187, -27.3149, -0.3105, -215.4981, -26.8319, -0.3105, 0, 0, 0
L -205.3523, -27.2819, -0.3105, -207.187, -27.3149, -0.3105, 0, 0, 0
L -195.6928, -24.6561, -0.3105, -205.3523, -27.2819, -0.3105, 0, 0, 0
L -185.9626, -23.4292, -0.3105, -195.6928, -24.6561, -0.3105, 0, 0, 0
L -175.3785, -25.245, -0.2674, -185.9626, -23.4292, -0.3105, 0, 0, 0
L -173.5687, -25.5657, 0.1049, -175.3785, -25.245, -0.2674, 0, 0, 0
L -171.7737, -25.7513, 0.1359, -173.5687, -25.5657, 0.1049, 0, 0, 0
L -166.5195, -24.6139, -0.3105, -171.7737, -25.7513, 0.1359, 0, 0, 0
L -164.8443, -24.1973, -0.3105, -166.5195, -24.6139, -0.3105, 0, 0, 0
L -158.293, -23.8611, -0.3105, -164.8443, -24.1973, -0.3105, 0, 0, 0
L -156.993, -25.5207, -0.3105, -158.293, -23.8611, -0.3105, 0, 0, 0
L -155.5577, -26.8843, -0.3105, -156.993, -25.5207, -0.3105, 0, 0, 0
L -151.5549, -29.1203, -0.3105, -155.5577, -26.8843, -0.3105, 0, 0, 0
L -147.3049, -32.1296, -0.3105, -151.5549, -29.1203, -0.3105, 0, 0, 0
L -145.4073, -32.6809, -0.3105, -147.3049, -32.1296, -0.3105, 0, 0, 0
L -134.21, -35.2659, -0.3105, -145.4073, -32.6809, -0.3105, 0, 0, 0
L -132.346, -36.316, -0.3105, -134.21, -35.2659, -0.3105, 0, 0, 0
L -131.9168, -38.3014, -0.1691, -132.346, -36.316, -0.3105, 0, 0, 0
L -132.3944, -40.2015, -0.2269, -131.9168, -38.3014, -0.1691, 0, 0, 0
L -136.2142, -40.3926, -0.2269, -132.3944, -40.2015, -0.2269, 0, 0, 0
L -138.809, -40.8269, -0.2269, -136.2142, -40.3926, -0.2269, 0, 0, 0
L -139.4028, -42.3269, -0.2278, -138.809, -40.8269, -0.2269, 0, 0, 0
L -138.924, -47.778, -0.2473, -139.4028, -42.3269, -0.2278, 0, 0, 0
L -138.8745, -48.8847, -0.2269, -138.924, -47.778, -0.2473, 0, 0, 0
L -137.7549, -50.3943, -0.2269, -138.8745, -48.8847, -0.2269, 0, 0, 0
L -137.3129, -52.6069, -0.2269, -137.7549, -50.3943, -0.2269, 0, 0, 0
L -137.5076, -54.5867, -0.2269, -137.3129, -52.6069, -0.2269, 0, 0, 0
L -139.4134, -54.9921, -0.2269, -137.5076, -54.5867, -0.2269, 0, 0, 0
L -139.7197, -56.9191, -0.2269, -139.4134, -54.9921, -0.2269, 0, 0, 0
L -139.3474, -58.6467, -0.2232, -139.7197, -56.9191, -0.2269, 0, 0, 0
L -138.8052, -60.4523, -0.2162, -139.3474, -58.6467, -0.2232, 0, 0, 0
L -138.5992, -62.1563, -0.2135, -138.8052, -60.4523, -0.2162, 0, 0, 0
L -137.4256, -63.7162, -0.2269, -138.5992, -62.1563, -0.2135, 0, 0, 0
L -135.8661, -64.772, -0.2269, -137.4256, -63.7162, -0.2269, 0, 0, 0
L -124.2241, -65.5139, -0.2269, -135.8661, -64.772, -0.2269, 0, 0, 0
L -122.2768, -65.1971, -0.2269, -124.2241, -65.5139, -0.2269, 0, 0, 0
L -121.8306, -60.2424, -0.2269, -122.2768, -65.1971, -0.2269, 0, 0, 0
L -122.5558, -54.5202, -0.2269, -121.8306, -60.2424, -0.2269, 0, 0, 0
L -122.564, -52.557, -0.2269, -122.5558, -54.5202, -0.2269, 0, 0, 0
L -122.293, -50.8843, -0.2269, -122.564, -52.557, -0.2269, 0, 0, 0
L -121.27, -49.2443, -0.2269, -122.293, -50.8843, -0.2269, 0, 0, 0
L -121.5079, -45.9157, -0.2091, -121.27, -49.2443, -0.2269, 0, 0, 0
L -121.4423, -43.9772, -0.2146, -121.5079, -45.9157, -0.2091, 0, 0, 0
L -122.2417, -42.1854, -0.2269, -121.4423, -43.9772, -0.2146, 0, 0, 0
L -127.6003, -40.2391, -0.2269, -122.2417, -42.1854, -0.2269, 0, 0, 0
L -127.939, -38.2586, -0.1691, -127.6003, -40.2391, -0.2269, 0, 0, 0
L -127.8375, -36.4791, -0.3105, -127.939, -38.2586, -0.1691, 0, 0, 0
L -126.451, -35.6698, -0.3105, -127.8375, -36.4791, -0.3105, 0, 0, 0
L -124.5181, -34.6186, -0.3105, -126.451, -35.6698, -0.3105, 0, 0, 0
L -118.6454, -33.3164, 2.4847, -124.5181, -34.6186, -0.3105, 0, 0, 0
L -116.7973, -32.9921, 1.8994, -118.6454, -33.3164, 2.4847, 0, 0, 0
L -109.7279, -28.8972, -0.3105, -116.7973, -32.9921, 1.8994, 0, 0, 0
L -108.2132, -27.9649, -0.3109, -109.7279, -28.8972, -0.3105, 0, 0, 0
L -106.3469, -27.6414, -0.3105, -108.2132, -27.9649, -0.3109, 0, 0, 0
L -102.7797, -23.9892, -0.3105, -106.3469, -27.6414, -0.3105, 0, 0, 0
L -98.6675, -23.8951, -0.3105, -102.7797, -23.9892, -0.3105, 0, 0, 0
L -96.9939, -24.6458, -0.3105, -98.6675, -23.8951, -0.3105, 0, 0, 0
L -95.8094, -26.94, -0.3105, -96.9939, -24.6458, -0.3105, 0, 0, 0
L -94.1743, -25.4043, -0.3105, -95.8094, -26.94, -0.3105, 0, 0, 0
L -92.4127, -25.1797, -0.3105, -94.1743, -25.4043, -0.3105, 0, 0, 0
L -85.9806, -25.581, -0.3105, -92.4127, -25.1797, -0.3105, 0, 0, 0
L -84.3529, -26.11, -0.3105, -85.9806, -25.581, -0.3105, 0, 0, 0
L -82.6004, -26.8018, -0.3091, -84.3529, -26.11, -0.3105, 0, 0, 0
L -81.827, -27.703, -0.2039, -82.6004, -26.8018, -0.3091, 0, 0, 0
L -78.7961, -28.3038, -0.3105, -81.827, -27.703, -0.2039, 0, 0, 0
L -76.8519, -28.7266, -0.3105, -78.7961, -28.3038, -0.3105, 0, 0, 0
L -75.2355, -28.9297, 0.1845, -76.8519, -28.7266, -0.3105, 0, 0, 0
L -65.3111, -28.6325, -0.3105, -75.2355, -28.9297, 0.1845, 0, 0, 0
L -63.6856, -28.5059, -0.3105, -65.3111, -28.6325, -0.3105, 0, 0, 0
L -56.7477, -26.7687, -0.3105, -63.6856, -28.5059, -0.3105, 0, 0, 0
L -49.8629, -26.272, -0.2169, -56.7477, -26.7687, -0.3105, 0, 0, 0
L -48.2289, -25.9274, -0.3045, -49.8629, -26.272, -0.2169, 0, 0, 0
L -46.3151, -25.3789, -0.3105, -48.2289, -25.9274, -0.3045, 0, 0, 0
L -44.5228, -24.5667, -0.3105, -46.3151, -25.3789, -0.3105, 0, 0, 0
L -42.7055, -23.9134, -0.3105, -44.5228, -24.5667, -0.3105, 0, 0, 0
L -41.401, -23.5783, -0.3105, -42.7055, -23.9134, -0.3105, 0, 0, 0
L -39.5185, -22.8125, -0.3105, -41.401, -23.5783, -0.3105, 0, 0, 0
L -37.7047, -23.2926, -0.3105, -39.5185, -22.8125, -0.3105, 0, 0, 0
L -36.9936, -24.9817, -0.3105, -37.7047, -23.2926, -0.3105, 0, 0, 0
L -36.6784, -26.9106, 0.601, -36.9936, -24.9817, -0.3105, 0, 0, 0
L -30.6619, -28.5869, -0.3105, -36.6784, -26.9106, 0.601, 0, 0, 0
L -27.6036, -29.2779, -0.3105, -30.6619, -28.5869, -0.3105, 0, 0, 0
L -25.7046, -28.9186, -0.3105, -27.6036, -29.2779, -0.3105, 0, 0, 0
L -18.4586, -26.303, -0.3105, -25.7046, -28.9186, -0.3105, 0, 0, 0
L -12.3017, -24.2959, -0.3105, -18.4586, -26.303, -0.3105, 0, 0, 0
L -10.4934, -24.239, -0.3105, -12.3017, -24.2959, -0.3105, 0, 0, 0
L -4.9802, -24.4668, -0.3068, -10.4934, -24.239, -0.3105, 0, 0, 0
L -2.9834, -24.4688, -0.3105, -4.9802, -24.4668, -0.3068, 0, 0, 0
L -1.271, -24.8691, -0.309, -2.9834, -24.4688, -0.3105, 0, 0, 0
L 2.6337, -27.473, -0.3053, -1.271, -24.8691, -0.309, 0, 0, 0
L 10.1054, -29.2346, 6.5038, 2.6337, -27.473, -0.3053, 0, 0, 0
L 12.624, -28.5991, 2.4039, 10.1054, -29.2346, 6.5038, 0, 0, 0
L 13.9248, -27.9189, -0.1078, 12.624, -28.5991, 2.4039, 0, 0, 0
L 15.656, -27.1016, -0.3013, 13.9248, -27.9189, -0.1078, 0, 0, 0
L 16.82, -22.9033, -0.3105, 15.656, -27.1016, -0.3013, 0, 0, 0
L 15.4848, 11.2423, -0.3105, 16.82, -22.9033, -0.3105, 0, 0, 0
L 16.7271, 25.2083, -0.3105, 15.4848, 11.2423, -0.3105, 0, 0, 0
L 16.7245, 27.132, -0.3105, 16.7271, 25.2083, -0.3105, 0, 0, 0
L 12.1841, 27.499, -0.3105, 16.7245, 27.132, -0.3105, 0, 0, 0
L 7.101, 27.422, -0.3022, 12.1841, 27.499, -0.3105, 0, 0, 0
L 5.2534, 27.3272, -0.3105, 7.101, 27.422, -0.3022, 0, 0, 0
L -4.5869, 26.2393, 0.3811, 5.2534, 27.3272, -0.3105, 0, 0, 0
L -14.5093, 25.5488, 2.7471, -4.5869, 26.2393, 0.3811, 0, 0, 0
L -16.3092, 25.639, 3.5991, -14.5093, 25.5488, 2.7471, 0, 0, 0
L -19.2436, 26.5084, -0.3093, -16.3092, 25.639, 3.5991, 0, 0, 0
L -21.1259, 27.1469, -0.3105, -19.2436, 26.5084, -0.3093, 0, 0, 0
L -23.412, 26.7911, -0.3105, -21.1259, 27.1469, -0.3105, 0, 0, 0
L -31.3688, 26.2131, -0.3105, -23.412, 26.7911, -0.3105, 0, 0, 0
L -38.6182, 23.3438, -0.3105, -31.3688, 26.2131, -0.3105, 0, 0, 0
L -40.2608, 22.2752, -0.3105, -38.6182, 23.3438, -0.3105, 0, 0, 0
L -41.9662, 23.482, -0.3105, -40.2608, 22.2752, -0.3105, 0, 0, 0
L -43.153, 24.7289, -0.3105, -41.9662, 23.482, -0.3105, 0, 0, 0
L -43.155, 26.6058, -0.3105, -43.153, 24.7289, -0.3105, 0, 0, 0
L -48.6154, 29.2102, -0.3105, -43.155, 26.6058, -0.3105, 0, 0, 0
L -51.8205, 31.5112, -0.3073, -48.6154, 29.2102, -0.3105, 0, 0, 0
L -53.3357, 32.7623, -0.3081, -51.8205, 31.5112, -0.3073, 0, 0, 0
L -54.8369, 33.8089, -0.3105, -53.3357, 32.7623, -0.3081, 0, 0, 0
L -58.8192, 33.9181, -0.2623, -54.8369, 33.8089, -0.3105, 0, 0, 0
L -61.4847, 34.5488, 1.4702, -58.8192, 33.9181, -0.2623, 0, 0, 0
L -63.2203, 34.9433, -0.3105, -61.4847, 34.5488, 1.4702, 0, 0, 0
L -65.1072, 35.2073, -0.3105, -63.2203, 34.9433, -0.3105, 0, 0, 0
L -66.8562, 35.8543, -0.3105, -65.1072, 35.2073, -0.3105, 0, 0, 0
L -67.8876, 37.3909, -0.1691, -66.8562, 35.8543, -0.3105, 0, 0, 0
L -67.8851, 39.3085, -0.2269, -67.8876, 37.3909, -0.1691, 0, 0, 0
L -66.4595, 40.4305, -0.2269, -67.8851, 39.3085, -0.2269, 0, 0, 0
L -64.7182, 39.6861, -0.2243, -66.4595, 40.4305, -0.2269, 0, 0, 0
L -63.897, 40.5457, -0.2269, -64.7182, 39.6861, -0.2243, 0, 0, 0
L -61.1259, 40.8271, -0.2269, -63.897, 40.5457, -0.2269, 0, 0, 0
L -60.7085, 42.6244, -0.2269, -61.1259, 40.8271, -0.2269, 0, 0, 0
L -61.1657, 46.221, -0.3401, -60.7085, 42.6244, -0.2269, 0, 0, 0
L -61.5108, 47.6786, -0.2269, -61.1657, 46.221, -0.3401, 0, 0, 0
L -65.25, 50.71, -0.2269, -61.5108, 47.6786, -0.2269, 0, 0, 0
L -64.4714, 52.3541, -0.2269, -65.25, 50.71, -0.2269, 0, 0, 0
L -63.5519, 53.9774, -0.2269, -64.4714, 52.3541, -0.2269, 0, 0, 0
L -62.533, 54.9962, -0.2269, -63.5519, 53.9774, -0.2269, 0, 0, 0
L -60.2957, 55.5823, -0.2269, -62.533, 54.9962, -0.2269, 0, 0, 0
L -60.4489, 57.2841, -0.2269, -60.2957, 55.5823, -0.2269, 0, 0, 0
L -61.339, 59.123, -0.2269, -60.4489, 57.2841, -0.2269, 0, 0, 0
L -61.2573, 60.8997, -0.1768, -61.339, 59.123, -0.2269, 0, 0, 0
L -61.6811, 62.6666, -0.2269, -61.2573, 60.8997, -0.1768, 0, 0, 0
L -62.3078, 64.3041, -0.2269, -61.6811, 62.6666, -0.2269, 0, 0, 0
L -62.5671, 65.7652, -0.2269, -62.3078, 64.3041, -0.2269, 0, 0, 0
L -64.73, 66.4462, -0.1944, -62.5671, 65.7652, -0.2269, 0, 0, 0
L -65.5571, 65.5528, -0.2269, -64.73, 66.4462, -0.1944, 0, 0, 0
L -66.5635, 64.6628, -0.2269, -65.5571, 65.5528, -0.2269, 0, 0, 0
L -68.3722, 64.7519, -0.2269, -66.5635, 64.6628, -0.2269, 0, 0, 0
L -72.1921, 65.8623, -0.2256, -68.3722, 64.7519, -0.2269, 0, 0, 0
L -73.7163, 66.4429, -0.2217, -72.1921, 65.8623, -0.2256, 0, 0, 0
L -75.6734, 66.1059, 0.7851, -73.7163, 66.4429, -0.2217, 0, 0, 0
L -77.4029, 65.3002, -0.2269, -75.6734, 66.1059, 0.7851, 0, 0, 0
L -79.3264, 64.7917, -0.2322, -77.4029, 65.3002, -0.2269, 0, 0, 0
L -78.8496, 63.1011, -0.2269, -79.3264, 64.7917, -0.2322, 0, 0, 0
L -78.7201, 61.5129, -0.2269, -78.8496, 63.1011, -0.2269, 0, 0, 0
L -76.7224, 58.9532, -0.2269, -78.7201, 61.5129, -0.2269, 0, 0, 0
L -76.2669, 57.2984, -0.2269, -76.7224, 58.9532, -0.2269, 0, 0, 0
L -77.674, 52.3156, -0.2269, -76.2669, 57.2984, -0.2269, 0, 0, 0
L -77.8136, 50.9714, -0.2269, -77.674, 52.3156, -0.2269, 0, 0, 0
L -79.3423, 50.2417, 0.774, -77.8136, 50.9714, -0.2269, 0, 0, 0
L -78.8101, 48.5144, -0.1908, -79.3423, 50.2417, 0.774, 0, 0, 0
L -69.7318, 39.5375, -0.2268, -78.8101, 48.5144, -0.1908, 0, 0, 0
L -70.2497, 37.8644, -0.1693, -69.7318, 39.5375, -0.2268, 0, 0, 0
L -71.5999, 36.7616, -0.3105, -70.2497, 37.8644, -0.1693, 0, 0, 0
L -72.7841, 36.39, -0.3105, -71.5999, 36.7616, -0.3105, 0, 0, 0
L -76.1157, 34.6552, 2.2734, -72.7841, 36.39, -0.3105, 0, 0, 0
L -77.9221, 34.9, 2.9155, -76.1157, 34.6552, 2.2734, 0, 0, 0
L -81.2306, 33.3425, 2.4358, -77.9221, 34.9, 2.9155, 0, 0, 0
L -82.6633, 33.93, 0.9202, -81.2306, 33.3425, 2.4358, 0, 0, 0
L -83.8405, 32.7702, -0.3105, -82.6633, 33.93, 0.9202, 0, 0, 0
L -98.374, 22.799, -0.3105, -83.8405, 32.7702, -0.3105, 0, 0, 0
L -100.2137, 22.9472, -0.3105, -98.374, 22.799, -0.3105, 0, 0, 0
L -102.4, 23.5183, -0.3105, -100.2137, 22.9472, -0.3105, 0, 0, 0
L -103.169, 25.502, -0.3105, -102.4, 23.5183, -0.3105, 0, 0, 0
L -110.9588, 26.9725, -0.3093, -103.169, 25.502, -0.3105, 0, 0, 0
L -112.6623, 26.7731, -0.3105, -110.9588, 26.9725, -0.3093, 0, 0, 0
L -127.3662, 21.3817, -0.3105, -112.6623, 26.7731, -0.3105, 0, 0, 0
L -128.758, 21.6203, -0.3101, -127.3662, 21.3817, -0.3105, 0, 0, 0
L -130.2707, 22.2793, 0.8196, -128.758, 21.6203, -0.3101, 0, 0, 0
L -131.6542, 23.406, 2.2082, -130.2707, 22.2793, 0.8196, 0, 0, 0
L -132.9347, 24.7565, 3.2774, -131.6542, 23.406, 2.2082, 0, 0, 0
L -137.6685, 28.829, 4.2976, -132.9347, 24.7565, 3.2774, 0, 0, 0
L -139.423, 29.9251, 3.3069, -137.6685, 28.829, 4.2976, 0, 0, 0
L -141.244, 29.9622, -0.3105, -139.423, 29.9251, 3.3069, 0, 0, 0
L -153.5475, 23.698, -0.3105, -141.244, 29.9622, -0.3105, 0, 0, 0
L -162.5055, 23.3841, -0.3105, -153.5475, 23.698, -0.3105, 0, 0, 0
L -163.164, 25.2478, -0.3105, -162.5055, 23.3841, -0.3105, 0, 0, 0
L -163.142, 27.692, -0.3105, -163.164, 25.2478, -0.3105, 0, 0, 0
L -167.19, 28.3645, -0.3105, -163.142, 27.692, -0.3105, 0, 0, 0
L -167.9072, 28.7473, -0.3105, -167.19, 28.3645, -0.3105, 0, 0, 0
L -169.5562, 29.7974, -0.2977, -167.9072, 28.7473, -0.3105, 0, 0, 0
L -171.511, 30.9208, -0.3088, -169.5562, 29.7974, -0.2977, 0, 0, 0
L -187.8619, 35.3695, -0.3105, -171.511, 30.9208, -0.3088, 0, 0, 0
L -188.886, 38.978, -0.2269, -187.8619, 35.3695, -0.3105, 0, 0, 0
L -187.8815, 40.9209, -0.2269, -188.886, 38.978, -0.2269, 0, 0, 0
L -185.9487, 40.5178, -0.2269, -187.8815, 40.9209, -0.2269, 0, 0, 0
L -184.5858, 39.9573, -0.2269, -185.9487, 40.5178, -0.2269, 0, 0, 0
L -182.7034, 40.4874, -0.2269, -184.5858, 39.9573, -0.2269, 0, 0, 0
L -181.755, 40.826, -0.2269, -182.7034, 40.4874, -0.2269, 0, 0, 0
L -180.7607, 42.758, -0.2283, -181.755, 40.826, -0.2269, 0, 0, 0
L -181.1262, 44.4737, -0.2441, -180.7607, 42.758, -0.2283, 0, 0, 0
L -181.1659, 45.9756, -0.2906, -181.1262, 44.4737, -0.2441, 0, 0, 0
L -181.8519, 47.402, -0.2269, -181.1659, 45.9756, -0.2906, 0, 0, 0
L -182.7615, 48.5975, -0.2269, -181.8519, 47.402, -0.2269, 0, 0, 0
L -182.9896, 52.1533, -0.2269, -182.7615, 48.5975, -0.2269, 0, 0, 0
L -182.6785, 54.701, -0.2269, -182.9896, 52.1533, -0.2269, 0, 0, 0
L -181.648, 54.9923, -0.2269, -182.6785, 54.701, -0.2269, 0, 0, 0
L -180.5757, 57.405, -0.2269, -181.648, 54.9923, -0.2269, 0, 0, 0
L -180.8103, 58.279, -0.2269, -180.5757, 57.405, -0.2269, 0, 0, 0
L -181.2487, 60.7419, -0.1019, -180.8103, 58.279, -0.2269, 0, 0, 0
L -181.4732, 62.2023, -0.1454, -181.2487, 60.7419, -0.1019, 0, 0, 0
L -182.5946, 65.2459, -0.2269, -181.4732, 62.2023, -0.1454, 0, 0, 0
L -183.2214, 66.3486, -0.2269, -182.5946, 65.2459, -0.2269, 0, 0, 0
L -184.9482, 65.7232, -0.2269, -183.2214, 66.3486, -0.2269, 0, 0, 0
L -188.5219, 64.9206, -0.2269, -184.9482, 65.7232, -0.2269, 0, 0, 0
L -194.1522, 66.3602, -0.2269, -188.5219, 64.9206, -0.2269, 0, 0, 0
L -197.8556, 65.494, -0.2269, -194.1522, 66.3602, -0.2269, 0, 0, 0
L -198.8762, 63.7661, -0.2269, -197.8556, 65.494, -0.2269, 0, 0, 0
L -198.8503, 62.392, -0.2269, -198.8762, 63.7661, -0.2269, 0, 0, 0
L -196.133, 57.1715, -0.2269, -198.8503, 62.392, -0.2269, 0, 0, 0
L -196.1973, 55.4979, -0.2269, -196.133, 57.1715, -0.2269, 0, 0, 0
L -197.1451, 52.1139, -0.2269, -196.1973, 55.4979, -0.2269, 0, 0, 0
L -198.3106, 50.4966, 1.4865, -197.1451, 52.1139, -0.2269, 0, 0, 0
L -199.526, 48.877, 3.1288, -198.3106, 50.4966, 1.4865, 0, 0, 0
L -199.752, 47.2402, 0.9355, -199.526, 48.877, 3.1288, 0, 0, 0
L -198.5033, 45.5446, -0.2269, -199.752, 47.2402, 0.9355, 0, 0, 0
L -192.5466, 42.7272, -0.2269, -198.5033, 45.5446, -0.2269, 0, 0, 0
L -191.1581, 38.524, -0.1693, -192.5466, 42.7272, -0.2269, 0, 0, 0
L -191.1298, 36.5619, -0.3105, -191.1581, 38.524, -0.1693, 0, 0, 0
L -192.8743, 36.283, -0.3105, -191.1298, 36.5619, -0.3105, 0, 0, 0
L -195.6787, 33.8947, -0.3105, -192.8743, 36.283, -0.3105, 0, 0, 0
L -198.7367, 32.8074, -0.1828, -195.6787, 33.8947, -0.3105, 0, 0, 0
L -200.5818, 32.2242, -0.3105, -198.7367, 32.8074, -0.1828, 0, 0, 0
L -201.7053, 31.759, -0.3105, -200.5818, 32.2242, -0.3105, 0, 0, 0
L -203.5048, 32.329, 0.6729, -201.7053, 31.759, -0.3105, 0, 0, 0
L -204.7707, 32.7299, 1.57, -203.5048, 32.329, 0.6729, 0, 0, 0
L -206.4658, 32.863, -0.2926, -204.7707, 32.7299, 1.57, 0, 0, 0
L -209.2735, 29.848, -0.3018, -206.4658, 32.863, -0.2926, 0, 0, 0
L -210.1349, 28.8656, -0.3105, -209.2735, 29.848, -0.3018, 0, 0, 0
L -213.3307, 24.4445, -0.3105, -210.1349, 28.8656, -0.3105, 0, 0, 0
L -223.175, 23.5986, -0.3105, -213.3307, 24.4445, -0.3105, 0, 0, 0
L -223.146, 28.4224, -0.3104, -223.175, 23.5986, -0.3105, 0, 0, 0
L -225.4248, 28.8366, -0.3105, -223.146, 28.4224, -0.3104, 0, 0, 0
L -237.1474, 26.3549, -0.2551, -225.4248, 28.8366, -0.3105, 0, 0, 0
L -246.6822, 26.5045, 12.1149, -237.1474, 26.3549, -0.2551, 0, 0, 0
L -247.663, 26.5286, 12.1389, -246.6822, 26.5045, 12.1149, 0, 0, 0
L -256.8134, 28.3279, 11.9715, -247.663, 26.5286, 12.1389, 0, 0, 0
L -258.3691, 28.9499, 10.6164, -256.8134, 28.3279, 11.9715, 0, 0, 0
L -259.8937, 29.9895, 10.1757, -258.3691, 28.9499, 10.6164, 0, 0, 0
L -266.5176, 29.3157, 6.6776, -259.8937, 29.9895, 10.1757, 0, 0, 0
L -268.2096, 29.619, 6.711, -266.5176, 29.3157, 6.6776, 0, 0, 0
L -269.7176, 28.2048, 6.7807, -268.2096, 29.619, 6.711, 0, 0, 0
L -271.182, 27.8197, 6.7119, -269.7176, 28.2048, 6.7807, 0, 0, 0
L -272.9911, 27.3787, 3.2221, -271.182, 27.8197, 6.7119, 0, 0, 0
L -282.9239, 15.2766, 6.3932, -281.8697, 15.4243, 11.7078, 0, 0, 0
L -286.9481, 13.827, 6.3452, -282.9239, 15.2766, 6.3932, 0, 0, 0
L -298.6716, 8.5229, 6.3453, -286.9481, 13.827, 6.3452, 0, 0, 0
L -304.19, 11.663, 6.3453, -298.6716, 8.5229, 6.3453, 0, 0, 0
L -304.1913, 13.546, 6.3453, -304.19, 11.663, 6.3453, 0, 0, 0
L -304.5439, 14.4224, 6.3453, -304.1913, 13.546, 6.3453, 0, 0, 0
L -304.1544, 16.382, 6.3453, -304.5439, 14.4224, 6.3453, 0, 0, 0
L -303.2173, 17.5477, 6.3453, -304.1544, 16.382, 6.3453, 0, 0, 0
L -301.8736, 18.9922, 6.5429, -303.2173, 17.5477, 6.3453, 0, 0, 0
L -313.3109, 30.7013, 6.6136, -301.8736, 18.9922, 6.5429, 0, 0, 0
L -314.531, 32.1146, 6.6707, -313.3109, 30.7013, 6.6136, 0, 0, 0
L -323.693, 40.4817, 6.6801, -314.531, 32.1146, 6.6707, 0, 0, 0
L -323.8471, 41.9114, 6.681, -323.693, 40.4817, 6.6801, 0, 0, 0
L -323.5581, 43.8631, 6.684, -323.8471, 41.9114, 6.681, 0, 0, 0
L -323.1327, 45.6236, 6.6901, -323.5581, 43.8631, 6.684, 0, 0, 0
L -321.2744, 49.6122, 6.7484, -323.1327, 45.6236, 6.6901, 0, 0, 0
L -318.7921, 54.378, 7.17, -321.2744, 49.6122, 6.7484, 0, 0, 0
L -318.4062, 57.5777, 7.479, -318.7921, 54.378, 7.17, 0, 0, 0
L -322.1931, 66.9891, 8.1893, -318.4062, 57.5777, 7.479, 0, 0, 0
L -327.6204, 74.1932, 8.3366, -322.1931, 66.9891, 8.1893, 0, 0, 0
L -334.3249, 91.7764, 8.4846, -327.6204, 74.1932, 8.3366, 0, 0, 0
L -334.9073, 93.5177, 8.5488, -334.3249, 91.7764, 8.4846, 0, 0, 0
L -336.7194, 101.634, 8.913, -334.9073, 93.5177, 8.5488, 0, 0, 0
L -337.1116, 104.295, 8.3935, -336.7194, 101.634, 8.913, 0, 0, 0
L -337.3387, 104.7603, 8.3543, -337.1116, 104.295, 8.3935, 0, 0, 0
L -337.9164, 106.662, 4.2763, -337.3387, 104.7603, 8.3543, 0, 0, 0
L -340.6714, 108.4543, 4.294, -337.9164, 106.662, 4.2763, 0, 0, 0
L -343.543, 113.4629, 3.3239, -340.6714, 108.4543, 4.294, 0, 0, 0
L -343.8969, 115.2348, 3.349, -343.543, 113.4629, 3.3239, 0, 0, 0
L -344.7277, 116.8478, 2.1455, -343.8969, 115.2348, 3.349, 0, 0, 0
L -346.1784, 117.9902, 3.28, -344.7277, 116.8478, 2.1455, 0, 0, 0
L -351.6073, 116.415, 2.9904, -346.1784, 117.9902, 3.28, 0, 0, 0
L -354.6157, 116.378, 3.844, -351.6073, 116.415, 2.9904, 0, 0, 0
L -357.6374, 118.456, 3.844, -354.6157, 116.378, 3.844, 0, 0, 0
L -358.991, 119.8023, 3.844, -357.6374, 118.456, 3.844, 0, 0, 0
L -357.2678, 121.5858, 3.844, -358.991, 119.8023, 3.844, 0, 0, 0
L -353.7257, 123.923, 3.844, -357.2678, 121.5858, 3.844, 0, 0, 0
L -359.4773, 130.3463, 3.352, -353.7257, 123.923, 3.844, 0, 0, 0
L -360.1603, 131.3665, 3.741, -359.4773, 130.3463, 3.352, 0, 0, 0
L -360.8987, 133.1516, 1.6397, -360.1603, 131.3665, 3.741, 0, 0, 0
L -362.4207, 136.669, 1.6692, -360.8987, 133.1516, 1.6397, 0, 0, 0
L -362.7062, 140.3254, 2.5775, -362.4207, 136.669, 1.6692, 0, 0, 0
L -363.1143, 141.9179, 3.802, -362.7062, 140.3254, 2.5775, 0, 0, 0
L -367.113, 145.2915, 3.3382, -363.1143, 141.9179, 3.802, 0, 0, 0
L -368.4746, 146.3181, 3.3431, -367.113, 145.2915, 3.3382, 0, 0, 0
L -371.478, 147.6057, 3.2825, -368.4746, 146.3181, 3.3431, 0, 0, 0
L -372.879, 149.1141, 2.4615, -371.478, 147.6057, 3.2825, 0, 0, 0
L -373.9075, 150.2225, 2.3624, -372.879, 149.1141, 2.4615, 0, 0, 0
L -374.2774, 157.1022, 2.1278, -373.9075, 150.2225, 2.3624, 0, 0, 0
L -374.2128, 158.9921, 2.2298, -374.2774, 157.1022, 2.1278, 0, 0, 0
L -377.7194, 161.9697, 2.189, -374.2128, 158.9921, 2.2298, 0, 0, 0
L -382.7921, 164.9415, 2.1396, -377.7194, 161.9697, 2.189, 0, 0, 0
L -386.778, 166.4096, 1.9763, -382.7921, 164.9415, 2.1396, 0, 0, 0
L -387.6514, 167.2341, 1.8948, -386.778, 166.4096, 1.9763, 0, 0, 0
L -389.1541, 168.1552, 1.8312, -387.6514, 167.2341, 1.8948, 0, 0, 0
L -390.5672, 169.235, 1.8, -389.1541, 168.1552, 1.8312, 0, 0, 0
L -404.9463, 183.9925, 2.2195, -390.5672, 169.235, 1.8, 0, 0, 0
L -406.2336, 185.1576, 2.2517, -404.9463, 183.9925, 2.2195, 0, 0, 0
L -409.7187, 187.4782, 2.4967, -406.2336, 185.1576, 2.2517, 0, 0, 0
L -410.5745, 188.5264, 2.9146, -409.7187, 187.4782, 2.4967, 0, 0, 0
L -422.798, 195.4558, 2.7602, -410.5745, 188.5264, 2.9146, 0, 0, 0
L -436.3211, 202.7058, 3.5933, -422.798, 195.4558, 2.7602, 0, 0, 0
L -437.665, 203.4119, 3.8155, -436.3211, 202.7058, 3.5933, 0, 0, 0
L -446.129, 206.3067, 4.5946, -437.665, 203.4119, 3.8155, 0, 0, 0
L -473.1557, 214.4975, 7.542, -446.129, 206.3067, 4.5946, 0, 0, 0
L -483.6268, 216.2325, 7.2808, -473.1557, 214.4975, 7.542, 0, 0, 0
L -487.5102, 219.8103, 8.7409, -483.6268, 216.2325, 7.2808, 0, 0, 0
L -488.8521, 221.1426, 6.9181, -487.5102, 219.8103, 8.7409, 0, 0, 0
L -490.1664, 221.7516, 6.8269, -488.8521, 221.1426, 6.9181, 0, 0, 0
L -491.5341, 222.6144, 5.1501, -490.1664, 221.7516, 6.8269, 0, 0, 0
L -493.384, 223.262, 2.9672, -491.5341, 222.6144, 5.1501, 0, 0, 0
L -496.561, 221.7213, 2.8559, -493.384, 223.262, 2.9672, 0, 0, 0
L -497.5149, 221.2404, 2.7905, -496.561, 221.7213, 2.8559, 0, 0, 0
L -501.2916, 220.9148, 2.6124, -497.5149, 221.2404, 2.7905, 0, 0, 0
L -502.8439, 220.9696, 2.6985, -501.2916, 220.9148, 2.6124, 0, 0, 0
L -514.2224, 218.829, 2.9251, -502.8439, 220.9696, 2.6985, 0, 0, 0
L -518.4992, 219.5035, 1.9983, -514.2224, 218.829, 2.9251, 0, 0, 0
L -520.2549, 219.8382, 1.8656, -518.4992, 219.5035, 1.9983, 0, 0, 0
L -521.7145, 221.2053, 2.2643, -520.2549, 219.8382, 1.8656, 0, 0, 0
L -522.9638, 222.7532, 2.1013, -521.7145, 221.2053, 2.2643, 0, 0, 0
L -524.569, 223.9321, 2.1993, -522.9638, 222.7532, 2.1013, 0, 0, 0
L -525.7178, 224.8939, 3.1831, -524.569, 223.9321, 2.1993, 0, 0, 0
L -528.5266, 222.313, 2.998, -525.7178, 224.8939, 3.1831, 0, 0, 0
L -530.19, 221.3634, 2.9496, -528.5266, 222.313, 2.998, 0, 0, 0
L -534.1055, 220.7672, 2.4742, -530.19, 221.3634, 2.9496, 0, 0, 0
L -536.383, 220.3688, 2.5352, -534.1055, 220.7672, 2.4742, 0, 0, 0
L -550.681, 221.2757, 3.1137, -536.383, 220.3688, 2.5352, 0, 0, 0
L -560.2949, 221.9153, 3.1682, -550.681, 221.2757, 3.1137, 0, 0, 0
L -562.2217, 222.165, 3.3913, -560.2949, 221.9153, 3.1682, 0, 0, 0
L -563.9017, 222.3086, 1.9006, -562.2217, 222.165, 3.3913, 0, 0, 0
L -565.773, 221.8038, 1.8279, -563.9017, 222.3086, 1.9006, 0, 0, 0
L -567.2483, 221.996, 2.4018, -565.773, 221.8038, 1.8279, 0, 0, 0
L -568.6511, 218.2732, 2.2909, -567.2483, 221.996, 2.4018, 0, 0, 0
L -569.7432, 216.741, 2.3393, -568.6511, 218.2732, 2.2909, 0, 0, 0
L -571.3522, 215.7951, 2.649, -569.7432, 216.741, 2.3393, 0, 0, 0
L -572.7301, 214.6563, 2.8893, -571.3522, 215.7951, 2.649, 0, 0, 0
L -573.8509, 213.2735, 2.8384, -572.7301, 214.6563, 2.8893, 0, 0, 0
L -575.6672, 213.704, 2.7534, -573.8509, 213.2735, 2.8384, 0, 0, 0
L -580.7138, 213.2775, 3.1025, -575.6672, 213.704, 2.7534, 0, 0, 0
L -582.5467, 213.5278, 2.8399, -580.7138, 213.2775, 3.1025, 0, 0, 0
L -584.2242, 213.9105, 2.8643, -582.5467, 213.5278, 2.8399, 0, 0, 0
L -585.4776, 214.612, 3.969, -584.2242, 213.9105, 2.8643, 0, 0, 0
L -586.639, 215.6131, 3.3127, -585.4776, 214.612, 3.969, 0, 0, 0
L -588.2549, 216.6687, 3.7955, -586.639, 215.6131, 3.3127, 0, 0, 0
L -591.105, 216.7776, 3.8559, -588.2549, 216.6687, 3.7955, 0, 0, 0
L -592.8763, 216.7538, 3.9615, -591.105, 216.7776, 3.8559, 0, 0, 0
L -601.466, 215.7196, 4.5441, -592.8763, 216.7538, 3.9615, 0, 0, 0
L -602.596, 215.6414, 4.7415, -601.466, 215.7196, 4.5441, 0, 0, 0
L -628.2327, 206.8129, 3.6956, -602.596, 215.6414, 4.7415, 0, 0, 0
L -636.9575, 202.9404, 3.177, -628.2327, 206.8129, 3.6956, 0, 0, 0
L -638.1611, 202.4225, 3.228, -636.9575, 202.9404, 3.177, 0, 0, 0
L -639.3658, 201.8742, 3.2553, -638.1611, 202.4225, 3.228, 0, 0, 0
L -640.6298, 201.2353, 3.62, -639.3658, 201.8742, 3.2553, 0, 0, 0
L -641.8211, 200.3141, 3.8269, -640.6298, 201.2353, 3.62, 0, 0, 0
L -646.2489, 193.4771, 3.6021, -641.8211, 200.3141, 3.8269, 0, 0, 0
L -654.2948, 191.7064, 3.1505, -646.2489, 193.4771, 3.6021, 0, 0, 0
L -663.4647, 190.1119, 2.6682, -654.2948, 191.7064, 3.1505, 0, 0, 0
L -674.2355, 187.9644, 2.3631, -663.4647, 190.1119, 2.6682, 0, 0, 0
L -684.4052, 184.887, 2.3593, -674.2355, 187.9644, 2.3631, 0, 0, 0
L -693.6015, 177.5605, 2.3159, -684.4052, 184.887, 2.3593, 0, 0, 0
L -694.6761, 176.6501, 2.4083, -693.6015, 177.5605, 2.3159, 0, 0, 0
L -695.3982, 175.3865, 2.3732, -694.6761, 176.6501, 2.4083, 0, 0, 0
L -700.3482, 169.973, 2.3466, -695.3982, 175.3865, 2.3732, 0, 0, 0
L -701.2427, 167.8568, 2.483, -700.3482, 169.973, 2.3466, 0, 0, 0
L -702.1957, 164.8009, 2.398, -701.2427, 167.8568, 2.483, 0, 0, 0
L -704.6952, 158.3389, 2.4217, -702.1957, 164.8009, 2.398, 0, 0, 0
L -705.6946, 156.6868, 2.1145, -704.6952, 158.3389, 2.4217, 0, 0, 0
L -706.603, 150.857, 3.3469, -705.6946, 156.6868, 2.1145, 0, 0, 0
L -706.7446, 145.6017, 3.2397, -706.603, 150.857, 3.3469, 0, 0, 0
L -706.7446, 144.2728, 3.2231, -706.7446, 145.6017, 3.2397, 0, 0, 0
L -708.417, 142.7781, 2.4691, -706.7446, 144.2728, 3.2231, 0, 0, 0
L -712.7849, 140.8967, 3.5554, -708.417, 142.7781, 2.4691, 0, 0, 0
L -714.2875, 141.7489, 2.1143, -712.7849, 140.8967, 3.5554, 0, 0, 0
L -715.2427, 140.88, 2.5459, -714.2875, 141.7489, 2.1143, 0, 0, 0
L -724.2749, 119.936, 4.3541, -715.2427, 140.88, 2.5459, 0, 0, 0
L -726.6386, 113.284, 4.9227, -724.2749, 119.936, 4.3541, 0, 0, 0
L -729.1947, 103.2439, 6.8516, -726.6386, 113.284, 4.9227, 0, 0, 0
L -731.289, 97.9823, 8.452, -729.1947, 103.2439, 6.8516, 0, 0, 0
L -731.4199, 96.6397, 8.7184, -731.289, 97.9823, 8.452, 0, 0, 0
L -731.7684, 93.7236, 9.87, -731.4199, 96.6397, 8.7184, 0, 0, 0
L -731.4554, 92.1495, 9.87, -731.7684, 93.7236, 9.87, 0, 0, 0
L -731.886, 84.4183, 9.2075, -731.4554, 92.1495, 9.87, 0, 0, 0
L -731.3148, 83.3555, 9.2949, -731.886, 84.4183, 9.2075, 0, 0, 0
L -732.6577, 79.2794, 9.8253, -731.3148, 83.3555, 9.2949, 0, 0, 0
L -733.2305, 77.6239, 9.8345, -732.6577, 79.2794, 9.8253, 0, 0, 0
L -735.1522, 78.1291, 9.8489, -733.2305, 77.6239, 9.8345, 0, 0, 0
L -736.9, 76.3653, 9.9753, -735.1522, 78.1291, 9.8489, 0, 0, 0
L -736.2884, 74.5365, 9.6227, -736.9, 76.3653, 9.9753, 0, 0, 0
L -736.9948, 71.66, 9.4733, -736.2884, 74.5365, 9.6227, 0, 0, 0
L -737.3274, 69.8144, 9.471, -736.9948, 71.66, 9.4733, 0, 0, 0
L -737.7252, 68.757, 9.5055, -737.3274, 69.8144, 9.471, 0, 0, 0
L -743.705, 57.9718, 10.5216, -737.7252, 68.757, 9.5055, 0, 0, 0
L -744.3128, 56.2177, 10.5084, -743.705, 57.9718, 10.5216, 0, 0, 0
L -746.9971, 54.9632, 9.9017, -744.3128, 56.2177, 10.5084, 0, 0, 0
L -748.7423, 54.1916, 9.9625, -746.9971, 54.9632, 9.9017, 0, 0, 0
L -751.2246, 34.6024, 9.2998, -748.7423, 54.1916, 9.9625, 0, 0, 0
L -752.9962, 21.561, 7.2454, -751.2246, 34.6024, 9.2998, 0, 0, 0
L -753.2925, 20.1173, 7.656, -752.9962, 21.561, 7.2454, 0, 0, 0
L -755.2386, 4.3461, 6.3754, -753.2925, 20.1173, 7.656, 0, 0, 0
L -758.1381, -35.3605, 4.5533, -755.2386, 4.3461, 6.3754, 0, 0, 0
L -758.1136, -37.2606, 4.4581, -758.1381, -35.3605, 4.5533, 0, 0, 0
L -755.1974, -49.9983, 3.236, -758.1136, -37.2606, 4.4581, 0, 0, 0
L -753.2037, -50.654, 3.1051, -755.1974, -49.9983, 3.236, 0, 0, 0
L -751.7581, -51.2295, 2.9007, -753.2037, -50.654, 3.1051, 0, 0, 0
L -750.3025, -51.9947, 2.6825, -751.7581, -51.2295, 2.9007, 0, 0, 0
L -748.9746, -52.8881, 2.4702, -750.3025, -51.9947, 2.6825, 0, 0, 0
L -747.7483, -53.9179, 2.2602, -748.9746, -52.8881, 2.4702, 0, 0, 0
L -746.6045, -55.1026, 2.493, -747.7483, -53.9179, 2.2602, 0, 0, 0
L -745.5818, -56.3956, 1.8561, -746.6045, -55.1026, 2.493, 0, 0, 0
L -744.6531, -57.8132, 1.6966, -745.5818, -56.3956, 1.8561, 0, 0, 0
L -743.648, -60.9037, 1.3778, -744.6531, -57.8132, 1.6966, 0, 0, 0
L -742.3979, -62.5471, 1.2369, -743.648, -60.9037, 1.3778, 0, 0, 0
L -741.8129, -64.3897, 1.2351, -742.3979, -62.5471, 1.2369, 0, 0, 0
L -740.7197, -69.6616, 1.5047, -741.8129, -64.3897, 1.2351, 0, 0, 0
L -740.2717, -71.3194, 1.5338, -740.7197, -69.6616, 1.5047, 0, 0, 0
L -739.8483, -82.1861, 2.8662, -740.2717, -71.3194, 1.5338, 0, 0, 0
L -739.8176, -83.801, 3.1463, -739.8483, -82.1861, 2.8662, 0, 0, 0
L -737.7231, -88.7304, 3.1139, -739.8176, -83.801, 3.1463, 0, 0, 0
L -734.9577, -94.9056, 2.8607, -737.7231, -88.7304, 3.1139, 0, 0, 0
L -731.9737, -103.8699, 3.1842, -734.9577, -94.9056, 2.8607, 0, 0, 0
L -720.5214, -117.2924, 2.6579, -731.9737, -103.8699, 3.1842, 0, 0, 0
L -719.5068, -118.7132, 2.6345, -720.5214, -117.2924, 2.6579, 0, 0, 0
L -717.6476, -122.5206, 2.9359, -719.5068, -118.7132, 2.6345, 0, 0, 0
L -715.7546, -125.2236, 3.651, -717.6476, -122.5206, 2.9359, 0, 0, 0
L -713.8176, -127.4758, 3.1755, -715.7546, -125.2236, 3.651, 0, 0, 0
L -713.152, -129.1115, 3.4849, -713.8176, -127.4758, 3.1755, 0, 0, 0
L -712.7056, -130.8317, 3.8977, -713.152, -129.1115, 3.4849, 0, 0, 0
L -711.5553, -132.246, 3.9363, -712.7056, -130.8317, 3.8977, 0, 0, 0
L -710.5452, -133.3284, 4.358, -711.5553, -132.246, 3.9363, 0, 0, 0
L -707.9452, -138.3925, 4.6604, -710.5452, -133.3284, 4.358, 0, 0, 0
L -705.543, -143.68, 5.826, -707.9452, -138.3925, 4.6604, 0, 0, 0
L -704.3143, -144.6454, 5.5563, -705.543, -143.68, 5.826, 0, 0, 0
L -704.23, -146.3061, 6.2506, -704.3143, -144.6454, 5.5563, 0, 0, 0
L -703.4536, -148.224, 6.9115, -704.23, -146.3061, 6.2506, 0, 0, 0
L -702.1408, -148.9173, 6.6768, -703.4536, -148.224, 6.9115, 0, 0, 0
L -700.9647, -149.8009, 6.987, -702.1408, -148.9173, 6.6768, 0, 0, 0
L -698.3691, -152.5977, 5.9126, -700.9647, -149.8009, 6.987, 0, 0, 0
L -697.1746, -153.4416, 5.9546, -698.3691, -152.5977, 5.9126, 0, 0, 0
L -695.9801, -154.8965, 6.1702, -697.1746, -153.4416, 5.9546, 0, 0, 0
L -694.6535, -158.4542, 7.816, -695.9801, -154.8965, 6.1702, 0, 0, 0
L -694.306, -159.7683, 7.3746, -694.6535, -158.4542, 7.816, 0, 0, 0
L -691.3659, -162.55, 7.6189, -694.306, -159.7683, 7.3746, 0, 0, 0
L -690.4394, -164.1199, 7.2088, -691.3659, -162.55, 7.6189, 0, 0, 0
L -689.6172, -165.5997, 6.2363, -690.4394, -164.1199, 7.2088, 0, 0, 0
L -688.5411, -167.1607, 4.6553, -689.6172, -165.5997, 6.2363, 0, 0, 0
L -687.4063, -168.6355, 2.8294, -688.5411, -167.1607, 4.6553, 0, 0, 0
L -685.6219, -169.1795, 2.1667, -687.4063, -168.6355, 2.8294, 0, 0, 0
L -684.2428, -169.4114, 2.811, -685.6219, -169.1795, 2.1667, 0, 0, 0
L -681.7763, -170.7024, 2.26, -684.2428, -169.4114, 2.811, 0, 0, 0
L -655.8411, -185.4656, 1.9783, -681.7763, -170.7024, 2.26, 0, 0, 0
L -646.718, -191.615, 2.2871, -655.8411, -185.4656, 1.9783, 0, 0, 0
L -642.272, -193.9033, 2.3955, -646.718, -191.615, 2.2871, 0, 0, 0
L -634.5181, -199.4313, 2.2995, -642.272, -193.9033, 2.3955, 0, 0, 0
L -632.9013, -200.638, 2.45, -634.5181, -199.4313, 2.2995, 0, 0, 0
L -631.7364, -201.4555, 1.9981, -632.9013, -200.638, 2.45, 0, 0, 0
L -630.3804, -202.4981, 1.8348, -631.7364, -201.4555, 1.9981, 0, 0, 0
L -628.5979, -206.4627, 2.621, -630.3804, -202.4981, 1.8348, 0, 0, 0
L -627.3066, -207.7367, 3.1678, -628.5979, -206.4627, 2.621, 0, 0, 0
L -625.8196, -208.6037, 3.9182, -627.3066, -207.7367, 3.1678, 0, 0, 0
L -618.7296, -208.8952, 3.4256, -625.8196, -208.6037, 3.9182, 0, 0, 0
L -614.837, -209.8781, 3.4232, -618.7296, -208.8952, 3.4256, 0, 0, 0
L -604.8591, -212.2489, 3.515, -614.837, -209.8781, 3.4232, 0, 0, 0
L -596.7903, -214.6573, 3.6985, -604.8591, -212.2489, 3.515, 0, 0, 0
L -588.1345, -217.6497, 4.8394, -596.7903, -214.6573, 3.6985, 0, 0, 0
L -586.3324, -218.171, 5.1707, -588.1345, -217.6497, 4.8394, 0, 0, 0
L -584.5842, -218.8868, 5.8817, -586.3324, -218.171, 5.1707, 0, 0, 0
L -582.7304, -219.3035, 6.8333, -584.5842, -218.8868, 5.8817, 0, 0, 0
L -580.791, -217.2746, 6.8357, -582.7304, -219.3035, 6.8333, 0, 0, 0
L -578.7322, -216.4309, 6.8399, -580.791, -217.2746, 6.8357, 0, 0, 0
L -577.1766, -215.7169, 6.8518, -578.7322, -216.4309, 6.8399, 0, 0, 0
L -575.6209, -215.299, 6.8813, -577.1766, -215.7169, 6.8518, 0, 0, 0
L -566.1155, -214.8848, 7.419, -575.6209, -215.299, 6.8813, 0, 0, 0
L -564.1853, -215.26, 7.1346, -566.1155, -214.8848, 7.419, 0, 0, 0
L -555.9885, -218.8491, 8.733, -564.1853, -215.26, 7.1346, 0, 0, 0
L -555.2071, -218.9766, 8.733, -555.9885, -218.8491, 8.733, 0, 0, 0
L -552.135, -218.317, 8.733, -555.2071, -218.9766, 8.733, 0, 0, 0
L -538.2155, -214.213, 8.733, -552.135, -218.317, 8.733, 0, 0, 0
L -536.2874, -213.7017, 8.7331, -538.2155, -214.213, 8.733, 0, 0, 0
L -535.1028, -215.2007, 8.7331, -536.2874, -213.7017, 8.7331, 0, 0, 0
L -534.8531, -220.8068, 8.7332, -535.1028, -215.2007, 8.7331, 0, 0, 0
L -534.8786, -222.5363, 8.7332, -534.8531, -220.8068, 8.7332, 0, 0, 0
L -534.3365, -224.3038, 8.6027, -534.8786, -222.5363, 8.7332, 0, 0, 0
L -523.3432, -220.4856, 8.4948, -534.3365, -224.3038, 8.6027, 0, 0, 0
L -521.8606, -219.7524, 8.4839, -523.3432, -220.4856, 8.4948, 0, 0, 0
L -519.1526, -216.7641, 8.4839, -521.8606, -219.7524, 8.4839, 0, 0, 0
L -514.5768, -216.1065, 8.4327, -519.1526, -216.7641, 8.4839, 0, 0, 0
L -512.7197, -216.4225, 8.1043, -514.5768, -216.1065, 8.4327, 0, 0, 0
L -511.9, -216.8725, 7.7962, -512.7197, -216.4225, 8.1043, 0, 0, 0
L -506.12, -216.3789, 7.4273, -511.9, -216.8725, 7.7962, 0, 0, 0
L -496.4753, -215.512, 3.3917, -506.12, -216.3789, 7.4273, 0, 0, 0
L -492.4721, -214.453, 2.6221, -496.4753, -215.512, 3.3917, 0, 0, 0
L -490.7825, -214.3062, 2.5571, -492.4721, -214.453, 2.6221, 0, 0, 0
L -489.2737, -214.4151, 2.4411, -490.7825, -214.3062, 2.5571, 0, 0, 0
L -487.231, -215.6536, 2.3043, -489.2737, -214.4151, 2.4411, 0, 0, 0
L -485.2801, -216.4395, 3.666, -487.231, -215.6536, 2.3043, 0, 0, 0
L -483.4934, -216.1447, 4.4714, -485.2801, -216.4395, 3.666, 0, 0, 0
L -471.7645, -210.608, 4.1398, -483.4934, -216.1447, 4.4714, 0, 0, 0
L -452.4193, -203.9996, 5.203, -471.7645, -210.608, 4.1398, 0, 0, 0
L -443.12, -201.4028, 6.2484, -452.4193, -203.9996, 5.203, 0, 0, 0
L -441.4118, -200.9731, 6.5857, -443.12, -201.4028, 6.2484, 0, 0, 0
L -434.2044, -194.869, 6.7868, -441.4118, -200.9731, 6.5857, 0, 0, 0
L -426.6841, -187.7308, 6.7869, -434.2044, -194.869, 6.7868, 0, 0, 0
L -417.4918, -181.567, 6.7949, -426.6841, -187.7308, 6.7869, 0, 0, 0
L -416.163, -180.1888, 6.8105, -417.4918, -181.567, 6.7949, 0, 0, 0
L -406.269, -176.4516, 7.87, -416.163, -180.1888, 6.8105, 0, 0, 0
L -396.7805, -173.98, 7.6365, -406.269, -176.4516, 7.87, 0, 0, 0
L -394.9717, -172.4624, 7.8903, -396.7805, -173.98, 7.6365, 0, 0, 0
L -393.12, -172.1317, 8.4141, -394.9717, -172.4624, 7.8903, 0, 0, 0
L -391.4347, -171.9705, 8.8777, -393.12, -172.1317, 8.4141, 0, 0, 0
L -389.963, -171.4354, 9.2375, -391.4347, -171.9705, 8.8777, 0, 0, 0
L -389.1791, -170.2549, 8.6362, -389.963, -171.4354, 9.2375, 0, 0, 0
L -388.3808, -169.1449, 7.2431, -389.1791, -170.2549, 8.6362, 0, 0, 0
L -379.9922, -161.1724, 2.9539, -388.3808, -169.1449, 7.2431, 0, 0, 0
L -378.8716, -160.952, 2.6476, -379.9922, -161.1724, 2.9539, 0, 0, 0
L -374.2355, -153.8483, 2.3077, -378.8716, -160.952, 2.6476, 0, 0, 0
L -372.74, -152.9972, 2.6244, -374.2355, -153.8483, 2.3077, 0, 0, 0
L -369.9764, -151.2488, 3.6633, -372.74, -152.9972, 2.6244, 0, 0, 0
L -368.4617, -150.432, 4.2281, -369.9764, -151.2488, 3.6633, 0, 0, 0
L -367.274, -146.9809, 4.2401, -368.4617, -150.432, 4.2281, 0, 0, 0
L -365.9066, -142.3139, 4.159, -367.274, -146.9809, 4.2401, 0, 0, 0
L -365.3802, -140.8796, 3.9861, -365.9066, -142.3139, 4.159, 0, 0, 0
L -361.363, -135.361, 4.34, -365.3802, -140.8796, 3.9861, 0, 0, 0
L -357.5677, -129.15, 4.5191, -361.363, -135.361, 4.34, 0, 0, 0
L -356.8213, -127.7111, 4.4964, -357.5677, -129.15, 4.5191, 0, 0, 0
L -351.8487, -121.5331, 5.749, -356.8213, -127.7111, 4.4964, 0, 0, 0
L -349.42, -118.9842, 5.2626, -351.8487, -121.5331, 5.749, 0, 0, 0
L -349.31, -117.1206, 5.8521, -349.42, -118.9842, 5.2626, 0, 0, 0
L -349.9615, -115.8265, 5.7934, -349.31, -117.1206, 5.8521, 0, 0, 0
L -350.5672, -114.457, 5.434, -349.9615, -115.8265, 5.7934, 0, 0, 0
L -350.1628, -112.508, 5.237, -350.5672, -114.457, 5.434, 0, 0, 0
L -349.7167, -110.9243, 5.181, -350.1628, -112.508, 5.237, 0, 0, 0
L -348.9418, -109.2223, 5.1468, -349.7167, -110.9243, 5.181, 0, 0, 0
L -348.5144, -104.734, 4.9626, -348.9418, -109.2223, 5.1468, 0, 0, 0
L -348.5548, -102.4295, 4.9626, -348.5144, -104.734, 4.9626, 0, 0, 0
L -345.1553, -105.436, 5.2405, -348.5548, -102.4295, 4.9626, 0, 0, 0
L -343.6644, -105.8037, 4.2214, -345.1553, -105.436, 5.2405, 0, 0, 0
L -343.2251, -104.3479, 4.4245, -343.6644, -105.8037, 4.2214, 0, 0, 0
L -344.597, -102.5704, 4.4739, -343.2251, -104.3479, 4.4245, 0, 0, 0
L -345.1562, -100.9296, 4.5366, -344.597, -102.5704, 4.4739, 0, 0, 0
L -343.576, -98.7207, 3.1328, -345.1562, -100.9296, 4.5366, 0, 0, 0
L -342.9784, -97.843, 3.156, -343.576, -98.7207, 3.1328, 0, 0, 0
L -341.4227, -94.9462, 3.1707, -342.9784, -97.843, 3.156, 0, 0, 0
L -340.115, -94.151, 2.5289, -341.4227, -94.9462, 3.1707, 0, 0, 0
L -334.1159, -90.2971, 3.9801, -340.115, -94.151, 2.5289, 0, 0, 0
L -332.4537, -89.3499, 4.6254, -334.1159, -90.2971, 3.9801, 0, 0, 0
L -331.391, -88.279, 4.9687, -332.4537, -89.3499, 4.6254, 0, 0, 0
L -327.4725, -79.2687, 5.6742, -331.391, -88.279, 4.9687, 0, 0, 0
L -326.829, -77.9244, 5.5686, -327.4725, -79.2687, 5.6742, 0, 0, 0
L -326.1025, -73.2543, 5.4809, -326.829, -77.9244, 5.5686, 0, 0, 0
L -325.4601, -67.7511, 5.4105, -326.829, -77.9244, 5.5686, 0, 0, 0
L -325.49, -66.1747, 5.4147, -325.4601, -67.7511, 5.4105, 0, 0, 0
L -324.375, -64.5053, 5.4642, -325.49, -66.1747, 5.4147, 0, 0, 0
L -318.9766, -59.581, 6.1, -324.375, -64.5053, 5.4642, 0, 0, 0
L -318.7799, -56.7321, 5.9591, -318.9766, -59.581, 6.1, 0, 0, 0
L -319.3287, -45.5713, 5.8875, -318.7799, -56.7321, 5.9591, 0, 0, 0
L -319.1988, -44.1462, 5.9482, -319.3287, -45.5713, 5.8875, 0, 0, 0
L -318.1202, -40.6084, 6.1924, -319.1988, -44.1462, 5.9482, 0, 0, 0
L -317.5278, -39.112, 6.3403, -318.1202, -40.6084, 6.1924, 0, 0, 0
L -316.9071, -37.7045, 6.4086, -317.5278, -39.112, 6.3403, 0, 0, 0
L -310.1141, -33.283, 6.6753, -316.9071, -37.7045, 6.4086, 0, 0, 0
L -305.8659, -9.1803, 7.2771, -310.1141, -33.283, 6.6753, 0, 0, 0
L -300.792, -10.2178, 8.5756, -305.8659, -9.1803, 7.2771, 0, 0, 0
L -298.3675, -10.8445, 9.728, -300.792, -10.2178, 8.5756, 0, 0, 0
L -297.9938, -13.6466, 14.2547, -298.3675, -10.8445, 9.728, 0, 0, 0
L -297.9732, -15.5794, 15.5902, -297.9938, -13.6466, 14.2547, 0, 0, 0
L -295.9399, -18.1047, 15.5868, -297.9732, -15.5794, 15.5902, 0, 0, 0
L -294.7574, -19.5298, 15.2722, -295.9399, -18.1047, 15.5868, 0, 0, 0
L -293.369, -19.8235, 15.4033, -294.7574, -19.5298, 15.2722, 0, 0, 0
L -291.7658, -20.2561, 14.6252, -293.369, -19.8235, 15.4033, 0, 0, 0
L -289.8967, -19.5854, 9.9238, -291.7658, -20.2561, 14.6252, 0, 0, 0
L -288.153, -18.6816, 7.4954, -289.8967, -19.5854, 9.9238, 0, 0, 0
L -287.1091, -17.4505, 6.2255, -288.153, -18.6816, 7.4954, 0, 0, 0
L -286.199, -16.4379, 5.7125, -287.1091, -17.4505, 6.2255, 0, 0, 0
L -284.6295, -15.4786, 4.3963, -286.199, -16.4379, 5.7125, 0, 0, 0
L -283.1958, -14.7035, 3.304, -284.6295, -15.4786, 4.3963, 0, 0, 0
L -281.6977, -12.9295, -0.1576, -283.1958, -14.7035, 3.304, 0, 0, 0
L -280.5283, -11.5893, 0.2609, -281.6977, -12.9295, -0.1576, 0, 0, 0
L -278.7531, -9.8968, 0.9007, -280.5283, -11.5893, 0.2609, 0, 0, 0
L -277.3206, -8.5319, 1.9705, -278.7531, -9.8968, 0.9007, 0, 0, 0
L -278.372, -3.1034, 4.4653, -277.3206, -8.5319, 1.9705, 0, 0, 0
L -278.5905, -1.2617, 5.312, -278.372, -3.1034, 4.4653, 0, 0, 0
L -279.142, 13.4682, 14.7096, -278.5905, -1.2617, 5.312, 0, 0, 0
L -279.3493, 14.9639, 12.8474, -279.142, 13.4682, 14.7096, 0, 0, 0
L -281.2749, 14.6315, 7.8996, -279.3493, 14.9639, 12.8474, 0, 0, 0
L -293.24, 12.6, 3.4668, -281.2749, 14.6315, 7.8996, 0, 0, 0
L -298.7085, 10.8895, 3.6055, -293.24, 12.6, 3.4668, 0, 0, 0
L -300.783, 10.7782, 3.6402, -298.7085, 10.8895, 3.6055, 0, 0, 0
L -304.21, 9.739, 3.7404, -300.783, 10.7782, 3.6402, 0, 0, 0
L -304.4021, 15.7024, 3.9272, -304.21, 9.739, 3.7404, 0, 0, 0
L -304.362, 17.1199, 3.9832, -304.4021, 15.7024, 3.9272, 0, 0, 0
L -302.4076, 17.5471, 4.6938, -304.362, 17.1199, 3.9832, 0, 0, 0
L -301.9343, 21.6659, 5.6323, -302.4076, 17.5471, 4.6938, 0, 0, 0
L -302.3022, 22.8277, 5.6942, -301.9343, 21.6659, 5.6323, 0, 0, 0
L -303.9483, 26.1004, 5.8871, -302.3022, 22.8277, 5.6942, 0, 0, 0
L -311.3373, 29.6998, 6.2477, -303.9483, 26.1004, 5.8871, 0, 0, 0
L -312.601, 30.4206, 6.3813, -311.3373, 29.6998, 6.2477, 0, 0, 0
L -313.713, 31.2119, 6.5666, -312.601, 30.4206, 6.3813, 0, 0, 0
L -316.2764, 33.7927, 7.3197, -313.713, 31.2119, 6.5666, 0, 0, 0
L -320.4033, 35.432, 7.5019, -316.2764, 33.7927, 7.3197, 0, 0, 0
L -321.29, 36.823, 7.5789, -320.4033, 35.432, 7.5019, 0, 0, 0
L -321.8593, 38.5902, 7.6635, -321.29, 36.823, 7.5789, 0, 0, 0
L -322.35, 40.5356, 7.8029, -321.8593, 38.5902, 7.6635, 0, 0, 0
L -322.5052, 41.8085, 7.9503, -322.35, 40.5356, 7.8029, 0, 0, 0
L -322.99, 44.564, 8.919, -322.5052, 41.8085, 7.9503, 0, 0, 0
L -322.966, 46.536, 8.2811, -322.99, 44.564, 8.919, 0, 0, 0
L -320.6508, 51.454, 8.9568, -322.966, 46.536, 8.2811, 0, 0, 0
L -319.9035, 52.6805, 9.5929, -320.6508, 51.454, 8.9568, 0, 0, 0
L -319.4078, 55.688, 11.1245, -319.9035, 52.6805, 9.5929, 0, 0, 0
L -319.6299, 57.4283, 11.6747, -319.4078, 55.688, 11.1245, 0, 0, 0
L -323.144, 64.8215, 13.907, -319.6299, 57.4283, 11.6747, 0, 0, 0
L -323.9805, 66.2917, 13.2935, -323.144, 64.8215, 13.907, 0, 0, 0
L -324.641, 67.7269, 13.6236, -323.9805, 66.2917, 13.2935, 0, 0, 0
L -325.5686, 69.1234, 13.8093, -324.641, 67.7269, 13.6236, 0, 0, 0
L -328.54, 71.9078, 13.8798, -325.5686, 69.1234, 13.8093, 0, 0, 0
L -329.976, 73.4847, 14.144, -328.54, 71.9078, 13.8798, 0, 0, 0
L -334.5987, 85.639, 15.7821, -329.976, 73.4847, 14.144, 0, 0, 0
L -335.876, 85.9341, 15.8636, -334.5987, 85.639, 15.7821, 0, 0, 0
L -336.132, 89.5344, 16.3799, -335.876, 85.9341, 15.8636, 0, 0, 0
L -336.5219, 92.6662, 16.2532, -336.132, 89.5344, 16.3799, 0, 0, 0
L -336.446, 93.9133, 16.857, -336.5219, 92.6662, 16.2532, 0, 0, 0
L -335.9476, 105.6222, 11.8729, -336.446, 93.9133, 16.857, 0, 0, 0
L -336.4343, 107.4429, 10.7972, -335.9476, 105.6222, 11.8729, 0, 0, 0
L -337.9927, 108.6311, 3.6669, -336.4343, 107.4429, 10.7972, 0, 0, 0
L -339.3213, 108.8024, 3.4925, -337.9927, 108.6311, 3.6669, 0, 0, 0
L -341.1351, 109.4622, 3.2258, -339.3213, 108.8024, 3.4925, 0, 0, 0
L -344.126, 115.6628, 2.4323, -341.1351, 109.4622, 3.2258, 0, 0, 0
L -345.1098, 117.2959, 2.766, -344.126, 115.6628, 2.4323, 0, 0, 0
L -346.5434, 118.3679, 3.701, -345.1098, 117.2959, 2.766, 0, 0, 0
L -351.4572, 116.6002, 2.9573, -346.5434, 118.3679, 3.701, 0, 0, 0
L -352.9981, 116.2501, 2.9874, -351.4572, 116.6002, 2.9573, 0, 0, 0
L -354.5133, 116.193, 3.341, -352.9981, 116.2501, 2.9874, 0, 0, 0
L -358.641, 120.6867, 3.341, -354.5133, 116.193, 3.341, 0, 0, 0
L -354.8852, 123.1661, 3.341, -358.641, 120.6867, 3.341, 0, 0, 0
L -353.625, 123.9898, 2.2808, -354.8852, 123.1661, 3.341, 0, 0, 0
L -357.658, 128.7374, 1.536, -353.625, 123.9898, 2.2808, 0, 0, 0
L -358.9155, 130.1585, 1.5362, -357.658, 128.7374, 1.536, 0, 0, 0
L -359.9925, 131.5883, 1.5169, -358.9155, 130.1585, 1.5362, 0, 0, 0
L -360.7873, 132.9662, 1.5028, -359.9925, 131.5883, 1.5169, 0, 0, 0
L -361.3193, 134.2396, 1.5442, -360.7873, 132.9662, 1.5028, 0, 0, 0
L -362.855, 135.953, 1.7929, -361.3193, 134.2396, 1.5442, 0, 0, 0
L -362.5348, 140.5208, 1.8685, -362.855, 135.953, 1.7929, 0, 0, 0
L -362.9592, 142.3361, 1.8838, -362.5348, 140.5208, 1.8685, 0, 0, 0
L -366.2366, 144.7853, 2.9489, -362.9592, 142.3361, 1.8838, 0, 0, 0
L -367.7531, 145.6913, 3.2122, -366.2366, 144.7853, 2.9489, 0, 0, 0
L -372.2551, 144.9104, 3.1011, -367.7531, 145.6913, 3.2122, 0, 0, 0
L -373.7207, 145.352, 3.1049, -372.2551, 144.9104, 3.1011, 0, 0, 0
L -374.6537, 149.193, 3.1465, -373.7207, 145.352, 3.1049, 0, 0, 0
L -374.9504, 152.218, 3.2755, -374.6537, 149.193, 3.1465, 0, 0, 0
L -374.7762, 153.9844, 3.1009, -374.9504, 152.218, 3.2755, 0, 0, 0
L -374.2783, 157.274, 2.1202, -374.7762, 153.9844, 3.1009, 0, 0, 0
L -374.3974, 158.8134, 2.7326, -374.2783, 157.274, 2.1202, 0, 0, 0
L -380.5695, 163.4522, 3.4586, -374.3974, 158.8134, 2.7326, 0, 0, 0
L -391.749, 169.2663, 3.3475, -380.5695, 163.4522, 3.4586, 0, 0, 0
