P -425.0000, -1300.0000, 0.0000,  127, 64, 0,  2,  Druid_Circle
P 2315.7134, 3697.1890, -28.2546,  127, 64, 0,  2,  Fishing_Village
P 2061.3262, 2701.7688, 2.8834,  127, 64, 0,  2,  Farm
P 77.4906, 768.3459, 0.8320,  127, 64, 0,  2,  Farm
P 4576.1514, 980.9053, 179.6580,  127, 64, 0,  2,  Guard_Tower
P 3736.9688, 2345.1399, 99.3456,  127, 64, 0,  2,  Guard_Tower
P 6020.8687, 1714.2487, 389.2730,  127, 64, 0,  2,  Guard_Tower
P 1505.9535, 2508.9065, 1.8540,  127, 0, 0,  2,  Sir_Gregon_Sulltor(Ncr1.5)*
P 1770.7697, 2961.3335, 1.5122,  0, 0, 127,  2,  Drevlon_Knacknabber_(War_Pre-Q)
P 7476.1543, 3256.2195, 1.5291,  0, 0, 127,  2,  Tenal_Redblade(War1.0)
P 1332.8429, -164.4578, 1.8426,  127, 0, 0,  2,  a_rogue_lion*(Tarbul_EarthstriderPH)
P 1593.2101, 3657.5071, -20.2810,  0, 0, 127,  2,  Althele(Druid1.0)
P 1598.8114, 3662.6233, -21.8700,  0, 0, 127,  2,  Tholris(Druid1.0)
P 1604.4247, 2598.9883, 0.4250,  0, 0, 127,  2,  Sionae*(Druid1.0)
P -301.7318, 3593.2244, 20.5492,  0, 0, 127,  2,  Nuien*(Druid1.0)
P 2881.7991, 3781.1763, 127.1881,  0, 0, 127,  2,  Teloa(Druid1.0)
P 1009.1780, 1434.9749, 381.4381,  127, 0, 0,  2,  Dark_Elf_Corrupter(Rng1.0)
P 2887.8154, 4123.1338, -78.1015,  127, 64, 0,  2,  Eat_Cake
