L -113.645, 158.6731, 20.5077, -113.623, 164.6265, 21.285, 0, 240, 0
L -113.625, 157.2325, 20.5077, -113.645, 158.6731, 20.5077, 0, 240, 0
L -141.5449, 157.2341, 20.5078, -113.625, 157.2325, 20.5077, 0, 240, 0
L -141.8059, 202.3362, 20.5077, -141.5449, 157.2341, 20.5078, 0, 240, 0
L -115.6024, 202.3492, 20.5078, -141.8059, 202.3362, 20.5077, 0, 240, 0
L -114.3919, 201.1251, 20.5078, -115.6024, 202.3492, 20.5078, 0, 240, 0
L -114.188, 199.5407, 20.9592, -114.3919, 201.1251, 20.5078, 0, 240, 0
L -112.3893, 199.254, 21.4802, -114.188, 199.5407, 20.9592, 0, 240, 0
L -110.4451, 199.7, 21.4802, -112.3893, 199.254, 21.4802, 0, 240, 0
L -109.1345, 199.5849, 21.4802, -110.4451, 199.7, 21.4802, 0, 240, 0
L -108.8123, 201.5563, 21.4802, -109.1345, 199.5849, 21.4802, 0, 240, 0
L -109.3391, 203.4389, 21.4802, -108.8123, 201.5563, 21.4802, 0, 240, 0
L -110.7588, 204.84, 21.4802, -109.3391, 203.4389, 21.4802, 0, 240, 0
L -124.9444, 204.967, 21.4802, -110.7588, 204.84, 21.4802, 0, 240, 0
L -125.2203, 228.9977, 21.4802, -124.9444, 204.967, 21.4802, 0, 240, 0
L -123.7104, 230.1254, 21.4802, -125.2203, 228.9977, 21.4802, 0, 240, 0
L -123.783, 232.936, 21.4802, -123.7104, 230.1254, 21.4802, 0, 240, 0
L -124.3699, 233.6632, 21.4802, -123.783, 232.936, 21.4802, 0, 240, 0
L -126.2744, 233.8102, 21.4789, -124.3699, 233.6632, 21.4802, 0, 240, 0
L -136.1171, 233.3273, 21.4802, -126.2744, 233.8102, 21.4789, 0, 240, 0
L -153.6308, 233.5766, 21.4802, -151.5613, 233.7504, 21.4802, 0, 240, 0
L -154.1889, 231.6392, 20.7287, -153.6308, 233.5766, 21.4802, 0, 240, 0
L -150.2961, 233.4148, 21.4802, -135.184, 233.3273, 21.4802, 0, 240, 0
L -152.2333, 233.755, 21.4802, -150.2961, 233.4148, 21.4802, 0, 240, 0
L -153.7899, 229.9389, 21.4802, -154.2411, 231.7792, 21.505, 0, 240, 0
L -153.3201, 222.7532, 21.4798, -153.7899, 229.9389, 21.4802, 0, 240, 0
L -153.3095, 221.1427, 21.4791, -153.3201, 222.7532, 21.4798, 0, 240, 0
L -204.223, 221.1844, 25.5425, -153.3095, 221.1427, 21.4791, 0, 240, 0
L -205.7596, 221.1808, 25.5425, -204.223, 221.1844, 25.5425, 0, 240, 0
L -205.9978, 253.3214, 19.2376, -205.7596, 221.1808, 25.5425, 0, 240, 0
L -206.24, 254.8211, 19.2375, -205.9978, 253.3214, 19.2376, 0, 240, 0
L -185.4442, 254.7726, 19.2397, -206.24, 254.8211, 19.2375, 0, 240, 0
L -155.6255, 254.7779, 20.7312, -185.4442, 254.7726, 19.2397, 0, 240, 0
L -153.7633, 254.7812, 21.482, -155.6255, 254.7779, 20.7312, 0, 240, 0
L -153.3186, 248.1671, 21.4802, -153.7633, 254.7812, 21.482, 0, 240, 0
L -153.6127, 246.223, 21.4802, -153.3186, 248.1671, 21.4802, 0, 240, 0
L -154.2596, 244.4038, 20.7287, -153.6127, 246.223, 21.4802, 0, 240, 0
L -153.7827, 242.4816, 21.4802, -154.2596, 244.4038, 20.7287, 0, 240, 0
L -150.7968, 242.2531, 21.4802, -153.7827, 242.4816, 21.4802, 0, 240, 0
L -141.2016, 242.6665, 21.4802, -150.7968, 242.2531, 21.4802, 0, 240, 0
L -129.4308, 242.5714, 21.4802, -141.2016, 242.6665, 21.4802, 0, 240, 0
L -127.9675, 242.3213, 21.4802, -129.4308, 242.5714, 21.4802, 0, 240, 0
L -126.93, 242.163, 21.4802, -127.9675, 242.3213, 21.4802, 0, 240, 0
L -124.1766, 241.8305, 21.4802, -126.93, 242.163, 21.4802, 0, 240, 0
L -123.6517, 243.6245, 21.4802, -124.1766, 241.8305, 21.4802, 0, 240, 0
L -123.7823, 244.9507, 21.4802, -123.6517, 243.6245, 21.4802, 0, 240, 0
L -124.7259, 246.3354, 21.4802, -123.7823, 244.9507, 21.4802, 0, 240, 0
L -125.2206, 270.4585, 21.4802, -124.7259, 246.3354, 21.4802, 0, 240, 0
L -123.2822, 270.6714, 21.4802, -125.2206, 270.4585, 21.4802, 0, 240, 0
L -111.7883, 270.6634, 21.4802, -123.2822, 270.6714, 21.4802, 0, 240, 0
L -110.96, 271.4476, 21.4802, -111.7883, 270.6634, 21.4802, 0, 240, 0
L -108.9475, 272.9716, 21.4802, -110.96, 271.4476, 21.4802, 0, 240, 0
L -108.9405, 274.9187, 21.4802, -108.9475, 272.9716, 21.4802, 0, 240, 0
L -109.6167, 276.6331, 21.4802, -108.9405, 274.9187, 21.4802, 0, 240, 0
L -111.6769, 276.7445, 21.4802, -109.6167, 276.6331, 21.4802, 0, 240, 0
L -113.4684, 276.7352, 20.9524, -111.6769, 276.7445, 21.4802, 0, 240, 0
L -114.3883, 275.2599, 20.5078, -113.4684, 276.7352, 20.9524, 0, 240, 0
L -114.3875, 273.3716, 20.5078, -114.3883, 275.2599, 20.5078, 0, 240, 0
L -141.5261, 273.2975, 20.5078, -114.3875, 273.3716, 20.5078, 0, 240, 0
L -141.806, 318.3989, 20.5077, -141.5261, 273.2975, 20.5078, 0, 240, 0
L -141.355, 317.4449, 20.5078, -141.806, 318.3989, 20.5077, 0, 240, 0
L -141.442, 315.9811, 20.5078, -141.355, 317.4449, 20.5078, 0, 240, 0
L -133.9608, 315.6689, 20.5077, -141.442, 315.9811, 20.5078, 0, 240, 0
L -132.2694, 316.2837, 20.4493, -133.9608, 315.6689, 20.5077, 0, 240, 0
L -132.1134, 318.2558, 20.5077, -132.2694, 316.2837, 20.4493, 0, 240, 0
L -113.2951, 318.3978, 20.5077, -132.1134, 318.2558, 20.5077, 0, 240, 0
L -113.665, 289.4882, 20.5964, -113.2951, 318.3978, 20.5077, 0, 240, 0
L -113.4485, 287.6963, 20.9524, -113.665, 289.4882, 20.5964, 0, 240, 0
L -114.3871, 285.9662, 20.5078, -113.4485, 287.6963, 20.9524, 0, 240, 0
L -114.4202, 284.1143, 20.5078, -114.3871, 285.9662, 20.5078, 0, 240, 0
L -113.8935, 282.3831, 20.5078, -114.4202, 284.1143, 20.5078, 0, 240, 0
L -111.6972, 282.5287, 21.4802, -113.8935, 282.3831, 20.5078, 0, 240, 0
L -110.764, 282.5686, 21.4802, -111.6972, 282.5287, 21.4802, 0, 240, 0
L -108.9508, 283.9714, 21.4802, -110.764, 282.5686, 21.4802, 0, 240, 0
L -108.9506, 285.9245, 21.4802, -108.9508, 283.9714, 21.4802, 0, 240, 0
L 22.4689, 286.448, 21.4802, -108.9506, 285.9245, 21.4802, 0, 240, 0
L -179.4575, 201.9964, 1.7332, -180.3212, 201.7933, 1.532, 0, 0, 0
L -125.494, 201.5098, 1.8017, -179.4575, 201.9964, 1.7332, 0, 0, 0
L -119.4491, 201.6859, 1.8052, -125.494, 201.5098, 1.8017, 0, 0, 0
L -117.5777, 201.4929, 0.9962, -119.4491, 201.6859, 1.8052, 0, 0, 0
L -116.5852, 200.1423, 0.9962, -117.5777, 201.4929, 0.9962, 0, 0, 0
L -114.6157, 200.4841, -0.7624, -116.5852, 200.1423, 0.9962, 0, 0, 0
L -113.3098, 200.9489, -0.7624, -114.6157, 200.4841, -0.7624, 0, 0, 0
L -112.8405, 204.683, -0.7624, -113.3098, 200.9489, -0.7624, 0, 0, 0
L -113.1252, 205.8559, -0.7624, -112.8405, 204.683, -0.7624, 0, 0, 0
L -114.7086, 207.415, -0.7624, -113.1252, 205.8559, -0.7624, 0, 0, 0
L -115.1375, 267.1261, -0.7624, -114.7086, 207.415, -0.7624, 0, 0, 0
L -114.4673, 268.7465, -0.7624, -115.1375, 267.1261, -0.7624, 0, 0, 0
L -112.9783, 269.7909, -0.7624, -114.4673, 268.7465, -0.7624, 0, 0, 0
L -112.9388, 273.8731, -0.7624, -112.9783, 269.7909, -0.7624, 0, 0, 0
L -113.9596, 274.9916, -0.7624, -112.9388, 273.8731, -0.7624, 0, 0, 0
L -115.9402, 275.201, 0.9962, -113.9596, 274.9916, -0.7624, 0, 0, 0
L -117.5628, 274.101, 1.7599, -115.9402, 275.201, 0.9962, 0, 0, 0
L -122.7879, 274.4218, 1.7983, -117.5628, 274.101, 1.7599, 0, 0, 0
L -179.2308, 273.9651, 1.7815, -122.7879, 274.4218, 1.7983, 0, 0, 0
L -184.3863, 275.1807, 0.6235, -179.2308, 273.9651, 1.7815, 255, 0, 123
L -186.3152, 275.6351, -0.5175, -184.3863, 275.1807, 0.6235, 255, 0, 123
L -190.8248, 278.3788, -2.358, -186.3152, 275.6351, -0.5175, 255, 0, 123
L -192.4749, 279.3792, -2.362, -190.8248, 278.3788, -2.358, 255, 0, 123
L -195.9671, 283.4377, -3.6756, -192.4749, 279.3792, -2.362, 255, 0, 123
L -197.1881, 284.8539, -2.9226, -195.9671, 283.4377, -3.6756, 255, 0, 123
L -199.8274, 291.1657, -4.2115, -197.1881, 284.8539, -2.9226, 255, 0, 123
L -200.2886, 299.875, -5.8655, -199.8274, 291.1657, -4.2115, 255, 0, 123
L -199.3511, 303.8381, -6.6923, -200.2886, 299.875, -5.8655, 255, 0, 123
L -198.9056, 305.7269, -7.2023, -199.3511, 303.8381, -6.6923, 255, 0, 123
L -196.1456, 310.2649, -8.3673, -198.9056, 305.7269, -7.2023, 255, 0, 123
L -195.1605, 311.8872, -9.1462, -196.1456, 310.2649, -8.3673, 255, 0, 123
L -191.6286, 314.9261, -10.9961, -195.1605, 311.8872, -9.1462, 255, 0, 123
L -190.1836, 316.1693, -10.9961, -191.6286, 314.9261, -10.9961, 255, 0, 123
L -185.4812, 318.3568, -11.444, -190.1836, 316.1693, -10.9961, 255, 0, 123
L -183.6944, 319.1034, -11.3988, -185.4812, 318.3568, -11.444, 255, 0, 123
L -176.8042, 319.8942, -12.7044, -183.6944, 319.1034, -11.3988, 255, 0, 123
L -170.6526, 318.7481, -14.396, -176.8042, 319.8942, -12.7044, 255, 0, 123
L -168.8162, 318.3154, -14.5905, -170.6526, 318.7481, -14.396, 255, 0, 123
L -162.6503, 314.5674, -17.5079, -168.8162, 318.3154, -14.5905, 255, 0, 123
L -159.1929, 310.5471, -18.3278, -162.6503, 314.5674, -17.5079, 255, 0, 123
L -157.9428, 309.955, -17.5559, -159.1929, 310.5471, -18.3278, 255, 0, 123
L -155.3332, 302.8534, -18.779, -157.9428, 309.955, -17.5559, 255, 0, 123
L -154.8582, 294.144, -20.5351, -155.3332, 302.8534, -18.779, 255, 0, 123
L -155.788, 290.837, -21.3581, -154.8582, 294.144, -20.5351, 255, 0, 123
L -156.2256, 288.2266, -21.9468, -155.788, 290.837, -21.3581, 255, 0, 123
L -158.9857, 283.6897, -24.86, -156.2256, 288.2266, -21.9468, 255, 0, 123
L -159.9684, 282.684, -24.4799, -158.9857, 283.6897, -24.86, 255, 0, 123
L -163.6299, 278.9184, -25.6482, -159.9684, 282.684, -24.4799, 255, 0, 123
L -164.9244, 277.8047, -24.9812, -163.6299, 278.9184, -25.6482, 255, 0, 123
L -172.128, 274.5565, -26.2121, -164.9244, 277.8047, -24.9812, 255, 0, 123
L -182.4345, 272.9988, -27.8023, -172.128, 274.5565, -26.2121, 255, 0, 123
L -213.2331, 272.9941, -27.7993, -182.4345, 272.9988, -27.8023, 255, 0, 123
L -215.5584, 273.7015, -30.5415, -213.2331, 272.9941, -27.7993, 255, 0, 123
L -216.795, 274.56, -32.3596, -215.5584, 273.7015, -30.5415, 255, 0, 123
L -218.3076, 274.15, -32.3596, -216.795, 274.56, -32.3596, 255, 0, 123
L -219.9773, 273.1775, -33.2426, -218.3076, 274.15, -32.3596, 255, 0, 123
L -220.8076, 271.4257, -33.2421, -219.9773, 273.1775, -33.2426, 255, 0, 123
L -222.3359, 272.6302, -32.8487, -220.8076, 271.4257, -33.2421, 255, 0, 123
L -223.8359, 273.2293, -34.4992, -222.3359, 272.6302, -32.8487, 255, 0, 123
L -225.693, 272.3315, -33.5882, -223.8359, 273.2293, -34.4992, 255, 0, 123
L -227.4009, 271.4585, -32.8793, -225.693, 272.3315, -33.5882, 255, 0, 123
L -228.5947, 270.218, -34.4992, -227.4009, 271.4585, -32.8793, 255, 0, 123
L -227.787, 268.5373, -34.4215, -228.5947, 270.218, -34.4992, 255, 0, 123
L -228.3957, 267.9352, -34.4992, -227.787, 268.5373, -34.4215, 255, 0, 123
L -229.7412, 266.588, -34.4992, -228.3957, 267.9352, -34.4992, 255, 0, 123
L -230.8969, 265.2155, -34.4992, -229.7412, 266.588, -34.4992, 255, 0, 123
L -232.7033, 261.798, -34.4992, -230.8969, 265.2155, -34.4992, 255, 0, 123
L -232.9836, 260.1775, -34.4992, -232.7033, 261.798, -34.4992, 255, 0, 123
L -233.4782, 242.5706, -34.4992, -232.9836, 260.1775, -34.4992, 255, 0, 123
L -233.9464, 240.7083, -34.5133, -233.4782, 242.5706, -34.4992, 255, 0, 123
L -234.2646, 238.5229, -34.505, -233.9464, 240.7083, -34.5133, 255, 0, 123
L -234.263, 236.6839, -34.5031, -234.2646, 238.5229, -34.505, 255, 0, 123
L -233.5317, 234.9345, -33.193, -234.263, 236.6839, -34.5031, 255, 0, 123
L -233.484, 215.9712, -34.4992, -233.5317, 234.9345, -33.193, 255, 0, 123
L -232.7346, 214.1208, -34.4992, -233.484, 215.9712, -34.4992, 255, 0, 123
L -231.201, 210.7564, -34.4992, -232.7346, 214.1208, -34.4992, 255, 0, 123
L -230.172, 209.4173, -34.4992, -231.201, 210.7564, -34.4992, 255, 0, 123
L -228.8143, 208.2176, -34.4992, -230.172, 209.4173, -34.4992, 255, 0, 123
L -228.7001, 206.3594, -34.4992, -228.8143, 208.2176, -34.4992, 255, 0, 123
L -227.5654, 202.9618, -34.4992, -228.7001, 206.3594, -34.4992, 255, 0, 123
L -224.4782, 202.5427, -32.7918, -227.5654, 202.9618, -34.4992, 255, 0, 123
L -222.7008, 202.8897, -34.4992, -224.4782, 202.5427, -32.7918, 255, 0, 123
L -220.9413, 203.8057, -28.229, -222.7008, 202.8897, -34.4992, 255, 0, 123
L -219.3643, 203.12, -27.8091, -220.9413, 203.8057, -28.229, 255, 0, 123
L -183.9428, 203.124, -27.8023, -219.3643, 203.12, -27.8091, 255, 0, 123
L -172.1706, 201.4652, -26.151, -183.9428, 203.124, -27.8023, 255, 0, 123
L -167.838, 199.3426, -25.1219, -172.1706, 201.4652, -26.151, 255, 0, 123
L -165.4678, 198.6699, -25.4905, -167.838, 199.3426, -25.1219, 255, 0, 123
L -161.4941, 195.2557, -24.8284, -165.4678, 198.6699, -25.4905, 255, 0, 123
L -159.9906, 193.9686, -23.3562, -161.4941, 195.2557, -24.8284, 255, 0, 123
L -157.4867, 189.8534, -22.7982, -159.9906, 193.9686, -23.3562, 255, 0, 123
L -156.4499, 188.1528, -21.8187, -157.4867, 189.8534, -22.7982, 255, 0, 123
L -155.8867, 186.3271, -21.3125, -156.4499, 188.1528, -21.8187, 255, 0, 123
L -155.4833, 184.63, -20.98, -155.8867, 186.3271, -21.3125, 255, 0, 123
L -155.9, 175.511, -19.728, -155.4833, 184.63, -20.98, 255, 0, 123
L -155.1442, 173.7267, -18.8165, -155.9, 175.511, -19.728, 255, 0, 123
L -157.245, 168.5868, -17.7806, -155.1442, 173.7267, -18.8165, 255, 0, 123
L -157.9298, 166.9381, -18.3601, -157.245, 168.5868, -17.7806, 255, 0, 123
L -161.4972, 162.7843, -17.5079, -157.9298, 166.9381, -18.3601, 255, 0, 123
L -162.6328, 161.4576, -16.15, -161.4972, 162.7843, -17.5079, 255, 0, 123
L -167.1571, 158.7035, -15.459, -162.6328, 161.4576, -16.15, 255, 0, 123
L -168.7939, 157.704, -14.3332, -167.1571, 158.7035, -15.459, 255, 0, 123
L -175.765, 156.2151, -13.203, -168.7939, 157.704, -14.3332, 255, 0, 123
L -180.3568, 156.4096, -11.8747, -175.765, 156.2151, -13.203, 255, 0, 123
L -182.3011, 156.5671, -11.5683, -180.3568, 156.4096, -11.8747, 255, 0, 123
L -187.8283, 158.6325, -10.5535, -182.3011, 156.5671, -11.5683, 255, 0, 123
L -189.6651, 159.3994, -10.9961, -187.8283, 158.6325, -10.5535, 255, 0, 123
L -193.6331, 162.8051, -10.1761, -189.6651, 159.3994, -10.9961, 255, 0, 123
L -195.1458, 164.1037, -8.6996, -193.6331, 162.8051, -10.1761, 255, 0, 123
L -196.9317, 167.414, -8.5968, -195.1458, 164.1037, -8.6996, 255, 0, 123
L -197.9069, 168.6447, -7.6416, -196.9317, 167.414, -8.5968, 255, 0, 123
L -198.729, 170.681, -7.674, -197.9069, 168.6447, -7.6416, 255, 0, 123
L -199.7024, 173.6665, -6.266, -198.729, 170.681, -7.674, 255, 0, 123
L -200.1315, 182.5853, -4.5652, -199.7024, 173.6665, -6.266, 255, 0, 123
L -199.9783, 184.4781, -4.2032, -200.1315, 182.5853, -4.5652, 255, 0, 123
L -197.9322, 189.3745, -3.1951, -199.9783, 184.4781, -4.2032, 255, 0, 123
L -197.1989, 191.1382, -3.6756, -197.9322, 189.3745, -3.1951, 255, 0, 123
L -193.6976, 195.2093, -2.1802, -197.1989, 191.1382, -3.6756, 255, 0, 123
L -192.5047, 196.6046, -1.472, -193.6976, 195.2093, -2.1802, 255, 0, 123
L -188.341, 199.141, -0.2878, -192.5047, 196.6046, -1.472, 255, 0, 123
L -187.322, 199.937, -0.289, -188.341, 199.141, -0.2878, 255, 0, 123
L -179.9447, 201.8826, 1.613, -187.322, 199.937, -0.289, 255, 0, 123
L 61.6216, 207.7144, 13.5176, 63.3943, 207.7115, 12.8307, 0, 240, 0
L 59.8943, 207.7124, 13.9741, 61.6216, 207.7144, 13.5176, 0, 240, 0
L 56.2075, 208.122, 15.2376, 59.8943, 207.7124, 13.9741, 0, 240, 0
L 54.5116, 208.3951, 15.6689, 56.2075, 208.122, 15.2376, 0, 240, 0
L 52.4538, 208.5403, 18.2674, 54.5116, 208.3951, 15.6689, 0, 240, 0
L 42.1259, 208.328, 19.5996, 52.4538, 208.5403, 18.2674, 0, 240, 0
L 85.1773, 207.7151, 5.79, 58.7672, 207.7118, 14.3031, 0, 240, 0
L 86.9925, 207.9073, 5.3158, 85.1773, 207.7151, 5.79, 0, 240, 0
L 88.8281, 208.5361, 4.5457, 86.9925, 207.9073, 5.3158, 0, 240, 0
L 98.676, 208.5315, 3.8677, 88.8281, 208.5361, 4.5457, 0, 240, 0
L 100.4501, 208.5323, 3.8677, 98.676, 208.5315, 3.8677, 0, 240, 0
L 100.8302, 230.9944, 0.2376, 100.4501, 208.5323, 3.8677, 0, 240, 0
L 101.1723, 232.7202, -0.7624, 100.8302, 230.9944, 0.2376, 0, 0, 0
L 107.5033, 233.1433, -0.7624, 101.1723, 232.7202, -0.7624, 0, 0, 0
L 92.9539, 255.2844, 3.8205, 92.9523, 244.6843, 0.2376, 0, 240, 0
L 92.9625, 257.2097, 3.8557, 92.9539, 255.2844, 3.8205, 0, 240, 0
L 91.8984, 258.8238, 3.8557, 92.9625, 257.2097, 3.8557, 0, 240, 0
L 89.9552, 258.8226, 4.391, 91.8984, 258.8238, 3.8557, 0, 240, 0
L 88.1359, 258.1324, 4.9448, 89.9552, 258.8226, 4.391, 0, 240, 0
L 83.4989, 257.9048, 6.4196, 88.1359, 258.1324, 4.9448, 0, 240, 0
L 21.4671, 273.1335, 21.4802, 0.8721, 273.1318, 21.4802, 0, 240, 0
L 23.3623, 273.2893, 21.4786, 21.4671, 273.1335, 21.4802, 0, 240, 0
L 25.1606, 274.151, 21.4802, 23.3623, 273.2893, 21.4786, 0, 240, 0
L 27.692, 273.6997, 21.4854, 25.1606, 274.151, 21.4802, 0, 240, 0
L 27.5261, 271.7712, 21.4802, 27.692, 273.6997, 21.4854, 0, 240, 0
L 26.9445, 270.79, 21.4814, 27.5261, 271.7712, 21.4802, 0, 240, 0
L 26.4652, 259.7656, 20.7407, 26.9445, 270.79, 21.4814, 0, 240, 0
L 26.4623, 257.8917, 20.7407, 26.4652, 259.7656, 20.7407, 0, 240, 0
L 83.2163, 257.91, 6.3471, 26.4623, 257.8917, 20.7407, 0, 240, 0
L 85.1989, 257.9098, 5.7355, 83.2163, 257.91, 6.3471, 0, 240, 0
L 93.27, 244.1674, -0.7624, 92.9525, 244.9638, 0.2376, 0, 0, 0
L 91.9677, 242.5097, -0.7624, 93.27, 244.1674, -0.7624, 0, 0, 0
L 90.811, 241.8936, -0.7624, 91.9677, 242.5097, -0.7624, 0, 0, 0
L 88.1184, 241.9901, -0.7624, 90.811, 241.8936, -0.7624, 0, 0, 0
L 86.3376, 242.3473, -0.7624, 88.1184, 241.9901, -0.7624, 0, 0, 0
L 85.8632, 245.962, -0.7624, 86.3376, 242.3473, -0.7624, 0, 0, 0
L 86.229, 247.4879, -0.7624, 85.8632, 245.962, -0.7624, 0, 0, 0
L 87.5267, 248.6927, -0.7624, 86.229, 247.4879, -0.7624, 0, 0, 0
L 88.263, 252.9966, -0.7624, 87.5267, 248.6927, -0.7624, 0, 0, 0
L 88.88, 254.7652, -0.7741, 88.263, 252.9966, -0.7624, 0, 0, 0
L 26.619, 254.8, -0.7624, 88.88, 254.7652, -0.7741, 0, 0, 0
L 24.7437, 254.912, -0.7624, 26.619, 254.8, -0.7624, 0, 0, 0
L 24.2896, 269.3032, -0.7624, 24.7437, 254.912, -0.7624, 0, 0, 0
L 24.9299, 273.8716, -0.7624, 24.2896, 269.3032, -0.7624, 0, 0, 0
L 25.3299, 275.4615, -0.7624, 24.9299, 273.8716, -0.7624, 0, 0, 0
L 32.4106, 275.879, -0.7624, 25.3299, 275.4615, -0.7624, 0, 0, 0
L 34.165, 275.6229, -0.7624, 32.4106, 275.879, -0.7624, 0, 0, 0
L 34.5031, 273.6696, -0.7624, 34.165, 275.6229, -0.7624, 0, 0, 0
L 34.5031, 271.7124, -0.7624, 34.5031, 273.6696, -0.7624, 0, 0, 0
L 87.5337, 271.5181, -0.7625, 34.5031, 271.7124, -0.7624, 0, 0, 0
L 88.297, 286.1078, -0.7624, 87.5337, 271.5181, -0.7625, 0, 0, 0
L 35.9615, 286.1043, -0.7624, 88.297, 286.1078, -0.7624, 0, 0, 0
L 34.5168, 285.1413, -0.7624, 35.9615, 286.1043, -0.7624, 0, 0, 0
L 34.2038, 283.2468, -0.7624, 34.5168, 285.1413, -0.7624, 0, 0, 0
L 28.4317, 282.7208, -0.7624, 34.2038, 283.2468, -0.7624, 0, 0, 0
L 26.4497, 282.8186, -0.7624, 28.4317, 282.7208, -0.7624, 0, 0, 0
L 25.308, 284.1163, -0.7624, 26.4497, 282.8186, -0.7624, 0, 0, 0
L 25.319, 285.9759, -0.7624, 25.308, 284.1163, -0.7624, 0, 0, 0
L -3.6048, 286.1048, -0.7624, 25.319, 285.9759, -0.7624, 0, 0, 0
L -4.5594, 284.3978, -0.7624, -3.6048, 286.1048, -0.7624, 0, 0, 0
L -4.2914, 282.8528, -0.7624, -4.5594, 284.3978, -0.7624, 0, 0, 0
L -6.6566, 283.2936, 0.9777, -4.2914, 282.8528, -0.7624, 0, 0, 0
L -8.147, 283.5464, 1.3179, -6.6566, 283.2936, 0.9777, 0, 0, 0
L -9.7622, 284.2033, 1.4683, -8.147, 283.5464, 1.3179, 0, 0, 0
L -10.4811, 286.674, -0.7624, -9.7622, 284.2033, 1.4683, 0, 0, 0
L -49.2912, 286.107, -0.7624, -10.4811, 286.674, -0.7624, 0, 0, 0
L -49.654, 284.271, -0.7624, -49.2912, 286.107, -0.7624, 0, 0, 0
L -49.7635, 282.2427, -0.7624, -49.654, 284.271, -0.7624, 0, 0, 0
L -52.403, 282.9644, 1.751, -49.7635, 282.2427, -0.7624, 0, 0, 0
L -53.6507, 283.4748, 1.3973, -52.403, 282.9644, 1.751, 0, 0, 0
L -55.506, 284.5484, 1.2689, -53.6507, 283.4748, 1.3973, 0, 0, 0
L -55.5138, 286.1078, -0.7624, -55.506, 284.5484, 1.2689, 0, 0, 0
L -88.3049, 286.1053, -0.7624, -55.5138, 286.1078, -0.7624, 0, 0, 0
L -90.109, 285.4655, -0.7624, -88.3049, 286.1053, -0.7624, 0, 0, 0
L -91.3201, 283.9082, -0.7624, -90.109, 285.4655, -0.7624, 0, 0, 0
L -93.2138, 283.4173, 1.454, -91.3201, 283.9082, -0.7624, 0, 0, 0
L -94.9193, 284.2443, 1.4713, -93.2138, 283.4173, 1.454, 0, 0, 0
L -95.6316, 285.9925, -0.7624, -94.9193, 284.2443, 1.4713, 0, 0, 0
L -111.1525, 286.1037, -0.7624, -95.6316, 285.9925, -0.7624, 0, 0, 0
L -112.9947, 285.314, -0.7624, -111.1525, 286.1037, -0.7624, 0, 0, 0
L -114.4964, 284.435, 0.4318, -112.9947, 285.314, -0.7624, 0, 0, 0
L -116.3705, 284.216, 0.9962, -114.4964, 284.435, 0.4318, 0, 0, 0
L -117.6714, 285.7094, 0.9962, -116.3705, 284.216, 0.9962, 0, 0, 0
L -168.7923, 285.658, 0.9962, -117.6714, 285.7094, 0.9962, 0, 0, 0
L -178.367, 284.2497, 0.9962, -168.7923, 285.658, 0.9962, 0, 0, 0
L -178.9208, 284.3303, 0.9569, -178.367, 284.2497, 0.9962, 255, 0, 123
L -180.8309, 284.6401, 0.2393, -178.9208, 284.3303, 0.9569, 255, 0, 123
L -182.7531, 285.1831, -1.2766, -180.8309, 284.6401, 0.2393, 255, 0, 123
L -184.1237, 285.8786, -1.2781, -182.7531, 285.1831, -1.2766, 255, 0, 123
L -185.3617, 286.3947, -2.358, -184.1237, 285.8786, -1.2781, 255, 0, 123
L -187.4358, 288.4008, -2.8557, -185.3617, 286.3947, -2.358, 255, 0, 123
L -188.6818, 289.6465, -3.6756, -187.4358, 288.4008, -2.8557, 255, 0, 123
L -190.4668, 292.9304, -5.228, -188.6818, 289.6465, -3.6756, 255, 0, 123
L -190.7935, 300.378, -7.811, -190.4668, 292.9304, -5.228, 255, 0, 123
L -190.4519, 301.7488, -7.838, -190.7935, 300.378, -7.811, 255, 0, 123
L -188.8054, 305.1012, -9.3562, -190.4519, 301.7488, -7.838, 255, 0, 123
L -187.1901, 306.7176, -10.1761, -188.8054, 305.1012, -9.3562, 255, 0, 123
L -185.9019, 308.781, -10.9961, -187.1901, 306.7176, -10.1761, 255, 0, 123
L -183.4534, 309.3274, -11.6704, -185.9019, 308.781, -10.9961, 255, 0, 123
L -182.2096, 309.999, -12.3435, -183.4534, 309.3274, -11.6704, 255, 0, 123
L -179.9685, 310.3716, -13.24, -182.2096, 309.999, -12.3435, 255, 0, 123
L -178.4292, 310.6127, -13.6597, -179.9685, 310.3716, -13.24, 255, 0, 123
L -176.798, 310.3919, -14.413, -178.4292, 310.6127, -13.6597, 255, 0, 123
L -174.2937, 310.2266, -15.1699, -176.798, 310.3919, -14.413, 255, 0, 123
L -172.2646, 309.2278, -15.929, -174.2937, 310.2266, -15.1699, 255, 0, 123
L -170.6718, 308.4126, -16.688, -172.2646, 309.2278, -15.929, 255, 0, 123
L -169.1621, 307.1526, -17.5079, -170.6718, 308.4126, -16.688, 255, 0, 123
L -167.8275, 305.8163, -18.3278, -169.1621, 307.1526, -17.5079, 255, 0, 123
L -166.798, 304.3698, -19.15, -167.8275, 305.8163, -18.3278, 255, 0, 123
L -165.9834, 302.7758, -19.6752, -166.798, 304.3698, -19.15, 255, 0, 123
L -165.2901, 301.1721, -19.6768, -165.9834, 302.7758, -19.6752, 255, 0, 123
L -164.848, 296.4991, -21.1615, -165.2901, 301.1721, -19.6768, 255, 0, 123
L -165.1571, 294.5769, -21.7334, -164.848, 296.4991, -21.1615, 255, 0, 123
L -165.6423, 292.7572, -22.4921, -165.1571, 294.5769, -21.7334, 255, 0, 123
L -167.4564, 289.4227, -24.86, -165.6423, 292.7572, -22.4921, 255, 0, 123
L -168.8523, 288.24, -24.8288, -167.4564, 289.4227, -24.86, 255, 0, 123
L -169.9441, 286.8288, -25.6483, -168.8523, 288.24, -24.8288, 255, 0, 123
L -173.7249, 284.8647, -26.9957, -169.9441, 286.8288, -25.6483, 255, 0, 123
L -178.1127, 284.2049, -28.6335, -173.7249, 284.8647, -26.9957, 255, 0, 123
L -181.3619, 284.4112, -28.6335, -178.1127, 284.2049, -28.6335, 255, 0, 123
L -183.2627, 284.1666, -28.6335, -181.3619, 284.4112, -28.6335, 255, 0, 123
L -202.9584, 284.294, -29.6123, -183.2627, 284.1666, -28.6335, 255, 0, 123
L -212.6962, 284.33, -30.5415, -202.9584, 284.294, -29.6123, 255, 0, 123
L -219.6674, 284.3582, -33.2426, -212.6962, 284.33, -30.5415, 255, 0, 123
L -225.5152, 283.7305, -34.4992, -219.6674, 284.3582, -33.2426, 255, 0, 123
L -227.3, 283.4513, -34.4992, -225.5152, 283.7305, -34.4992, 255, 0, 123
L -232.6424, 280.8713, -34.4992, -227.3, 283.4513, -34.4992, 255, 0, 123
L -234.5741, 280.6166, -34.4986, -232.6424, 280.8713, -34.4992, 255, 0, 123
L -255.1328, 301.5142, -34.499, -234.5741, 280.6166, -34.4986, 255, 0, 123
L -256.6908, 302.3745, -34.4992, -255.1328, 301.5142, -34.499, 255, 0, 123
L -258.4259, 301.6976, -34.4992, -256.6908, 302.3745, -34.4992, 255, 0, 123
L -259.824, 302.9633, -35.1925, -258.4259, 301.6976, -34.4992, 255, 0, 123
L -260.9897, 304.1261, -35.6054, -259.824, 302.9633, -35.1925, 255, 0, 123
L -261.772, 306.1, -35.6054, -260.9897, 304.1261, -35.6054, 255, 0, 123
L -259.572, 307.3987, -35.6054, -261.772, 306.1, -35.6054, 255, 0, 123
L -257.8142, 307.7841, -35.6054, -259.572, 307.3987, -35.6054, 255, 0, 123
L -237.1727, 328.81, -35.6052, -257.8142, 307.7841, -35.6054, 255, 0, 123
L -290.5086, 381.4169, -35.6052, -237.1727, 328.81, -35.6052, 255, 0, 123
L -322.4019, 349.5246, -35.6052, -290.5086, 381.4169, -35.6052, 255, 0, 123
L -298.5083, 325.6191, -35.6054, -322.4019, 349.5246, -35.6052, 255, 0, 123
L -294.7943, 327.3596, -32.5315, -298.5083, 325.6191, -35.6054, 255, 0, 123
L -293.377, 327.9879, -32.2338, -294.7943, 327.3596, -32.5315, 255, 0, 123
L -291.4814, 327.737, -34.745, -293.377, 327.9879, -32.2338, 255, 0, 123
L -286.6147, 322.4979, -33.8372, -291.4814, 327.737, -34.745, 255, 0, 123
L -285.4023, 321.1268, -33.6595, -286.6147, 322.4979, -33.8372, 255, 0, 123
L -285.333, 319.4168, -35.6054, -285.4023, 321.1268, -33.6595, 255, 0, 123
L -286.1811, 318.187, -35.6054, -285.333, 319.4168, -35.6054, 255, 0, 123
L -287.4427, 316.9098, -35.3408, -286.1811, 318.187, -35.6054, 255, 0, 123
L -288.9101, 316.135, -35.1965, -287.4427, 316.9098, -35.3408, 255, 0, 123
L -270.8226, 297.92, -35.6054, -288.9101, 316.135, -35.1965, 255, 0, 123
L -268.9006, 297.9406, -35.6054, -270.8226, 297.92, -35.6054, 255, 0, 123
L -266.4259, 300.6351, -35.6054, -268.9006, 297.9406, -35.6054, 255, 0, 123
L -264.7201, 299.9205, -34.5617, -266.4259, 300.6351, -35.6054, 255, 0, 123
L -263.5008, 298.5067, -34.4992, -264.7201, 299.9205, -34.5617, 255, 0, 123
L -262.6295, 297.414, -34.4992, -263.5008, 298.5067, -34.4992, 255, 0, 123
L -263.7864, 295.4352, -34.4992, -262.6295, 297.414, -34.4992, 255, 0, 123
L -242.8135, 273.1277, -34.4992, -263.7864, 295.4352, -34.4992, 255, 0, 123
L -242.1617, 271.7411, -34.4992, -242.8135, 273.1277, -34.4992, 255, 0, 123
L -245.264, 265.8872, -34.4992, -242.1617, 271.7411, -34.4992, 255, 0, 123
L -246.5276, 256.8568, -34.4992, -245.264, 265.8872, -34.4992, 255, 0, 123
L -247.3523, 254.4014, -33.1045, -246.5276, 256.8568, -34.4992, 255, 0, 123
L -247.8538, 252.9238, -32.8629, -247.3523, 254.4014, -33.1045, 255, 0, 123
L -247.9151, 251.2852, -34.4992, -247.8538, 252.9238, -32.8629, 255, 0, 123
L -248.3771, 249.4944, -34.4992, -247.9151, 251.2852, -34.4992, 255, 0, 123
L -251.5716, 247.5494, -34.4992, -248.3771, 249.4944, -34.4992, 255, 0, 123
L -253.1759, 246.3617, -34.4992, -251.5716, 247.5494, -34.4992, 255, 0, 123
L -257.91, 245.2837, -34.4992, -253.1759, 246.3617, -34.4992, 255, 0, 123
L -296.6152, 245.2646, -34.4992, -257.91, 245.2837, -34.4992, 255, 0, 123
L -298.2808, 244.818, -34.4992, -296.6152, 245.2646, -34.4992, 255, 0, 123
L -298.5889, 243.2607, -34.4992, -298.2808, 244.818, -34.4992, 255, 0, 123
L -303.1342, 242.8118, -34.4992, -298.5889, 243.2607, -34.4992, 255, 0, 123
L -305.1041, 242.7456, -35.752, -303.1342, 242.8118, -34.4992, 255, 0, 123
L -306.4932, 243.102, -35.752, -305.1041, 242.7456, -35.752, 255, 0, 123
L -306.9818, 246.1092, -35.752, -306.4932, 243.102, -35.752, 255, 0, 123
L -306.983, 247.8538, -35.752, -306.9818, 246.1092, -35.752, 255, 0, 123
L -306.4737, 249.5377, -35.752, -306.983, 247.8538, -35.752, 255, 0, 123
L -304.8688, 250.524, -35.752, -306.4737, 249.5377, -35.752, 255, 0, 123
L -304.4923, 285.8933, -35.752, -304.8688, 250.524, -35.752, 255, 0, 123
L -381.4411, 285.8922, -35.752, -304.4923, 285.8933, -35.752, 255, 0, 123
L -381.6338, 244.772, -35.752, -381.4411, 285.8922, -35.752, 255, 0, 123
L -377.718, 243.9801, -35.752, -381.6338, 244.772, -35.752, 255, 0, 123
L -376.2733, 244.3232, -35.752, -377.718, 243.9801, -35.752, 255, 0, 123
L -375.798, 234.4467, -31.8439, -376.2733, 244.3232, -35.752, 255, 0, 123
L -376.1444, 232.5901, -33.8102, -375.798, 234.4467, -31.8439, 255, 0, 123
L -377.7912, 232.2, -35.662, -376.1444, 232.5901, -33.8102, 255, 0, 123
L -379.6347, 231.9054, -35.67, -377.7912, 232.2, -35.662, 255, 0, 123
L -381.435, 232.2355, -35.737, -379.6347, 231.9054, -35.67, 255, 0, 123
L -381.6302, 195.1747, -35.752, -381.435, 232.2355, -35.737, 255, 0, 123
L -381.6349, 193.5862, -31.128, -381.6302, 195.1747, -35.752, 255, 0, 123
L -335.8772, 193.5911, -35.752, -381.6349, 193.5862, -31.128, 255, 0, 123
L -304.665, 193.5883, -35.752, -335.8772, 193.5911, -35.752, 255, 0, 123
L -304.4932, 224.1793, -35.752, -304.665, 193.5883, -35.752, 255, 0, 123
L -305.2737, 225.9201, -35.752, -304.4932, 224.1793, -35.752, 255, 0, 123
L -306.8244, 226.8264, -35.752, -305.2737, 225.9201, -35.752, 255, 0, 123
L -307.2814, 229.2586, -35.752, -306.8244, 226.8264, -35.752, 255, 0, 123
L -307.889, 230.9959, -35.752, -307.2814, 229.2586, -35.752, 255, 0, 123
L -306.5561, 232.7207, -35.752, -307.889, 230.9959, -35.752, 255, 0, 123
L -304.815, 232.9752, -34.4992, -306.5561, 232.7207, -35.752, 255, 0, 123
L -302.4003, 233.1139, -34.4992, -304.815, 232.9752, -34.4992, 255, 0, 123
L -300.5373, 233.226, -34.4992, -302.4003, 233.1139, -34.4992, 255, 0, 123
L -298.8016, 232.768, -34.4992, -300.5373, 233.226, -34.4992, 255, 0, 123
L -298.3355, 230.8773, -34.4992, -298.8016, 232.768, -34.4992, 255, 0, 123
L -290.582, 230.467, -34.4992, -298.3355, 230.8773, -34.4992, 255, 0, 123
L -258.4818, 230.4637, -34.4992, -290.582, 230.467, -34.4992, 255, 0, 123
L -254.1651, 229.6452, -34.4992, -258.4818, 230.4637, -34.4992, 255, 0, 123
L -250.344, 227.4917, -34.4992, -254.1651, 229.6452, -34.4992, 255, 0, 123
L -248.6163, 226.7057, -34.18, -250.344, 227.4917, -34.4992, 255, 0, 123
L -247.9387, 224.8463, -32.7111, -248.6163, 226.7057, -34.18, 255, 0, 123
L -247.9079, 222.978, -34.4992, -247.9387, 224.8463, -32.7111, 255, 0, 123
L -246.5841, 219.283, -34.4992, -247.9079, 222.978, -34.4992, 255, 0, 123
L -245.1833, 210.1538, -34.4992, -246.5841, 219.283, -34.4992, 255, 0, 123
L -242.7273, 204.7377, -34.4992, -245.1833, 210.1538, -34.4992, 255, 0, 123
L -242.4442, 202.854, -34.4994, -242.7273, 204.7377, -34.4992, 255, 0, 123
L -263.124, 180.9046, -34.4992, -242.4442, 202.854, -34.4994, 255, 0, 123
L -262.6857, 178.9587, -34.4992, -263.124, 180.9046, -34.4992, 255, 0, 123
L -263.4583, 177.1442, -34.5001, -262.6857, 178.9587, -34.4992, 255, 0, 123
L -264.73, 176.2, -35.1963, -263.4583, 177.1442, -34.5001, 255, 0, 123
L -266.3206, 175.2447, -35.5981, -264.73, 176.2, -35.1963, 255, 0, 123
L -267.7336, 176.4913, -35.5981, -266.3206, 175.2447, -35.5981, 255, 0, 123
L -268.845, 177.8197, -35.5981, -267.7336, 176.4913, -35.5981, 255, 0, 123
L -268.966, 179.7538, -35.5981, -268.845, 177.8197, -35.5981, 255, 0, 123
L -322.2918, 126.4055, -35.5981, -268.966, 179.7538, -35.5981, 255, 0, 123
L -290.4008, 94.5156, -35.5981, -322.2918, 126.4055, -35.5981, 255, 0, 123
L -237.621, 147.8491, -35.5981, -290.4008, 94.5156, -35.5981, 255, 0, 123
L -256.338, 167.97, -35.5981, -237.621, 147.8491, -35.5981, 255, 0, 123
L -258.1711, 167.6928, -35.5981, -256.338, 167.97, -35.5981, 255, 0, 123
L -259.7633, 168.4181, -35.5981, -258.1711, 167.6928, -35.5981, 255, 0, 123
L -261.1234, 169.882, -35.5981, -259.7633, 168.4181, -35.5981, 255, 0, 123
L -260.8663, 171.661, -35.1963, -261.1234, 169.882, -35.5981, 255, 0, 123
L -259.7776, 173.34, -34.4992, -260.8663, 171.661, -35.1963, 255, 0, 123
L -258.409, 174.132, -34.4992, -259.7776, 173.34, -34.4992, 255, 0, 123
L -256.4257, 172.8725, -34.4992, -258.409, 174.132, -34.4992, 255, 0, 123
L -236.9173, 192.8172, -34.499, -256.4257, 172.8725, -34.4992, 255, 0, 123
L -235.8141, 194.1163, -34.4992, -236.9173, 192.8172, -34.499, 255, 0, 123
L -234.1973, 195.249, -34.4992, -235.8141, 194.1163, -34.4992, 255, 0, 123
L -227.3393, 192.2887, -34.4992, -234.1973, 195.249, -34.4992, 255, 0, 123
L -223.3813, 191.6617, -34.4992, -227.3393, 192.2887, -34.4992, 255, 0, 123
L -221.4479, 191.3548, -32.8083, -223.3813, 191.6617, -34.4992, 255, 0, 123
L -219.6163, 191.8038, -32.3765, -221.4479, 191.3548, -32.8083, 255, 0, 123
L -200.1569, 191.9775, -28.675, -219.6163, 191.8038, -32.3765, 255, 0, 123
L -190.3185, 191.9793, -28.6335, -200.1569, 191.9775, -28.675, 255, 0, 123
L -180.5622, 191.4958, -28.6335, -190.3185, 191.9793, -28.6335, 255, 0, 123
L -178.6928, 191.7261, -28.6335, -180.5622, 191.4958, -28.6335, 255, 0, 123
L -176.7974, 191.6457, -27.1987, -178.6928, 191.7261, -28.6335, 255, 0, 123
L -174.88, 191.5826, -26.9957, -176.7974, 191.6457, -27.1987, 255, 0, 123
L -172.9389, 190.7108, -26.322, -174.88, 191.5826, -26.9957, 255, 0, 123
L -171.2579, 189.8806, -25.5498, -172.9389, 190.7108, -26.322, 255, 0, 123
L -169.6314, 188.7576, -24.9107, -171.2579, 189.8806, -25.5498, 255, 0, 123
L -168.2239, 187.3568, -24.86, -169.6314, 188.7576, -24.9107, 255, 0, 123
L -167.1756, 186.2393, -24.77, -168.2239, 187.3568, -24.86, 255, 0, 123
L -166.331, 184.5911, -22.6466, -167.1756, 186.2393, -24.77, 255, 0, 123
L -165.3766, 182.8343, -21.9642, -166.331, 184.5911, -22.6466, 255, 0, 123
L -164.9419, 177.636, -20.3342, -165.3766, 182.8343, -21.9642, 255, 0, 123
L -165.2492, 175.1365, -19.6752, -164.9419, 177.636, -20.3342, 255, 0, 123
L -165.9526, 173.3032, -19.15, -165.2492, 175.1365, -19.6752, 255, 0, 123
L -166.8531, 171.5293, -18.3278, -165.9526, 173.3032, -19.15, 255, 0, 123
L -167.7562, 170.2597, -17.5079, -166.8531, 171.5293, -18.3278, 255, 0, 123
L -169.261, 168.9923, -17.5079, -167.7562, 170.2597, -17.5079, 255, 0, 123
L -170.3345, 167.7704, -16.688, -169.261, 168.9923, -17.5079, 255, 0, 123
L -171.9404, 166.947, -15.5024, -170.3345, 167.7704, -16.688, 255, 0, 123
L -173.3121, 165.8098, -15.1699, -171.9404, 166.947, -15.5024, 255, 0, 123
L -175.2686, 165.7477, -14.413, -173.3121, 165.8098, -15.1699, 255, 0, 123
L -177.1264, 165.4515, -13.6576, -175.2686, 165.7477, -14.413, 255, 0, 123
L -179.4111, 165.5535, -12.683, -177.1264, 165.4515, -13.6576, 255, 0, 123
L -181.3826, 165.7085, -12.3425, -179.4111, 165.5535, -12.683, 255, 0, 123
L -183.3719, 166.6427, -11.952, -181.3826, 165.7085, -12.3425, 255, 0, 123
L -184.9945, 167.4685, -10.9961, -183.3719, 166.6427, -11.952, 255, 0, 123
L -186.4043, 168.5078, -9.747, -184.9945, 167.4685, -10.9961, 255, 0, 123
L -187.7553, 169.8649, -9.3549, -186.4043, 168.5078, -9.747, 255, 0, 123
L -188.9975, 171.418, -8.5972, -187.7553, 169.8649, -9.3549, 255, 0, 123
L -189.867, 173.1143, -7.838, -188.9975, 171.418, -8.5972, 255, 0, 123
L -190.7186, 174.537, -7.838, -189.867, 173.1143, -7.838, 255, 0, 123
L -191.495, 179.5817, -5.682, -190.7186, 174.537, -7.838, 255, 0, 123
L -190.7435, 181.5151, -5.228, -191.495, 179.5817, -5.682, 255, 0, 123
L -190.237, 183.3054, -4.3491, -190.7435, 181.5151, -5.228, 255, 0, 123
L -189.3422, 185.632, -3.6755, -190.237, 183.3054, -4.3491, 255, 0, 123
L -188.5783, 186.4576, -2.8938, -189.3422, 185.632, -3.6755, 255, 0, 123
L -187.1811, 187.859, -2.265, -188.5783, 186.4576, -2.8938, 255, 0, 123
L -185.8025, 189.2288, -1.4443, -187.1811, 187.859, -2.265, 255, 0, 123
L -181.9561, 191.1863, -0.407, -185.8025, 189.2288, -1.4443, 255, 0, 123
L -179.1389, 191.637, 0.948, -181.9561, 191.1863, -0.407, 255, 0, 123
L -178.3077, 192.425, 0.9962, -179.1389, 191.637, 0.948, 0, 0, 0
L -173.7056, 191.96, 0.9962, -178.3077, 192.425, 0.9962, 0, 0, 0
L -119.112, 190.3203, 0.9962, -173.7056, 191.96, 0.9962, 0, 0, 0
L -117.3512, 190.9222, 0.9962, -119.112, 190.3203, 0.9962, 0, 0, 0
L -115.7077, 191.2035, 0.4381, -117.3512, 190.9222, 0.9962, 0, 0, 0
L -113.7934, 191.2041, -0.7624, -115.7077, 191.2035, 0.4381, 0, 0, 0
L -112.9462, 189.5808, -0.7624, -113.7934, 191.2041, -0.7624, 0, 0, 0
L -97.128, 189.5338, -0.7624, -112.9462, 189.5808, -0.7624, 0, 0, 0
L -95.7132, 190.4524, 1.428, -97.128, 189.5338, -0.7624, 0, 0, 0
L -94.3888, 191.8489, -0.7624, -95.7132, 190.4524, 1.428, 0, 0, 0
L -92.4665, 192.1291, 1.1189, -94.3888, 191.8489, -0.7624, 0, 0, 0
L -90.7381, 191.2028, 1.4604, -92.4665, 192.1291, 1.1189, 0, 0, 0
L -90.2065, 189.5305, -0.7624, -90.7381, 191.2028, 1.4604, 0, 0, 0
L -57.7015, 189.5324, -0.7624, -90.2065, 189.5305, -0.7624, 0, 0, 0
L -56.726, 190.5069, -0.7624, -57.7015, 189.5324, -0.7624, 0, 0, 0
L -55.2404, 191.9673, -0.7624, -56.726, 190.5069, -0.7624, 0, 0, 0
L -53.4975, 191.9764, -0.7624, -55.2404, 191.9673, -0.7624, 0, 0, 0
L -51.7175, 192.163, 1.1309, -53.4975, 191.9764, -0.7624, 0, 0, 0
L -50.1375, 191.406, -0.7624, -51.7175, 192.163, 1.1309, 0, 0, 0
L -49.8903, 189.5662, -0.7624, -50.1375, 191.406, -0.7624, 0, 0, 0
L -11.5722, 189.5338, -0.7624, -49.8903, 189.5662, -0.7624, 0, 0, 0
L -10.2478, 190.8108, 1.357, -11.5722, 189.5338, -0.7624, 0, 0, 0
L -8.9486, 192.204, -0.7624, -10.2478, 190.8108, 1.357, 0, 0, 0
L -7.1047, 192.7326, 0.7858, -8.9486, 192.204, -0.7624, 0, 0, 0
L -5.7895, 191.5021, 1.4569, -7.1047, 192.7326, 0.7858, 0, 0, 0
L -5.522, 189.6734, -0.7624, -5.7895, 191.5021, 1.4569, 0, 0, 0
L 24.3255, 189.5344, -0.7624, -5.522, 189.6734, -0.7624, 0, 0, 0
L 25.6228, 192.9555, -0.7624, 24.3255, 189.5344, -0.7624, 0, 0, 0
L 29.7311, 193.638, -0.7624, 25.6228, 192.9555, -0.7624, 0, 0, 0
L 31.967, 193.3122, -0.7624, 29.7311, 193.638, -0.7624, 0, 0, 0
L 33.6338, 193.651, -0.7624, 31.967, 193.3122, -0.7624, 0, 0, 0
L 34.5041, 191.4266, -0.7624, 33.6338, 193.651, -0.7624, 0, 0, 0
L 34.7721, 189.5327, -0.7624, 34.5041, 191.4266, -0.7624, 0, 0, 0
L 36.6039, 189.5315, -0.7624, 34.7721, 189.5327, -0.7624, 0, 0, 0
L 37.7832, 191.1283, -0.7624, 36.6039, 189.5315, -0.7624, 0, 0, 0
L 39.7667, 191.319, -0.7624, 37.7832, 191.1283, -0.7624, 0, 0, 0
L 41.532, 191.711, -0.7624, 39.7667, 191.319, -0.7624, 0, 0, 0
L 43.384, 191.7793, -0.7624, 41.532, 191.711, -0.7624, 0, 0, 0
L 44.9037, 190.8976, -0.7624, 43.384, 191.7793, -0.7624, 0, 0, 0
L 45.3834, 184.471, 0.1913, 44.9037, 190.8976, -0.7624, 0, 0, 0
L 44.8896, 182.3721, 0.1913, 45.3834, 184.471, 0.1913, 0, 0, 0
L 43.3102, 181.1578, 0.3736, 44.8896, 182.3721, 0.1913, 0, 0, 0
L 42.8113, 157.8713, 0.3527, 43.3102, 181.1578, 0.3736, 0, 0, 0
L 44.893, 152.1725, -0.9163, 42.8113, 157.8713, 0.3527, 255, 0, 123
L 44.4727, 150.5352, -1.989, 44.893, 152.1725, -0.9163, 255, 0, 123
L 47.2145, 146.278, -2.8407, 44.4727, 150.5352, -1.989, 255, 0, 123
L 48.2179, 144.372, -3.278, 47.2145, 146.278, -2.8407, 255, 0, 123
L 51.7629, 141.3214, -4.4804, 48.2179, 144.372, -3.278, 255, 0, 123
L 53.2269, 140.623, -4.4804, 51.7629, 141.3214, -4.4804, 255, 0, 123
L 57.9521, 137.8788, -5.2281, 53.2269, 140.623, -4.4804, 255, 0, 123
L 59.6126, 137.1844, -5.564, 57.9521, 137.8788, -5.2281, 255, 0, 123
L 66.7332, 136.3503, -6.8528, 59.6126, 137.1844, -5.564, 255, 0, 123
L 73.8727, 137.7795, -8.3656, 66.7332, 136.3503, -6.8528, 255, 0, 123
L 80.7228, 141.6854, -10.7225, 73.8727, 137.7795, -8.3656, 255, 0, 123
L 84.1732, 145.6951, -11.801, 80.7228, 141.6854, -10.7225, 255, 0, 123
L 85.4342, 147.1584, -11.6814, 84.1732, 145.6951, -11.801, 255, 0, 123
L 88.1539, 153.6593, -12.9135, 85.4342, 147.1584, -11.6814, 255, 0, 123
L 88.8132, 161.96, -14.381, 88.1539, 153.6593, -12.9135, 255, 0, 123
L 87.5652, 166.2821, -15.5013, 88.8132, 161.96, -14.381, 255, 0, 123
L 87.1546, 168.288, -16.49, 87.5652, 166.2821, -15.5013, 255, 0, 123
L 84.4361, 172.5001, -17.1234, 87.1546, 168.288, -16.49, 255, 0, 123
L 83.4136, 174.185, -17.6568, 84.4361, 172.5001, -17.1234, 255, 0, 123
L 79.2767, 177.7464, -19.1327, 83.4136, 174.185, -17.6568, 255, 0, 123
L 77.9397, 178.9001, -19.309, 79.2767, 177.7464, -19.1327, 255, 0, 123
L 72.632, 181.36, -20.1208, 77.9397, 178.9001, -19.309, 255, 0, 123
L 64.7912, 182.2207, -21.5311, 72.632, 181.36, -20.1208, 255, 0, 123
L 57.6796, 180.7668, -23.32, 64.7912, 182.2207, -21.5311, 255, 0, 123
L 52.5837, 177.8965, -24.7979, 57.6796, 180.7668, -23.32, 255, 0, 123
L 50.9069, 176.879, -24.8515, 52.5837, 177.8965, -24.7979, 255, 0, 123
L 47.4883, 172.9096, -26.4532, 50.9069, 176.879, -24.8515, 255, 0, 123
L 46.1959, 171.408, -26.3606, 47.4883, 172.9096, -26.4532, 255, 0, 123
L 43.7368, 165.5306, -27.4459, 46.1959, 171.408, -26.3606, 255, 0, 123
L 43.2421, 163.7012, -27.8043, 43.7368, 165.5306, -27.4459, 255, 0, 123
L 42.2877, 157.3617, -28.8221, 43.2421, 163.7012, -27.8043, 255, 0, 123
L 41.8322, 129.997, -29.2236, 42.2877, 157.3617, -28.8221, 255, 0, 123
L -0.5433, 117.9328, -27.8205, -0.5482, 39.6995, -32.3712, 255, 0, 123
L -0.5482, 119.4063, -27.8196, -0.5433, 117.9328, -27.8205, 255, 0, 123
L 13.9899, 119.4108, -32.3712, -0.5482, 119.4063, -27.8196, 255, 0, 123
L 41.8575, 119.1914, -29.2351, 41.8318, 130.1826, -29.2231, 255, 0, 123
L 42.1839, 117.384, -32.3712, 41.8575, 119.1914, -29.2351, 255, 0, 123
L 42.5756, 116.245, -32.3712, 42.1839, 117.384, -32.3712, 255, 0, 123
L 38.8063, 116.9851, -32.3714, 42.5756, 116.245, -32.3712, 255, 0, 123
L 36.9819, 117.8021, -32.3712, 38.8063, 116.9851, -32.3714, 255, 0, 123
L 36.168, 119.3092, -32.3716, 36.9819, 117.8021, -32.3712, 255, 0, 123
L 7.5742, 119.4087, -32.3712, 36.168, 119.3092, -32.3716, 255, 0, 123
L -0.5115, 38.1199, -32.3712, -0.5439, 39.95, -32.3712, 255, 0, 123
L -1.6583, 36.5108, -31.4034, -0.5115, 38.1199, -32.3712, 255, 0, 123
L -3.628, 36.5084, -31.3921, -1.6583, 36.5108, -31.4034, 255, 0, 123
L -4.1109, 29.8001, -31.3921, -3.628, 36.5084, -31.3921, 255, 0, 123
L -4.1131, 27.8657, -31.3921, -4.1109, 29.8001, -31.3921, 255, 0, 123
L -2.5449, 26.6414, -31.3926, -4.1131, 27.8657, -31.3921, 255, 0, 123
L -0.8963, 26.2265, -32.3712, -2.5449, 26.6414, -31.3926, 255, 0, 123
L -0.4236, 20.3677, -32.3712, -0.8963, 26.2265, -32.3712, 255, 0, 123
L -0.5215, 18.774, -32.3712, -0.4236, 20.3677, -32.3712, 255, 0, 123
L -1.7605, 17.4344, -31.3921, -0.5215, 18.774, -32.3712, 255, 0, 123
L -3.64, 17.4356, -31.3921, -1.7605, 17.4344, -31.3921, 255, 0, 123
L -4.1112, 11.1397, -31.3921, -3.64, 17.4356, -31.3921, 255, 0, 123
L -4.112, 9.3992, -31.3921, -4.1112, 11.1397, -31.3921, 255, 0, 123
L -3.2067, 7.7413, -31.3921, -4.112, 9.3992, -31.3921, 255, 0, 123
L -1.4532, 7.4394, -32.3712, -3.2067, 7.7413, -31.3921, 255, 0, 123
L -0.5444, 5.9101, -32.3712, -1.4532, 7.4394, -32.3712, 255, 0, 123
L -0.1032, 4.1272, -32.3712, -0.5444, 5.9101, -32.3712, 255, 0, 123
L 1.6727, 4.2892, -32.3712, -0.1032, 4.1272, -32.3712, 255, 0, 123
L 3.5571, 3.6663, -32.3712, 1.6727, 4.2892, -32.3712, 255, 0, 123
L 3.7862, 1.7018, -31.3922, 3.5571, 3.6663, -32.3712, 255, 0, 123
L 5.3097, 0.5467, -31.3922, 3.7862, 1.7018, -31.3922, 255, 0, 123
L 14.221, 0.2368, -31.3922, 5.3097, 0.5467, -31.3922, 255, 0, 123
L 15.8498, 0.4579, -31.3922, 14.221, 0.2368, -31.3922, 255, 0, 123
L 16.9638, 2.912, -31.3922, 15.8498, 0.4579, -31.3922, 255, 0, 123
L 17.7833, 3.8609, -32.3712, 16.9638, 2.912, -31.3922, 255, 0, 123
L 26.5031, 4.123, -32.3712, 17.7833, 3.8609, -32.3712, 255, 0, 123
L 28.3154, 3.6354, -31.759, 26.5031, 4.123, -32.3712, 255, 0, 123
L 28.5364, 1.6561, -31.3921, 28.3154, 3.6354, -31.759, 255, 0, 123
L 29.9887, 0.5836, -31.3921, 28.5364, 1.6561, -31.3921, 255, 0, 123
L 38.853, 0.2363, -31.3921, 29.9887, 0.5836, -31.3921, 255, 0, 123
L 40.7312, 0.6888, -31.3921, 38.853, 0.2363, -31.3921, 255, 0, 123
L 41.7633, 2.133, -31.3921, 40.7312, 0.6888, -31.3921, 255, 0, 123
L 42.5964, 3.9173, -32.3712, 41.7633, 2.133, -31.3921, 255, 0, 123
L 44.3963, 4.1261, -32.3712, 42.5964, 3.9173, -32.3712, 255, 0, 123
L 46.1621, 4.1253, -32.3712, 44.3963, 4.1261, -32.3712, 255, 0, 123
L 46.5157, 6.334, -32.3712, 46.1621, 4.1253, -32.3712, 255, 0, 123
L 47.5758, 7.4775, -31.4188, 46.5157, 6.334, -32.3712, 255, 0, 123
L 49.5452, 7.4764, -31.4188, 47.5758, 7.4775, -31.4188, 255, 0, 123
L 49.9688, 13.9795, -31.4188, 49.5452, 7.4764, -31.4188, 255, 0, 123
L 49.9677, 15.972, -31.4188, 49.9688, 13.9795, -31.4188, 255, 0, 123
L 48.8027, 17.3608, -31.4188, 49.9677, 15.972, -31.4188, 255, 0, 123
L 46.883, 17.7742, -32.3712, 48.8027, 17.3608, -31.4188, 255, 0, 123
L 46.3845, 23.2476, -32.3712, 46.883, 17.7742, -32.3712, 255, 0, 123
L 46.4966, 25.1595, -32.3712, 46.3845, 23.2476, -32.3712, 255, 0, 123
L 47.4941, 26.5151, -31.4625, 46.4966, 25.1595, -32.3712, 255, 0, 123
L 49.4849, 26.5344, -31.3921, 47.4941, 26.5151, -31.4625, 255, 0, 123
L 49.9675, 33.228, -31.3921, 49.4849, 26.5344, -31.3921, 255, 0, 123
L 49.9692, 34.9926, -31.3921, 49.9675, 33.228, -31.3921, 255, 0, 123
L 48.6899, 36.5061, -31.3921, 49.9692, 34.9926, -31.3921, 255, 0, 123
L 46.9628, 36.7802, -32.3712, 48.6899, 36.5061, -31.3921, 255, 0, 123
L 46.4739, 38.8021, -32.3712, 46.9628, 36.7802, -32.3712, 255, 0, 123
L 46.5223, 40.7668, -32.3712, 46.4739, 38.8021, -32.3712, 255, 0, 123
L 47.2903, 42.2603, -32.3712, 46.5223, 40.7668, -32.3712, 255, 0, 123
L 83.4693, 42.271, -32.3712, 47.2903, 42.2603, -32.3712, 255, 0, 123
L 83.8037, 119.2656, -32.3712, 83.4693, 42.271, -32.3712, 255, 0, 123
L 59.4361, 119.4099, -32.3712, 83.8037, 119.2656, -32.3712, 255, 0, 123
L 58.3667, 117.8422, -32.3712, 59.4361, 119.4099, -32.3712, 255, 0, 123
L 56.5763, 117.7417, -32.3712, 58.3667, 117.8422, -32.3712, 255, 0, 123
L 54.9314, 116.6126, -32.3712, 56.5763, 117.7417, -32.3712, 255, 0, 123
L 53.3327, 117.687, -32.3712, 54.9314, 116.6126, -32.3712, 255, 0, 123
L 52.8716, 161.2366, -28.4597, 53.3327, 117.687, -32.3712, 255, 0, 123
L 53.1505, 162.9832, -27.2628, 52.8716, 161.2366, -28.4597, 255, 0, 123
L 54.6846, 166.6079, -26.4532, 53.1505, 162.9832, -27.2628, 255, 0, 123
L 56.401, 168.235, -24.9498, 54.6846, 166.6079, -26.4532, 255, 0, 123
L 57.217, 169.1248, -24.8135, 56.401, 168.235, -24.9498, 255, 0, 123
L 58.5251, 170.2598, -24.544, 57.217, 169.1248, -24.8135, 255, 0, 123
L 60.1197, 171.726, -23.2953, 58.5251, 170.2598, -24.544, 255, 0, 123
L 61.6768, 172.1509, -23.2953, 60.1197, 171.726, -23.2953, 255, 0, 123
L 65.9449, 172.5028, -21.7944, 61.6768, 172.1509, -23.2953, 255, 0, 123
L 68.2165, 172.1511, -21.1389, 65.9449, 172.5028, -21.7944, 255, 0, 123
L 70.167, 171.8251, -19.8604, 68.2165, 172.1511, -21.1389, 255, 0, 123
L 71.8787, 170.884, -19.1731, 70.167, 171.8251, -19.8604, 255, 0, 123
L 73.641, 169.9517, -19.1327, 71.8787, 170.884, -19.1731, 255, 0, 123
L 75.2237, 168.3793, -18.3127, 73.641, 169.9517, -19.1327, 255, 0, 123
L 76.5836, 166.9755, -17.47, 75.2237, 168.3793, -18.3127, 255, 0, 123
L 77.6166, 164.955, -16.152, 76.5836, 166.9755, -17.47, 255, 0, 123
L 78.4234, 163.3397, -15.362, 77.6166, 164.955, -16.152, 255, 0, 123
L 78.894, 158.1931, -13.4414, 78.4234, 163.3397, -15.362, 255, 0, 123
L 78.5872, 156.2607, -13.1484, 78.894, 158.1931, -13.4414, 255, 0, 123
L 78.1808, 154.7198, -12.4747, 78.5872, 156.2607, -13.1484, 255, 0, 123
L 77.3262, 153.458, -12.4747, 78.1808, 154.7198, -12.4747, 255, 0, 123
L 76.4805, 151.4504, -11.801, 77.3262, 153.458, -12.4747, 255, 0, 123
L 74.8819, 149.8344, -10.2015, 76.4805, 151.4504, -11.801, 255, 0, 123
L 73.555, 148.5485, -9.764, 74.8819, 149.8344, -10.2015, 255, 0, 123
L 71.5899, 147.5354, -9.4021, 73.555, 148.5485, -9.764, 255, 0, 123
L 69.9646, 146.6844, -8.391, 71.5899, 147.5354, -9.4021, 255, 0, 123
L 65.9731, 146.578, -6.7308, 69.9646, 146.6844, -8.391, 255, 0, 123
L 63.7087, 146.3651, -6.4869, 65.9731, 146.578, -6.7308, 255, 0, 123
L 61.8175, 146.6689, -5.3615, 63.7087, 146.3651, -6.4869, 255, 0, 123
L 59.9399, 147.5844, -5.154, 61.8175, 146.6689, -5.3615, 255, 0, 123
L 58.3903, 148.3125, -4.4804, 59.9399, 147.5844, -5.154, 255, 0, 123
L 56.9684, 149.6144, -3.3864, 58.3903, 148.3125, -4.4804, 255, 0, 123
L 55.6612, 150.9252, -2.8407, 56.9684, 149.6144, -3.3864, 255, 0, 123
L 54.5392, 152.5793, -2.815, 55.6612, 150.9252, -2.8407, 255, 0, 123
L 53.7351, 154.1587, -1.6475, 54.5392, 152.5793, -2.815, 255, 0, 123
L 53.771, 156.329, -0.7358, 53.7351, 154.1587, -1.6475, 255, 0, 123
L 52.5803, 159.2321, 0.1913, 53.771, 156.329, -0.7358, 255, 0, 123
L 52.6165, 158.95, 0.1913, 52.579, 159.256, 0.1913, 0, 0, 0
L 53.133, 162.8942, 0.1913, 52.6165, 158.95, 0.1913, 0, 0, 0
L 53.8992, 164.727, 0.1913, 53.133, 162.8942, 0.1913, 0, 0, 0
L 54.4162, 181.2738, 0.1913, 53.8992, 164.727, 0.1913, 0, 0, 0
L 52.6383, 182.1168, 0.1913, 54.4162, 181.2738, 0.1913, 0, 0, 0
L 52.1509, 187.3114, 0.1904, 52.6383, 182.1168, 0.1913, 0, 0, 0
L 52.39, 189.3043, -0.7624, 52.1509, 187.3114, 0.1904, 0, 0, 0
L 52.557, 190.9764, -0.7624, 52.39, 189.3043, -0.7624, 0, 0, 0
L 58.1683, 191.3198, -0.7624, 52.557, 190.9764, -0.7624, 0, 0, 0
L 59.606, 191.2947, -0.7624, 58.1683, 191.3198, -0.7624, 0, 0, 0
L 60.5563, 189.6085, -0.7624, 59.606, 191.2947, -0.7624, 0, 0, 0
L 88.297, 189.5304, -0.7624, 60.5563, 189.6085, -0.7624, 0, 0, 0
L 87.8392, 204.72, -0.7667, 88.297, 189.5304, -0.7624, 0, 0, 0
L 87.6965, 204.424, -0.8698, 87.8392, 204.72, -0.7667, 0, 0, 0
L 34.5022, 203.9798, -0.7624, 87.6965, 204.424, -0.8698, 0, 0, 0
L 34.5048, 202.2035, -0.7624, 34.5022, 203.9798, -0.7624, 0, 0, 0
L 34.121, 200.3186, -0.7624, 34.5048, 202.2035, -0.7624, 0, 0, 0
L 27.4832, 200.863, -0.7624, 34.121, 200.3186, -0.7624, 0, 0, 0
L 25.5325, 200.3214, -0.7624, 27.4832, 200.863, -0.7624, 0, 0, 0
L 25.31, 202.2539, -0.7624, 25.5325, 200.3214, -0.7624, 0, 0, 0
L 24.7828, 204.159, -0.7624, 25.31, 202.2539, -0.7624, 0, 0, 0
L 24.293, 213.5363, -0.7624, 24.7828, 204.159, -0.7624, 0, 0, 0
L 88.19, 220.7744, -0.7655, 86.293, 220.7684, -0.7624, 0, 0, 0
L 26.2611, 220.7124, -0.7624, 88.19, 220.7744, -0.7655, 0, 0, 0
L 24.2878, 218.4827, -0.7624, 24.2933, 212.9539, -0.7624, 0, 0, 0
L 24.5279, 220.2218, -0.7624, 24.2878, 218.4827, -0.7624, 0, 0, 0
L 26.6244, 220.7124, -0.7624, 24.5279, 220.2218, -0.7624, 0, 0, 0
L 87.5785, 220.7738, -0.7624, 85.9835, 220.7735, -0.7624, 0, 0, 0
L 88.276, 224.323, -0.7624, 87.5785, 220.7738, -0.7624, 0, 0, 0
L 88.285, 225.7682, -0.7624, 88.276, 224.323, -0.7624, 0, 0, 0
L 86.3323, 226.7563, -0.7624, 88.285, 225.7682, -0.7624, 0, 0, 0
L 85.9398, 231.4153, -0.7624, 86.3323, 226.7563, -0.7624, 0, 0, 0
L 86.3093, 233.3389, -0.7624, 85.9398, 231.4153, -0.7624, 0, 0, 0
L 88.1317, 233.6052, -0.7624, 86.3093, 233.3389, -0.7624, 0, 0, 0
L 89.9633, 233.5155, -0.7624, 88.1317, 233.6052, -0.7624, 0, 0, 0
L 92.9001, 232.199, -0.7623, 89.9633, 233.5155, -0.7624, 0, 0, 0
L 93.636, 220.2777, 3.6537, 92.9001, 232.199, -0.7623, 0, 240, 0
L 92.6929, 218.6045, 3.8677, 93.636, 220.2777, 3.6537, 0, 240, 0
L 91.77, 217.635, 3.8677, 92.6929, 218.6045, 3.8677, 0, 240, 0
L 88.587, 217.7686, 4.9783, 91.77, 217.635, 3.8677, 0, 240, 0
L 28.8751, 217.7864, 20.7407, 88.587, 217.7686, 4.9783, 0, 240, 0
L 26.9551, 217.7879, 20.7407, 28.8751, 217.7864, 20.7407, 0, 240, 0
L 26.4667, 208.2056, 21.128, 26.9551, 217.7879, 20.7407, 0, 240, 0
L 26.4665, 206.3032, 21.4802, 26.4667, 208.2056, 21.128, 0, 240, 0
L 27.1993, 204.6818, 21.4817, 26.4665, 206.3032, 21.4802, 0, 240, 0
L 27.419, 202.7367, 21.4804, 27.1993, 204.6818, 21.4817, 0, 240, 0
L 26.8399, 201.3, 21.4816, 27.419, 202.7367, 21.4804, 0, 240, 0
L 24.9487, 200.6868, 21.4802, 26.8399, 201.3, 21.4816, 0, 240, 0
L 23.3082, 201.7757, 21.4771, 24.9487, 200.6868, 21.4802, 0, 240, 0
L -37.3532, 201.8303, 21.4802, 23.3082, 201.7757, 21.4771, 0, 240, 0
L -39.808, 201.275, 21.481, -37.3532, 201.8303, 21.4802, 0, 240, 0
L -40.9271, 200.8757, 21.4802, -39.808, 201.275, 21.481, 0, 240, 0
L -42.6381, 201.638, 21.4765, -40.9271, 200.8757, 21.4802, 0, 240, 0
L -49.9673, 201.8297, 21.4802, -42.6381, 201.638, 21.4765, 0, 240, 0
L -51.7167, 200.9201, 21.4802, -49.9673, 201.8297, 21.4802, 0, 240, 0
L -53.707, 200.8432, 21.4802, -51.7167, 200.9201, 21.4802, 0, 240, 0
L -55.2734, 201.8326, 21.4802, -53.707, 200.8432, 21.4802, 0, 240, 0
L -90.6004, 201.8311, 21.4802, -55.2734, 201.8326, 21.4802, 0, 240, 0
L -92.269, 200.8363, 21.4808, -90.6004, 201.8311, 21.4802, 0, 240, 0
L -94.1457, 200.8754, 21.4764, -92.269, 200.8363, 21.4808, 0, 240, 0
L -95.5392, 201.7532, 21.4802, -94.1457, 200.8754, 21.4764, 0, 240, 0
L -97.4175, 202.21, 21.4802, -95.5392, 201.7532, 21.4802, 0, 240, 0
L -100.4735, 204.1728, 21.4802, -97.4175, 202.21, 21.4802, 0, 240, 0
L -101.626, 207.6077, 21.4802, -100.4735, 204.1728, 21.4802, 0, 240, 0
L -102.2005, 215.6887, 21.4802, -101.626, 207.6077, 21.4802, 0, 240, 0
L -102.8328, 217.4801, 21.4802, -102.2005, 215.6887, 21.4802, 0, 240, 0
L -102.2971, 254.5586, 21.4802, -102.8328, 217.4801, 21.4802, 0, 240, 0
L -102.9188, 256.4377, 21.4802, -102.2971, 254.5586, 21.4802, 0, 240, 0
L -102.1577, 263.7912, 21.4802, -102.9188, 256.4377, 21.4802, 0, 240, 0
L -102.1671, 265.6003, 21.4802, -102.1577, 263.7912, 21.4802, 0, 240, 0
L -100.9238, 269.5101, 21.4802, -102.1671, 265.6003, 21.4802, 0, 240, 0
L -100.263, 271.226, 21.4802, -100.9238, 269.5101, 21.4802, 0, 240, 0
L -98.3281, 272.228, 21.4802, -100.263, 271.226, 21.4802, 0, 240, 0
L -94.4591, 273.9832, 21.4788, -98.3281, 272.228, 21.4802, 0, 240, 0
L -92.509, 274.844, 21.4787, -94.4591, 273.9832, 21.4788, 0, 240, 0
L -90.8359, 273.1315, 21.4802, -92.509, 274.844, 21.4787, 0, 240, 0
L -56.9508, 273.1333, 21.4802, -90.8359, 273.1315, 21.4802, 0, 240, 0
L -53.1522, 274.1413, 21.4802, -56.9508, 273.1333, 21.4802, 0, 240, 0
L -51.2986, 273.3946, 21.4818, -53.1522, 274.1413, 21.4802, 0, 240, 0
L -44.82, 273.1327, 21.4802, -51.2986, 273.3946, 21.4818, 0, 240, 0
L -42.2533, 273.8446, 21.4802, -44.82, 273.1327, 21.4802, 0, 240, 0
L -40.2896, 274.384, 21.4802, -42.2533, 273.8446, 21.4802, 0, 240, 0
L -38.6236, 273.2495, 21.4837, -40.2896, 274.384, 21.4802, 0, 240, 0
L 3.139, 273.1313, 21.4802, -38.6236, 273.2495, 21.4837, 0, 240, 0
L 41.3851, 270.6843, 21.4802, 56.5602, 270.7273, 21.4802, 0, 240, 0
L 39.5279, 270.108, 21.4818, 41.3851, 270.6843, 21.4802, 0, 240, 0
L 37.5493, 269.7685, 21.4802, 39.5279, 270.108, 21.4818, 0, 240, 0
L 35.7783, 270.3258, 21.4802, 37.5493, 269.7685, 21.4802, 0, 240, 0
L 35.8682, 272.2346, 21.4802, 35.7783, 270.3258, 21.4802, 0, 240, 0
L 36.4254, 274.1397, 21.4802, 35.8682, 272.2346, 21.4802, 0, 240, 0
L 38.4116, 274.545, 21.4802, 36.4254, 274.1397, 21.4802, 0, 240, 0
L 39.9819, 273.137, 21.482, 38.4116, 274.545, 21.4802, 0, 240, 0
L 74.7078, 273.1977, 21.4802, 39.9819, 273.137, 21.482, 0, 240, 0
L 76.4382, 274.826, 21.4786, 74.7078, 273.1977, 21.4802, 0, 240, 0
L 78.3139, 274.1096, 21.4802, 76.4382, 274.826, 21.4786, 0, 240, 0
L 79.8867, 273.3149, 21.4802, 78.3139, 274.1096, 21.4802, 0, 240, 0
L 81.7356, 272.8165, 21.4802, 79.8867, 273.3149, 21.4802, 0, 240, 0
L 83.4446, 271.9902, 21.4802, 81.7356, 272.8165, 21.4802, 0, 240, 0
L 84.9372, 270.7178, 21.4802, 83.4446, 271.9902, 21.4802, 0, 240, 0
L 86.1286, 267.12, 21.4802, 84.9372, 270.7178, 21.4802, 0, 240, 0
L 86.6871, 258.8774, 21.4832, 86.1286, 267.12, 21.4802, 0, 240, 0
L 87.165, 219.9867, 21.4821, 86.6871, 258.8774, 21.4832, 0, 240, 0
L 87.548, 218.686, 21.4816, 87.165, 219.9867, 21.4821, 0, 240, 0
L 87.277, 216.1918, 21.4814, 87.548, 218.686, 21.4816, 0, 240, 0
L 86.528, 211.1673, 21.4802, 87.277, 216.1918, 21.4814, 0, 240, 0
L 86.5563, 209.3945, 21.4802, 86.528, 211.1673, 21.4802, 0, 240, 0
L 84.8131, 204.824, 21.4802, 86.5563, 209.3945, 21.4802, 0, 240, 0
L 81.2913, 201.8899, 21.4802, 84.8131, 204.824, 21.4802, 0, 240, 0
L 79.4702, 201.1047, 21.4802, 81.2913, 201.8899, 21.4802, 0, 240, 0
L 77.4984, 200.8273, 21.4802, 79.4702, 201.1047, 21.4802, 0, 240, 0
L 75.6174, 201.498, 21.4767, 77.4984, 200.8273, 21.4802, 0, 240, 0
L 69.8854, 201.7646, 21.4802, 75.6174, 201.498, 21.4767, 0, 240, 0
L 40.1161, 201.828, 21.4802, 69.8854, 201.7646, 21.4802, 0, 240, 0
L 39.194, 200.9026, 21.4802, 40.1161, 201.828, 21.4802, 0, 240, 0
L 37.1985, 200.8968, 21.4802, 39.194, 200.9026, 21.4802, 0, 240, 0
L 35.8631, 202.3525, 21.4802, 37.1985, 200.8968, 21.4802, 0, 240, 0
L 35.9044, 204.2355, 21.4787, 35.8631, 202.3525, 21.4802, 0, 240, 0
L 37.8543, 205.1708, 21.4802, 35.9044, 204.2355, 21.4787, 0, 240, 0
L 39.9752, 204.2505, 21.4802, 37.8543, 205.1708, 21.4802, 0, 240, 0
L 75.5584, 204.1785, 21.4802, 39.9752, 204.2505, 21.4802, 0, 240, 0
L 75.3684, 204.5269, 21.4802, 75.5584, 204.1785, 21.4802, 0, 240, 0
L 77.2278, 205.86, 21.4798, 75.3684, 204.5269, 21.4802, 0, 240, 0
L 79.2549, 204.9343, 21.4802, 77.2278, 205.86, 21.4798, 0, 240, 0
L 81.1447, 204.6357, 21.4802, 79.2549, 204.9343, 21.4802, 0, 240, 0
L 82.7617, 205.6182, 21.4802, 81.1447, 204.6357, 21.4802, 0, 240, 0
L 83.4046, 207.5002, 21.4802, 82.7617, 205.6182, 21.4802, 0, 240, 0
L 83.893, 216.2615, 21.4802, 83.4046, 207.5002, 21.4802, 0, 240, 0
L 83.3956, 218.1993, 21.4802, 83.893, 216.2615, 21.4802, 0, 240, 0
L 83.7878, 219.957, 21.4783, 83.3956, 218.1993, 21.4802, 0, 240, 0
L 84.28, 252.7264, 21.4802, 83.7878, 219.957, 21.4783, 0, 240, 0
L 83.6364, 254.4386, 21.4802, 84.28, 252.7264, 21.4802, 0, 240, 0
L 83.3354, 256.4934, 21.4802, 83.6364, 254.4386, 21.4802, 0, 240, 0
L 83.6586, 258.4594, 21.4786, 83.3354, 256.4934, 21.4802, 0, 240, 0
L 84.1372, 264.1739, 21.4802, 83.6586, 258.4594, 21.4786, 0, 240, 0
L 83.8594, 266.1435, 21.4802, 84.1372, 264.1739, 21.4802, 0, 240, 0
L 83.2562, 268.341, 21.4802, 83.8594, 266.1435, 21.4802, 0, 240, 0
L 82.5146, 269.5425, 21.4802, 83.2562, 268.341, 21.4802, 0, 240, 0
L 80.9808, 270.4465, 21.4802, 82.5146, 269.5425, 21.4802, 0, 240, 0
L 79.1619, 269.9802, 21.4802, 80.9808, 270.4465, 21.4802, 0, 240, 0
L 77.2466, 269.8134, 21.4802, 79.1619, 269.9802, 21.4802, 0, 240, 0
L 75.5942, 270.5847, 21.4774, 77.2466, 269.8134, 21.4802, 0, 240, 0
L 53.5934, 270.7191, 21.4802, 75.5942, 270.5847, 21.4774, 0, 240, 0
L 78.322, 267.4972, 8.1188, 86.5147, 267.7203, 5.4589, 0, 240, 0
L 76.3024, 267.7296, 8.7159, 78.322, 267.4972, 8.1188, 0, 240, 0
L 72.1877, 267.7517, 9.9619, 76.3024, 267.7296, 8.7159, 0, 240, 0
L 67.3986, 267.6886, 11.9176, 72.1877, 267.7517, 9.9619, 0, 240, 0
L 65.6697, 267.3706, 12.401, 67.3986, 267.6886, 11.9176, 0, 240, 0
L 63.3697, 267.7167, 12.954, 65.6697, 267.3706, 12.401, 0, 240, 0
L 61.5733, 267.4624, 13.6494, 63.3697, 267.7167, 12.954, 0, 240, 0
L 52.9647, 267.108, 16.1457, 61.5733, 267.4624, 13.6494, 0, 240, 0
L 88.1833, 267.7192, 4.9255, 79.3626, 267.7328, 7.7118, 0, 240, 0
L 80.6175, 267.7386, 7.2823, 80.5587, 267.7386, 7.3013, 0, 240, 0
L 88.6988, 267.2355, 4.7615, 89.5687, 267.1078, 4.4858, 0, 240, 0
L 87.6921, 267.7225, 5.675, 87.3687, 267.7225, 5.1722, 0, 240, 0
L 88.731, 267.1985, 4.7356, 88.13, 267.7225, 4.9642, 0, 240, 0
L 98.763, 267.1016, 3.8557, 88.731, 267.1985, 4.7356, 0, 240, 0
L 100.5542, 267.1057, 3.8557, 98.763, 267.1016, 3.8557, 0, 240, 0
L 100.8299, 244.7238, 0.2376, 100.5542, 267.1057, 3.8557, 0, 240, 0
L 101.1206, 242.9067, -0.7624, 100.8299, 244.7238, 0.2376, 0, 0, 0
L 107.3127, 242.5714, -0.7624, 101.1206, 242.9067, -0.7624, 0, 0, 0
L 109.1868, 242.5696, -0.7624, 107.3127, 242.5714, -0.7624, 0, 0, 0
L 110.9201, 242.515, -0.7624, 109.1868, 242.5696, -0.7624, 0, 0, 0
L 112.9145, 242.5, -0.7624, 110.9201, 242.515, -0.7624, 0, 0, 0
L 113.1011, 233.5186, -0.7624, 112.9145, 242.5, -0.7624, 0, 0, 0
L 105.7509, 233.1062, -0.7624, 113.1011, 233.5186, -0.7624, 0, 0, 0
L 21.791, 286.439, 21.4802, 93.2603, 286.439, 21.4801, 0, 240, 0
L 93.2603, 286.439, 21.4801, 93.2597, 284.1173, 21.4802, 0, 240, 0
L 93.2597, 284.1173, 21.4802, 94.2185, 282.5774, 21.4802, 0, 240, 0
L 94.2185, 282.5774, 21.4802, 96.1638, 282.4816, 21.4802, 0, 240, 0
L 96.1638, 282.4816, 21.4802, 98.6, 282.6999, 21.2561, 0, 240, 0
L 98.6, 282.6999, 21.2561, 98.7381, 284.2712, 20.5078, 0, 240, 0
L 98.7381, 284.2712, 20.5078, 98.6959, 286.1437, 20.5078, 0, 240, 0
L 98.6959, 286.1437, 20.5078, 97.92, 287.3668, 20.5078, 0, 240, 0
L 97.92, 287.3668, 20.5078, 97.2239, 288.9972, 20.5078, 0, 240, 0
L 97.2239, 288.9972, 20.5078, 97.5705, 318.4298, 20.5077, 0, 240, 0
L 97.5705, 318.4298, 20.5077, 125.9639, 318.3115, 20.5078, 0, 240, 0
L 125.9639, 318.3115, 20.5078, 125.7283, 273.3299, 20.5078, 0, 240, 0
L 125.7283, 273.3299, 20.5078, 98.6959, 273.387, 20.5078, 0, 240, 0
L 98.6959, 273.387, 20.5078, 98.6958, 275.2606, 20.5078, 0, 240, 0
L 98.6958, 275.2606, 20.5078, 97.3742, 276.7436, 20.9524, 0, 240, 0
L 97.3742, 276.7436, 20.9524, 95.5815, 276.7429, 21.4802, 0, 240, 0
L 95.5815, 276.7429, 21.4802, 93.65, 276.4891, 21.4802, 0, 240, 0
L 93.65, 276.4891, 21.4802, 93.2573, 274.8981, 21.4802, 0, 240, 0
L 93.2573, 274.8981, 21.4802, 93.6633, 271.9055, 21.4802, 0, 240, 0
L 93.6633, 271.9055, 21.4802, 95.2951, 270.7509, 21.4802, 0, 240, 0
L 95.2951, 270.7509, 21.4802, 97.1358, 270.6236, 21.4802, 0, 240, 0
L 97.1358, 270.6236, 21.4802, 101.698, 270.6908, 21.4802, 0, 240, 0
L 101.698, 270.6908, 21.4802, 109.4638, 270.1947, 21.4802, 0, 240, 0
L 109.4638, 270.1947, 21.4802, 109.608, 204.9669, 21.4802, 0, 240, 0
L 109.608, 204.9669, 21.4802, 95.421, 204.8489, 21.4802, 0, 240, 0
L 95.421, 204.8489, 21.4802, 93.641, 203.4567, 21.4802, 0, 240, 0
L 93.641, 203.4567, 21.4802, 93.2459, 201.7213, 21.4802, 0, 240, 0
L 93.2459, 201.7213, 21.4802, 93.4968, 199.3218, 21.4802, 0, 240, 0
L 93.4968, 199.3218, 21.4802, 95.3139, 199.84, 21.4802, 0, 240, 0
L 95.3139, 199.84, 21.4802, 97.1094, 199.243, 21.4631, 0, 240, 0
L 97.1094, 199.243, 21.4631, 98.6452, 199.9479, 20.5078, 0, 240, 0
L 98.6452, 199.9479, 20.5078, 98.9958, 201.7555, 20.5078, 0, 240, 0
L 98.9958, 201.7555, 20.5078, 100.6307, 202.3797, 20.5078, 0, 240, 0
L 100.6307, 202.3797, 20.5078, 125.9652, 202.3666, 20.5077, 0, 240, 0
L 125.9652, 202.3666, 20.5077, 125.668, 157.2643, 20.5078, 0, 240, 0
L 125.668, 157.2643, 20.5078, 97.2214, 157.2626, 20.5077, 0, 240, 0
L 97.2214, 157.2626, 20.5077, 97.7241, 188.3654, 20.9524, 0, 240, 0
L 97.7241, 188.3654, 20.9524, 98.7042, 190.986, 20.5078, 0, 240, 0
L 98.7042, 190.986, 20.5078, 98.6843, 191.735, 20.5078, 0, 240, 0
L 98.6843, 191.735, 20.5078, 98.2394, 193.2917, 20.5078, 0, 240, 0
L 98.2394, 193.2917, 20.5078, 96.6627, 193.4698, 20.9524, 0, 240, 0
L 96.6627, 193.4698, 20.9524, 94.7643, 193.2004, 21.4802, 0, 240, 0
L 94.7643, 193.2004, 21.4802, 93.2407, 191.9901, 21.4802, 0, 240, 0
L 93.2407, 191.9901, 21.4802, 93.2463, 189.5943, 21.4801, 0, 240, 0
L 93.2463, 189.5943, 21.4801, -108.9509, 189.7837, 21.4802, 0, 240, 0
L -108.9509, 189.7837, 21.4802, -108.951, 191.748, 21.4802, 0, 240, 0
L -108.951, 191.748, 21.4802, -110.1848, 193.2263, 21.4802, 0, 240, 0
L -110.1848, 193.2263, 21.4802, -112.236, 193.2005, 21.4802, 0, 240, 0
L -112.236, 193.2005, 21.4802, -113.9656, 192.9018, 20.8321, 0, 240, 0
L -113.9656, 192.9018, 20.8321, -114.3892, 191.31, 20.5078, 0, 240, 0
L -114.3892, 191.31, 20.5078, -113.9527, 188.4941, 20.5078, 0, 240, 0
L -113.9527, 188.4941, 20.5078, -113.666, 186.8421, 20.7764, 0, 240, 0
L -113.666, 186.8421, 20.7764, -113.638, 185.2991, 22.4079, 0, 240, 0
L -113.638, 185.2991, 22.4079, -113.614, 180.251, 22.6942, 0, 240, 0
L -113.623, 178.7967, 20.5077, -113.623, 175.3905, 20.5077, 0, 240, 0
L -113.623, 176.3567, 20.5077, -113.614, 178.8197, 20.8857, 0, 240, 0
L -113.622, 168.3566, 20.5077, -113.622, 165.2282, 20.5077, 0, 240, 0
L -113.618, 165.2275, 20.508, -113.614, 173.9196, 22.3815, 0, 240, 0
L -113.623, 166.3189, 20.5078, -113.615, 164.6385, 21.1633, 0, 240, 0
L -113.622, 175.4593, 20.5077, -113.617, 178.8108, 20.7317, 0, 240, 0
L -113.622, 178.3528, 20.5077, -113.618, 169.8268, 20.5078, 0, 240, 0
L -113.627, 175.3909, 20.5077, -113.614, 184.3603, 22.3857, 0, 240, 0
P 107.1758, 237.9341, -0.7624, 0, 127, 0, 2, to_West_Freeport
