L -147.89, 127.3305, -0.7624, -153.137, 133.3224, -0.7624, 0, 0, 0
L -146.2435, 125.6837, -0.7624, -147.89, 127.3305, -0.7624, 0, 0, 0
L -158.8961, 112.8496, -0.7624, -146.2435, 125.6837, -0.7624, 0, 0, 0
L -160.7668, 112.2554, -0.7624, -158.8961, 112.8496, -0.7624, 0, 0, 0
L -168.17, 119.4445, -0.7624, -160.7668, 112.2554, -0.7624, 0, 0, 0
L -126.7883, 146.1719, -0.7624, -125.9329, 146.1032, -0.7624, 0, 0, 0
L -139.406, 158.3515, -0.7624, -126.7883, 146.1719, -0.7624, 0, 0, 0
L -143.1833, 161.2616, -0.7624, -139.406, 158.3515, -0.7624, 0, 0, 0
L -147.4336, 162.165, -0.7624, -143.1833, 161.2616, -0.7624, 0, 0, 0
L -152.953, 161.2041, -0.7624, -147.4336, 162.165, -0.7624, 0, 0, 0
L -154.7028, 161.2871, -0.7624, -152.953, 161.2041, -0.7624, 0, 0, 0
L -156.831, 162.6655, -0.7624, -154.7028, 161.2871, -0.7624, 0, 0, 0
L -154.8871, 157.864, -0.7624, -156.831, 162.6655, -0.7624, 0, 0, 0
L -155.4387, 156.7, -0.7624, -154.8871, 157.864, -0.7624, 0, 0, 0
L -156.7237, 154.6965, -0.7624, -155.4387, 156.7, -0.7624, 0, 0, 0
L -158.6704, 154.8506, -0.7624, -156.7237, 154.6965, -0.7624, 0, 0, 0
L -160.5427, 155.3188, -0.7624, -158.6704, 154.8506, -0.7624, 0, 0, 0
L -162.4884, 155.6557, -0.7624, -160.5427, 155.3188, -0.7624, 0, 0, 0
L -161.2435, 154.2218, -0.7624, -162.4884, 155.6557, -0.7624, 0, 0, 0
L -161.4656, 152.4232, -0.7624, -161.2435, 154.2218, -0.7624, 0, 0, 0
L -161.9573, 145.1872, -0.7624, -161.4656, 152.4232, -0.7624, 0, 0, 0
L -161.5876, 143.2754, -0.7624, -161.9573, 145.1872, -0.7624, 0, 0, 0
L -158.5622, 138.8746, -0.7624, -161.5876, 143.2754, -0.7624, 0, 0, 0
L -151.7, 131.3103, -0.7624, -158.5622, 138.8746, -0.7624, 0, 0, 0
L -125.6894, 146.1648, -0.7624, -125.9025, 146.1124, -0.7624, 0, 0, 0
L -117.1127, 154.6956, -0.7624, -125.6894, 146.1648, -0.7624, 0, 0, 0
L -112.3289, 159.7219, -0.7624, -112.8235, 160.6971, -0.7624, 0, 0, 0
L -117.37, 154.4389, -0.7624, -112.3289, 159.7219, -0.7624, 0, 0, 0
L -118.7032, 166.8944, -0.7624, -112.4421, 160.3523, -0.7624, 0, 0, 0
L -179.6313, 186.8109, -0.7622, -179.5493, 186.7293, -0.7624, 0, 0, 0
L -173.6208, 191.646, -0.7624, -179.6313, 186.8109, -0.7622, 0, 0, 0
L -160.4979, 194.38, -0.7624, -173.6208, 191.646, -0.7624, 0, 0, 0
L -147.4813, 191.8532, -0.7624, -160.4979, 194.38, -0.7624, 0, 0, 0
L -145.9056, 190.9961, -0.7624, -147.4813, 191.8532, -0.7624, 0, 0, 0
L -136.1598, 184.3547, -0.7624, -145.9056, 190.9961, -0.7624, 0, 0, 0
L -117.8134, 166.43, -0.7624, -136.1598, 184.3547, -0.7624, 0, 0, 0
L -180.795, 187.2624, -0.7624, -179.5497, 186.7287, -0.7624, 0, 0, 0
L -181.7761, 188.74, -0.7624, -180.795, 187.2624, -0.7624, 0, 0, 0
L -186.1332, 183.8565, -0.7624, -181.7761, 188.74, -0.7624, 0, 0, 0
L -187.4909, 182.7686, -0.7624, -186.1332, 183.8565, -0.7624, 0, 0, 0
L -188.284, 181.288, -0.7624, -187.4909, 182.7686, -0.7624, 0, 0, 0
L -187.4163, 179.2569, -0.7619, -188.284, 181.288, -0.7624, 0, 0, 0
L -191.9342, 173.2052, -0.7624, -187.4163, 179.2569, -0.7619, 0, 0, 0
L -193.6273, 164.7523, -0.7624, -191.9342, 173.2052, -0.7624, 0, 0, 0
L -194.1002, 157.6262, -0.7624, -193.6273, 164.7523, -0.7624, 0, 0, 0
L -192.104, 147.5926, -0.7624, -194.1002, 157.6262, -0.7624, 0, 0, 0
L -191.2606, 145.823, -0.7624, -192.104, 147.5926, -0.7624, 0, 0, 0
L -184.5973, 136.303, -0.7624, -191.2606, 145.823, -0.7624, 0, 0, 0
L -167.6452, 119.738, -0.7624, -184.5973, 136.303, -0.7624, 0, 0, 0
L 30.9534, 113.3413, 130.2375, 28.101, 113.5164, 130.2375, 240, 0, 0
L 32.6313, 113.4248, 130.2375, 30.9534, 113.3413, 130.2375, 240, 0, 0
L 34.4851, 113.6534, 130.2375, 32.6313, 113.4248, 130.2375, 240, 0, 0
L 36.463, 114.5634, 130.2375, 34.4851, 113.6534, 130.2375, 240, 0, 0
L 37.3462, 115.8923, 130.2375, 36.463, 114.5634, 130.2375, 240, 0, 0
L 38.4074, 117.403, 130.2375, 37.3462, 115.8923, 130.2375, 240, 0, 0
L 38.8275, 121.754, 130.2375, 38.4074, 117.403, 130.2375, 240, 0, 0
L 38.4521, 123.5704, 130.2375, 38.8275, 121.754, 130.2375, 240, 0, 0
L 37.878, 125.26, 130.2375, 38.4521, 123.5704, 130.2375, 240, 0, 0
L 36.8001, 126.917, 130.2375, 37.878, 125.26, 130.2375, 240, 0, 0
L 31.1465, 130.9596, 130.2375, 36.8001, 126.917, 130.2375, 240, 0, 0
L 26.845, 129.5389, 130.2375, 31.1465, 130.9596, 130.2375, 240, 0, 0
L 23.8458, 128.1995, 130.2375, 26.845, 129.5389, 130.2375, 240, 0, 0
L 22.4528, 126.9731, 130.2375, 23.8458, 128.1995, 130.2375, 240, 0, 0
L 21.6173, 125.3134, 130.2375, 22.4528, 126.9731, 130.2375, 240, 0, 0
L 21.1263, 121.3312, 130.2375, 21.6173, 125.3134, 130.2375, 240, 0, 0
L 21.1614, 119.4398, 130.2375, 21.1263, 121.3312, 130.2375, 240, 0, 0
L 22.7344, 116.3794, 130.2375, 21.1614, 119.4398, 130.2375, 240, 0, 0
L 24.159, 114.8563, 130.2375, 22.7344, 116.3794, 130.2375, 240, 0, 0
L 25.3897, 113.9921, 130.2375, 24.159, 114.8563, 130.2375, 240, 0, 0
L 26.9874, 113.4205, 130.2375, 25.3897, 113.9921, 130.2375, 240, 0, 0
L 28.637, 113.3768, 130.2375, 26.9874, 113.4205, 130.2375, 240, 0, 0
L 135.5097, -0.3068, -0.7624, 133.8831, -3.3942, -0.7624, 240, 0, 0
L 136.2023, 1.4251, -0.7624, 135.5097, -0.3068, -0.7624, 240, 0, 0
L 134.7762, 5.1227, -0.7624, 136.2023, 1.4251, -0.7624, 240, 0, 0
L 129.9975, 8.4666, -0.7624, 134.7762, 5.1227, -0.7624, 240, 0, 0
L 125.994, 7.649, -0.7624, 129.9975, 8.4666, -0.7624, 240, 0, 0
L 123.2736, 7.525, -0.7624, 125.994, 7.649, -0.7624, 240, 0, 0
L 121.87, 6.3476, -0.7624, 123.2736, 7.525, -0.7624, 240, 0, 0
L 120.3983, 5.2279, -0.7624, 121.87, 6.3476, -0.7624, 240, 0, 0
L 119.9899, 0.437, -0.7624, 120.3983, 5.2279, -0.7624, 240, 0, 0
L 120.1868, -1.161, -0.7624, 119.9899, 0.437, -0.7624, 240, 0, 0
L 120.8449, -2.9316, -0.7624, 120.1868, -1.161, -0.7624, 240, 0, 0
L 123.353, -5.8102, -0.7624, 120.8449, -2.9316, -0.7624, 240, 0, 0
L 124.7456, -6.5155, -0.7624, 123.353, -5.8102, -0.7624, 240, 0, 0
L 128.4514, -7.4554, -0.7624, 124.7456, -6.5155, -0.7624, 240, 0, 0
L 130.2607, -7.724, -0.7624, 128.4514, -7.4554, -0.7624, 240, 0, 0
L 132.9909, -5.3531, -0.7624, 130.2607, -7.724, -0.7624, 240, 0, 0
L 134.3573, -2.546, -0.7624, 132.9909, -5.3531, -0.7624, 240, 0, 0
L -23.4716, 122.2634, 130.2375, -24.5018, 116.6504, 130.2375, 240, 0, 0
L -24.3704, 123.8169, 130.2375, -23.4716, 122.2634, 130.2375, 240, 0, 0
L -25.2197, 124.9921, 130.2375, -24.3704, 123.8169, 130.2375, 240, 0, 0
L -28.4492, 128.4267, 130.2375, -25.2197, 124.9921, 130.2375, 240, 0, 0
L -31.9037, 129.1202, 130.2375, -28.4492, 128.4267, 130.2375, 240, 0, 0
L -33.8776, 128.8026, 130.2375, -31.9037, 129.1202, 130.2375, 240, 0, 0
L -37.3652, 127.8354, 130.2375, -33.8776, 128.8026, 130.2375, 240, 0, 0
L -39.7558, 125.3044, 130.2375, -37.3652, 127.8354, 130.2375, 240, 0, 0
L -40.9962, 122.2993, 130.2375, -39.7558, 125.3044, 130.2375, 240, 0, 0
L -41.6799, 118.2061, 130.2375, -40.9962, 122.2993, 130.2375, 240, 0, 0
L -36.9185, 113.2403, 130.2375, -41.6799, 118.2061, 130.2375, 240, 0, 0
L -35.3183, 112.665, 130.2375, -36.9185, 113.2403, 130.2375, 240, 0, 0
L -33.4358, 112.2055, 130.2375, -35.3183, 112.665, 130.2375, 240, 0, 0
L -31.6701, 112.4638, 130.2375, -33.4358, 112.2055, 130.2375, 240, 0, 0
L -29.7899, 113.91, 130.2375, -31.6701, 112.4638, 130.2375, 240, 0, 0
L -28.2271, 113.5905, 130.2375, -29.7899, 113.91, 130.2375, 240, 0, 0
L -26.504, 114.5948, 130.2375, -28.2271, 113.5905, 130.2375, 240, 0, 0
L -24.3611, 116.7513, 130.2375, -26.504, 114.5948, 130.2375, 240, 0, 0
L -121.6469, -0.8597, -0.464, -122.9939, -2.9834, -0.3682, 240, 0, 0
L -121.3705, 0.6957, -0.6582, -121.6931, -1.61, -0.5229, 240, 0, 0
L -121.5927, 2.4416, -0.7521, -121.3705, 0.6957, -0.6582, 240, 0, 0
L -122.7938, 4.312, -0.4708, -121.5927, 2.4416, -0.7521, 240, 0, 0
L -123.9308, 5.1016, -0.4511, -122.7938, 4.312, -0.4708, 240, 0, 0
L -125.754, 5.9096, -0.3761, -123.9308, 5.1016, -0.4511, 240, 0, 0
L -127.3251, 6.4379, -0.4632, -125.754, 5.9096, -0.3761, 240, 0, 0
L -129.1945, 6.7152, -0.7624, -127.3251, 6.4379, -0.4632, 240, 0, 0
L -130.919, 5.8967, -0.4602, -129.1945, 6.7152, -0.7624, 240, 0, 0
L -132.2279, 4.8166, -0.4612, -130.919, 5.8967, -0.4602, 240, 0, 0
L -133.3069, 3.1581, -0.3682, -132.2279, 4.8166, -0.4612, 240, 0, 0
L -134.994, 1.3373, -0.3855, -133.3069, 3.1581, -0.3682, 240, 0, 0
L -134.4886, -0.5012, -0.5485, -134.994, 1.3373, -0.3855, 240, 0, 0
L -133.8391, -2.708, -0.3682, -134.4886, -0.5012, -0.5485, 240, 0, 0
L -133.1667, -3.4066, -0.436, -133.8391, -2.708, -0.3682, 240, 0, 0
L -132.281, -4.9973, -0.5773, -133.1667, -3.4066, -0.436, 240, 0, 0
L -130.8343, -5.9694, -0.578, -132.281, -4.9973, -0.5773, 240, 0, 0
L -128.9919, -6.553, -0.73, -130.8343, -5.9694, -0.578, 240, 0, 0
L -127.2085, -6.5259, -0.5128, -128.9919, -6.553, -0.73, 240, 0, 0
L -125.4812, -5.7855, -0.3951, -127.2085, -6.5259, -0.5128, 240, 0, 0
L -123.9312, -4.5637, -0.3682, -125.4812, -5.7855, -0.3951, 240, 0, 0
L -122.3947, -2.697, -0.3682, -123.9312, -4.5637, -0.3682, 240, 0, 0
L 55.2032, 11.2274, 112.1414, 55.8402, 9.5136, 111.3824, 0, 240, 0
L 54.6865, 12.5381, 112.3094, 55.2032, 11.2274, 112.1414, 0, 240, 0
L 53.4697, 14.952, 109.2376, 54.6865, 12.5381, 112.3094, 0, 240, 0
L 53.294, 15.5207, 109.2376, 53.4697, 14.952, 109.2376, 0, 240, 0
L 51.8545, 21.5341, 109.2376, 53.294, 15.5207, 109.2376, 0, 240, 0
L 46.575, 29.9055, 113.2941, 51.8545, 21.5341, 109.2376, 0, 240, 0
L 41.2854, 38.2591, 110.17, 46.575, 29.9055, 113.2941, 0, 240, 0
L 40.4639, 39.5801, 109.2376, 41.2854, 38.2591, 110.17, 0, 240, 0
L 39.67, 41.3258, 109.2376, 40.4639, 39.5801, 109.2376, 0, 240, 0
L 52.493, 54.206, 109.2374, 39.67, 41.3258, 109.2376, 0, 240, 0
L 51.7618, 56.95, 110.3594, 52.493, 54.206, 109.2374, 0, 240, 0
L 52.8147, 57.6617, 111.2382, 51.7618, 56.95, 110.3594, 0, 240, 0
L 34.48, 70.4783, 111.2374, 52.8147, 57.6617, 111.2382, 0, 240, 0
L 23.4989, 52.4575, 109.2376, 30.4407, 69.3906, 109.2377, 0, 240, 0
L 23.4737, 50.7978, 109.2376, 23.4989, 52.4575, 109.2376, 0, 240, 0
L 21.5245, 50.63, 109.2464, 23.4737, 50.7978, 109.2376, 0, 240, 0
L 19.6729, 50.6895, 111.2376, 21.5245, 50.63, 109.2464, 0, 240, 0
L 18.8856, 52.4065, 111.938, 19.6729, 50.6895, 111.2376, 0, 240, 0
L 19.5051, 54.2571, 109.2376, 18.8856, 52.4065, 111.938, 0, 240, 0
L 25.4708, 69.7887, 109.2373, 19.5051, 54.2571, 109.2376, 0, 240, 0
L -23.8399, 69.7823, 109.2376, 25.4708, 69.7887, 109.2373, 0, 240, 0
L -25.4234, 69.6637, 109.2376, -23.8399, 69.7823, 109.2376, 0, 240, 0
L -20.773, 55.9014, 109.2376, -25.4234, 69.6637, 109.2376, 0, 240, 0
L -17.5753, 52.8528, 109.2376, -20.773, 55.9014, 109.2376, 0, 240, 0
L -19.6761, 51.4116, 111.2376, -17.5753, 52.8528, 109.2376, 0, 240, 0
L -21.3325, 50.3507, 109.2376, -19.6761, 51.4116, 111.2376, 0, 240, 0
L -23.285, 51.3611, 109.2374, -21.3325, 50.3507, 109.2376, 0, 240, 0
L -30.3139, 69.1628, 109.2373, -23.285, 51.3611, 109.2374, 0, 240, 0
L -32.236, 69.5134, 109.2376, -30.3139, 69.1628, 109.2373, 0, 240, 0
L -32.8299, 71.2866, 111.2374, -32.236, 69.5134, 109.2376, 0, 240, 0
L -51.7158, 58.4061, 111.2376, -32.8299, 71.2866, 111.2374, 0, 240, 0
L -52.2597, 56.9007, 109.2376, -51.7158, 58.4061, 111.2376, 0, 240, 0
L -52.197, 55.1126, 109.2376, -52.2597, 56.9007, 109.2376, 0, 240, 0
L -52.465, 53.2468, 109.2376, -52.197, 55.1126, 109.2376, 0, 240, 0
L -57.6066, 45.3504, 109.2376, -52.465, 53.2468, 109.2376, 0, 240, 0
L -58.4498, 43.881, 109.2376, -57.6066, 45.3504, 109.2376, 0, 240, 0
L -65.1705, 33.9876, 109.2376, -58.4498, 43.881, 109.2376, 0, 240, 0
L -66.1484, 32.3123, 109.2376, -65.1705, 33.9876, 109.2376, 0, 240, 0
L -66.8971, 30.5048, 109.2376, -66.1484, 32.3123, 109.2376, 0, 240, 0
L -69.1246, 27.9126, 109.2376, -66.8971, 30.5048, 109.2376, 0, 240, 0
L -70.5067, 27.627, 109.2376, -69.1246, 27.9126, 109.2376, 0, 240, 0
L -72.138, 26.403, 109.2376, -70.5067, 27.627, 109.2376, 0, 240, 0
L -73.7129, 25.3611, 111.2374, -72.138, 26.403, 109.2376, 0, 240, 0
L -78.648, 3.5026, 111.2376, -73.7129, 25.3611, 111.2374, 0, 240, 0
L -76.5467, 4.4813, 109.2376, -78.648, 3.5026, 111.2376, 0, 240, 0
L -74.9615, 3.357, 109.2376, -76.5467, 4.4813, 109.2376, 0, 240, 0
L -74.3576, -1.4509, 109.2376, -74.9615, 3.357, 109.2376, 0, 240, 0
L -71.7604, -10.8427, 109.2376, -74.3576, -1.4509, 109.2376, 0, 240, 0
L -69.6841, -24.6889, 109.2374, -71.7604, -10.8427, 109.2376, 0, 240, 0
L -69.2095, -29.9389, 109.2377, -69.6841, -24.6889, 109.2374, 0, 240, 0
L -69.2352, -31.9254, 109.2376, -69.2095, -29.9389, 109.2377, 0, 240, 0
L -70.9505, -32.8644, 111.2374, -69.2352, -31.9254, 109.2376, 0, 240, 0
L -58.2209, -51.9048, 111.2376, -70.9505, -32.8644, 111.2374, 0, 240, 0
L -56.121, -51.7742, 109.2376, -58.2209, -51.9048, 111.2376, 0, 240, 0
L -54.1983, -51.7948, 109.2374, -56.121, -51.7742, 109.2376, 0, 240, 0
L -35.1501, -64.3525, 109.2376, -54.1983, -51.7948, 109.2374, 0, 240, 0
L -33.7062, -65.6274, 109.2376, -35.1501, -64.3525, 109.2376, 0, 240, 0
L -28.8201, -68.5858, 109.2376, -33.7062, -65.6274, 109.2376, 0, 240, 0
L -27.7974, -70.1824, 109.2376, -28.8201, -68.5858, 109.2376, 0, 240, 0
L -26.3275, -71.5224, 109.2376, -27.7974, -70.1824, 109.2376, 0, 240, 0
L -26.8968, -73.3285, 111.2374, -26.3275, -71.5224, 109.2376, 0, 240, 0
L -5.3201, -77.7013, 111.2376, -26.8968, -73.3285, 111.2374, 0, 240, 0
L -3.5623, -77.7296, 111.2374, -5.3201, -77.7013, 111.2376, 0, 240, 0
L -2.8048, -75.9419, 109.2376, -3.5623, -77.7296, 111.2374, 0, 240, 0
L -1.4516, -74.5802, 109.2376, -2.8048, -75.9419, 109.2376, 0, 240, 0
L 8.596, -72.8272, 109.2376, -1.4516, -74.5802, 109.2376, 0, 240, 0
L 21.9277, -70.1216, 109.2376, 8.596, -72.8272, 109.2376, 0, 240, 0
L 23.3095, -69.9605, 109.2376, 21.9277, -70.1216, 109.2376, 0, 240, 0
L 25.2481, -69.5656, 109.2376, 23.3095, -69.9605, 109.2376, 0, 240, 0
L 29.9298, -69.1791, 109.2376, 25.2481, -69.5656, 109.2376, 0, 240, 0
L 31.9144, -69.2023, 109.2376, 29.9298, -69.1791, 109.2376, 0, 240, 0
L 32.85, -70.9142, 111.2374, 31.9144, -69.2023, 109.2376, 0, 240, 0
L 51.9074, -58.2197, 111.2374, 32.85, -70.9142, 111.2374, 0, 240, 0
L 52.298, -56.5975, 109.2376, 51.9074, -58.2197, 111.2374, 0, 240, 0
L 51.2458, -55.5405, 109.2374, 52.298, -56.5975, 109.2376, 0, 240, 0
L 52.905, -52.326, 109.2376, 51.2458, -55.5405, 109.2374, 0, 240, 0
L 55.3111, -47.9705, 109.2376, 52.905, -52.326, 109.2376, 0, 240, 0
L 60.9463, -39.5429, 109.2376, 55.3111, -47.9705, 109.2376, 0, 240, 0
L 65.1971, -33.9361, 109.2376, 60.9463, -39.5429, 109.2376, 0, 240, 0
L 67.5935, -29.9361, 109.2376, 65.1971, -33.9361, 109.2376, 0, 240, 0
L 68.805, -28.4598, 109.2376, 67.5935, -29.9361, 109.2376, 0, 240, 0
L 70.3834, -27.2826, 109.2376, 68.805, -28.4598, 109.2376, 0, 240, 0
L 71.938, -26.3977, 109.2376, 70.3834, -27.2826, 109.2376, 0, 240, 0
L 73.6837, -25.524, 111.2376, 71.938, -26.3977, 109.2376, 0, 240, 0
L 75.4552, -16.6329, 111.1743, 73.6837, -25.524, 111.2376, 0, 240, 0
L 75.8348, -14.6931, 109.2376, 75.4552, -16.6329, 111.1743, 0, 240, 0
L 78.1261, -3.2109, 109.2374, 75.8348, -14.6931, 109.2376, 0, 240, 0
L 76.1561, -2.898, 109.2376, 78.1261, -3.2109, 109.2374, 0, 240, 0
L 75.6581, 1.729, 109.4512, 76.1561, -2.898, 109.2376, 0, 240, 0
L 76.1645, 2.9053, 109.7075, 75.6581, 1.729, 109.4512, 0, 240, 0
L 77.4403, 6.6675, 110.3117, 78.1205, 3.2113, 109.9288, 0, 240, 0
L 5.8354, 43.9369, 129.133, 5.5377, 43.822, 126.9206, 0, 240, 0
L 10.6128, 46.301, 130.2375, 7.6905, 44.6525, 130.2375, 0, 240, 0
L 19.8337, 51.682, 130.2375, 10.504, 45.9221, 130.2375, 0, 240, 0
L 21.5706, 52.5833, 130.2375, 19.8337, 51.682, 130.2375, 0, 240, 0
L 23.85, 53.2079, 130.1447, 21.5706, 52.5833, 130.2375, 0, 240, 0
L 24.5501, 51.9061, 129.6288, 23.85, 53.2079, 130.1447, 0, 240, 0
L 31.9429, 47.691, 127.6068, 24.5501, 51.9061, 129.6288, 0, 240, 0
L 40.176, 42.6738, 124.5648, 31.9429, 47.691, 127.6068, 0, 240, 0
L 41.38, 41.7635, 124.3062, 40.176, 42.6738, 124.5648, 0, 240, 0
L 42.7075, 39.9269, 123.2635, 41.38, 41.7635, 124.3062, 0, 240, 0
L 43.591, 38.7045, 122.7386, 42.7075, 39.9269, 123.2635, 0, 240, 0
L 45.3333, 36.16, 121.4518, 43.591, 38.7045, 122.7386, 0, 240, 0
L 46.465, 35.927, 121.788, 45.3333, 36.16, 121.4518, 0, 240, 0
L 52.8699, 24.1904, 115.7168, 46.465, 35.927, 121.788, 0, 240, 0
L 53.6843, 22.8318, 115.361, 52.8699, 24.1904, 115.7168, 0, 240, 0
L 54.2586, 20.7569, 114.5159, 53.6843, 22.8318, 115.361, 0, 240, 0
L 54.6006, 19.5209, 114.2605, 54.2586, 20.7569, 114.5159, 0, 240, 0
L 55.585, 16.884, 113.3101, 54.6006, 19.5209, 114.2605, 0, 240, 0
L 56.4866, 7.5377, 110.7018, 55.585, 16.884, 113.3101, 0, 240, 0
L 57.1741, 1.3097, 109.5211, 56.4866, 7.5377, 110.7018, 0, 240, 0
L -0.4571, 43.2374, 130.2375, 9.326, 44.7079, 130.1818, 0, 240, 0
L -11.6263, 45.4433, 130.2307, -0.4571, 43.2374, 130.2375, 0, 240, 0
L -22.321, 52.6572, 130.2375, -11.6263, 45.4433, 130.2307, 0, 240, 0
L -50.4189, 22.1975, 329.1963, -38.9842, 17.4599, 330.577, 0, 240, 0
L -21.5045, 52.9981, 319.1356, -22.414, 52.7419, 319.826, 0, 240, 0
L -9.853, 55.3136, 314.5536, -21.5045, 52.9981, 319.1356, 0, 240, 0
L -0.2071, 57.2941, 311.2185, -9.853, 55.3136, 314.5536, 0, 240, 0
L 10.7559, 55.1204, 307.389, -0.2071, 57.2941, 311.2185, 0, 240, 0
L 19.9613, 53.2852, 305.4651, 10.7559, 55.1204, 307.389, 0, 240, 0
L 21.757, 52.9915, 303.1331, 19.9613, 53.2852, 305.4651, 0, 240, 0
L 29.5081, 47.8134, 301.8263, 21.757, 52.9915, 303.1331, 0, 240, 0
L 38.8196, 41.6092, 297.701, 29.5081, 47.8134, 301.8263, 0, 240, 0
L 40.4577, 40.5386, 297.1786, 38.8196, 41.6092, 297.701, 0, 240, 0
L 41.7466, 38.6088, 296.3593, 40.4577, 40.5386, 297.1786, 0, 240, 0
L 51.8038, 23.5284, 287.7144, 41.7466, 38.6088, 296.3593, 0, 240, 0
L 52.6929, 22.1874, 287.3043, 51.8038, 23.5284, 287.7144, 0, 240, 0
L 53.2571, 20.3586, 286.6358, 52.6929, 22.1874, 287.3043, 0, 240, 0
L 53.6801, 18.442, 285.769, 53.2571, 20.3586, 286.6358, 0, 240, 0
L 54.1758, 16.1464, 285.1347, 53.6801, 18.442, 285.769, 0, 240, 0
L 57.474, 3.327, 280.948, 54.1758, 16.1464, 285.1347, 0, 240, 0
L 57.5356, -0.7683, 278.9044, 57.474, 3.327, 280.948, 0, 240, 0
L 57.1482, -2.5081, 278.3901, 57.5356, -0.7683, 278.9044, 0, 240, 0
L 56.3586, -6.1262, 276.7923, 57.1482, -2.5081, 278.3901, 0, 240, 0
L 55.8849, -8.2676, 276.518, 56.3586, -6.1262, 276.7923, 0, 240, 0
L 55.5544, -9.7411, 275.706, 55.8849, -8.2676, 276.518, 0, 240, 0
L 55.1285, -11.7065, 274.7377, 55.5544, -9.7411, 275.706, 0, 240, 0
L 54.8078, -13.1593, 274.218, 55.1285, -11.7065, 274.7377, 0, 240, 0
L 54.4065, -14.9544, 273.7289, 54.8078, -13.1593, 274.218, 0, 240, 0
L 54.91, -16.4133, 273.58, 54.4065, -14.9544, 273.7289, 0, 240, 0
L 53.6315, -18.4602, 272.5206, 54.91, -16.4133, 273.58, 0, 240, 0
L 53.6283, -20.4332, 271.6503, 53.6315, -18.4602, 272.5206, 0, 240, 0
L 52.8333, -21.9436, 271.6834, 53.6283, -20.4332, 271.6503, 0, 240, 0
L 42.2466, -38.675, 266.1369, 52.8333, -21.9436, 271.6834, 0, 240, 0
L 41.1951, -39.6696, 264.8801, 42.2466, -38.675, 266.1369, 0, 240, 0
L 40.213, -41.247, 265.969, 41.1951, -39.6696, 264.8801, 0, 240, 0
L 23.1785, -51.902, 264.8498, 40.213, -41.247, 265.969, 0, 240, 0
L 22.485, -52.6918, 265.1, 23.1785, -51.902, 264.8498, 0, 240, 0
L 20.2383, -53.3168, 263.2375, 22.485, -52.6918, 265.1, 0, 240, 0
L 19.5103, -54.8855, 263.2373, 20.2383, -53.3168, 263.2375, 0, 240, 0
L 17.7747, -55.3843, 263.2375, 19.5103, -54.8855, 263.2373, 0, 240, 0
L 16.3692, -55.375, 263.2375, 17.7747, -55.3843, 263.2375, 0, 240, 0
L 15.5695, -53.5056, 263.2375, 16.3692, -55.375, 263.2375, 0, 240, 0
L 14.2432, -52.2115, 263.2375, 15.5695, -53.5056, 263.2375, 0, 240, 0
L 13.9232, -50.2528, 263.2375, 14.2432, -52.2115, 263.2375, 0, 240, 0
L 13.8294, -48.889, 263.2373, 13.9232, -50.2528, 263.2375, 0, 240, 0
L 16.8611, -48.4012, 263.2375, 13.8294, -48.889, 263.2373, 0, 240, 0
L 19.2768, -48.9874, 265.1501, 16.8611, -48.4012, 263.2375, 0, 240, 0
L -32.906, 0.381, 263.2375, -31.7606, 0.3564, 263.2375, 0, 240, 0
L -33.9692, 0.7513, 263.2375, -32.906, 0.381, 263.2375, 0, 240, 0
L -35.9313, 0.6582, 263.2375, -33.9692, 0.7513, 263.2375, 0, 240, 0
L -35.4228, -1.2737, 263.2375, -35.9313, 0.6582, 263.2375, 0, 240, 0
L -35.7552, -3.583, 263.2373, -35.4228, -1.2737, 263.2375, 0, 240, 0
L -40.225, -3.3849, 263.2375, -35.7552, -3.583, 263.2373, 0, 240, 0
L -41.7302, -2.1831, 263.2373, -40.225, -3.3849, 263.2375, 0, 240, 0
L -42.1933, -0.4702, 263.2375, -41.7302, -2.1831, 263.2373, 0, 240, 0
L -40.7588, 1.6687, 265.1571, -42.1933, -0.4702, 263.2375, 0, 240, 0
L 2.739, -40.7815, 263.2375, 12.8918, -38.6253, 263.2373, 0, 240, 0
L 0.2639, -41.2492, 263.2375, 2.739, -40.7815, 263.2375, 0, 240, 0
L -13.8021, -38.4528, 263.2375, 0.2639, -41.2492, 263.2375, 0, 240, 0
L -15.5022, -38.2347, 263.2375, -13.8021, -38.4528, 263.2375, 0, 240, 0
L -29.1342, -29.1172, 263.2375, -15.5022, -38.2347, 263.2375, 0, 240, 0
L -36.1811, -18.5863, 263.2375, -29.1342, -29.1172, 263.2375, 0, 240, 0
L -37.9307, -17.6208, 263.2375, -36.1811, -18.5863, 263.2375, 0, 240, 0
L -38.953, -16.3586, 263.2375, -37.9307, -17.6208, 263.2375, 0, 240, 0
L -39.4718, -13.1509, 263.2373, -38.953, -16.3586, 263.2375, 0, 240, 0
L -38.893, -11.5427, 263.2373, -39.4718, -13.1509, 263.2373, 0, 240, 0
L -35.2593, -10.561, 263.2375, -38.893, -11.5427, 263.2373, 0, 240, 0
L -33.5857, -11.3655, 263.2371, -35.2593, -10.561, 263.2375, 0, 240, 0
L -33.2428, -13.2334, 263.2375, -33.5857, -11.3655, 263.2371, 0, 240, 0
L -33.3695, -15.961, 263.2373, -33.2428, -13.2334, 263.2375, 0, 240, 0
L -26.597, -26.359, 263.2375, -33.3695, -15.961, 263.2373, 0, 240, 0
L -21.7435, -28.9226, 263.2375, -26.597, -26.359, 263.2375, 0, 240, 0
L -21.2444, -23.286, 263.2375, -21.7435, -28.9226, 263.2375, 0, 240, 0
L -21.239, -21.6841, 263.2375, -21.2444, -23.286, 263.2375, 0, 240, 0
L -21.7885, -20.1618, 263.2375, -21.239, -21.6841, 263.2375, 0, 240, 0
L -21.8812, -18.2737, 263.2375, -21.7885, -20.1618, 263.2375, 0, 240, 0
L -20.4695, -17.3402, 263.2375, -21.8812, -18.2737, 263.2375, 0, 240, 0
L -5.8902, -17.3409, 263.2375, -20.4695, -17.3402, 263.2375, 0, 240, 0
L -4.3026, -17.3418, 263.8016, -5.8902, -17.3409, 263.2375, 0, 240, 0
L -2.6345, -17.207, 265.344, -4.3026, -17.3418, 263.8016, 0, 240, 0
L -2.2164, -15.2114, 265.1193, -2.6345, -17.207, 265.344, 0, 240, 0
L -2.213, -13.5935, 265.1229, -2.2164, -15.2114, 265.1193, 0, 240, 0
L -3.2113, -11.7063, 267.2289, -2.213, -13.5935, 265.1229, 0, 240, 0
L -3.5771, -10.6753, 267.2375, -3.2113, -11.7063, 267.2289, 0, 0, 240
L -7.2079, -9.4626, 267.2375, -3.5771, -10.6753, 267.2375, 0, 0, 240
L -9.7974, -7.676, 267.2375, -7.2079, -9.4626, 267.2375, 0, 0, 240
L -10.5405, -5.8611, 267.2375, -9.7974, -7.676, 267.2375, 0, 0, 240
L -11.4795, -2.3515, 267.2375, -10.5405, -5.8611, 267.2375, 0, 0, 240
L -11.83, -0.704, 267.2375, -11.4795, -2.3515, 267.2375, 0, 0, 240
L -11.9855, 1.6861, 267.2373, -11.83, -0.704, 267.2375, 0, 0, 240
L -10.6016, 5.1444, 267.2375, -11.9855, 1.6861, 267.2373, 0, 0, 240
L -9.6219, 6.5216, 267.2375, -10.6016, 5.1444, 267.2375, 0, 0, 240
L -8.5396, 7.8404, 267.2373, -9.6219, 6.5216, 267.2375, 0, 0, 240
L -3.2111, 10.7765, 267.2373, -8.5396, 7.8404, 267.2373, 0, 0, 240
L -3.2322, 11.379, 267.2144, -3.2111, 10.7765, 267.2373, 0, 240, 0
L -2.621, 13.1089, 264.724, -3.2322, 11.379, 267.2144, 0, 240, 0
L -2.216, 15.6608, 265.1184, -2.621, 13.1089, 264.724, 0, 240, 0
L -2.5594, 17.499, 263.3405, -2.216, 15.6608, 265.1184, 0, 240, 0
L -16.6077, 17.4919, 263.2375, -2.5594, 17.499, 263.3405, 0, 240, 0
L -17.8482, 17.1126, 263.2375, -16.6077, 17.4919, 263.2375, 0, 240, 0
L -19.4654, 17.2304, 263.2375, -17.8482, 17.1126, 263.2375, 0, 240, 0
L -20.8758, 17.7828, 263.2375, -19.4654, 17.2304, 263.2375, 0, 240, 0
L -21.2382, 29.154, 263.2375, -20.8758, 17.7828, 263.2375, 0, 240, 0
L -26.349, 26.605, 263.2375, -21.2382, 29.154, 263.2375, 0, 240, 0
L -33.583, 15.5503, 263.2375, -26.349, 26.605, 263.2375, 0, 240, 0
L -33.5863, 13.6842, 263.2375, -33.583, 15.5503, 263.2375, 0, 240, 0
L -32.6732, 12.4222, 263.2375, -33.5863, 13.6842, 263.2375, 0, 240, 0
L -30.8764, 12.1318, 263.2375, -32.6732, 12.4222, 263.2375, 0, 240, 0
L -29.1932, 11.6381, 263.2375, -30.8764, 12.1318, 263.2375, 0, 240, 0
L -28.5619, 9.9733, 263.2375, -29.1932, 11.6381, 263.2375, 0, 240, 0
L -29.5408, 6.1761, 263.2375, -28.5619, 9.9733, 263.2375, 0, 240, 0
L -30.3261, 1.5278, 263.2375, -29.5408, 6.1761, 263.2375, 0, 240, 0
L -31.7539, 0.3141, 263.2375, -30.3261, 1.5278, 263.2375, 0, 240, 0
L -39.3213, 9.1679, 265.688, -40.7759, 1.6099, 265.1483, 0, 240, 0
L -38.9504, 11.1332, 263.2375, -39.3213, 9.1679, 265.688, 0, 240, 0
L -38.3254, 15.3713, 263.2375, -38.9504, 11.1332, 263.2375, 0, 240, 0
L -30.963, 27.6857, 263.2375, -38.3254, 15.3713, 263.2375, 0, 240, 0
L -29.3719, 28.9406, 263.2375, -30.963, 27.6857, 263.2375, 0, 240, 0
L -16.2327, 37.7404, 263.2375, -29.3719, 28.9406, 263.2375, 0, 240, 0
L -10.6484, 39.79, 263.2375, -16.2327, 37.7404, 263.2375, 0, 240, 0
L -1.5673, 40.8849, 263.2375, -10.6484, 39.79, 263.2375, 0, 240, 0
L -0.3049, 41.2252, 263.2375, -1.5673, 40.8849, 263.2375, 0, 240, 0
L 13.5548, 38.4988, 263.2375, -0.3049, 41.2252, 263.2375, 0, 240, 0
L 15.4185, 38.2745, 263.2375, 13.5548, 38.4988, 263.2375, 0, 240, 0
L 29.659, 29.2256, 263.2375, 15.4185, 38.2745, 263.2375, 0, 240, 0
L 36.9249, 17.4785, 263.2375, 29.659, 29.2256, 263.2375, 0, 240, 0
L 38.7261, 16.721, 263.2375, 36.9249, 17.4785, 263.2375, 0, 240, 0
L 39.4628, 14.9191, 263.2375, 38.7261, 16.721, 263.2375, 0, 240, 0
L 39.4181, 12.9694, 263.2375, 39.4628, 14.9191, 263.2375, 0, 240, 0
L 38.24, 11.6142, 263.2375, 39.4181, 12.9694, 263.2375, 0, 240, 0
L 36.1351, 11.3339, 263.2375, 38.24, 11.6142, 263.2375, 0, 240, 0
L 34.1614, 11.2187, 263.2373, 36.1351, 11.3339, 263.2375, 0, 240, 0
L 33.2852, 13.96, 263.2375, 34.1614, 11.2187, 263.2373, 0, 240, 0
L 33.368, 14.9933, 263.2375, 33.2852, 13.96, 263.2375, 0, 240, 0
L 26.621, 26.324, 263.2375, 33.368, 14.9933, 263.2375, 0, 240, 0
L 21.9613, 28.7761, 263.2375, 26.621, 26.324, 263.2375, 0, 240, 0
L 21.5635, 19.2311, 263.2375, 21.9613, 28.7761, 263.2375, 0, 240, 0
L 20.7254, 17.6571, 263.2375, 21.5635, 19.2311, 263.2375, 0, 240, 0
L 5.2592, 17.5107, 263.2375, 20.7254, 17.6571, 263.2375, 0, 240, 0
L 3.9251, 17.5122, 263.8025, 5.2592, 17.5107, 263.2375, 0, 240, 0
L 2.2176, 16.5483, 265.1168, 3.9251, 17.5122, 263.8025, 0, 240, 0
L 2.2115, 14.8686, 265.1241, 2.2176, 16.5483, 265.1168, 0, 240, 0
L 2.9306, 13.295, 266.9535, 2.2115, 14.8686, 265.1241, 0, 240, 0
L 3.2113, 10.9969, 267.2373, 2.9306, 13.295, 266.9535, 0, 240, 0
L 4.562, 10.5401, 267.2375, 3.2113, 10.9969, 267.2373, 0, 0, 240
L 6.2685, 10.2005, 267.2373, 4.562, 10.5401, 267.2375, 0, 0, 240
L 9.2253, 7.1688, 267.2375, 6.2685, 10.2005, 267.2373, 0, 0, 240
L 11.1875, 3.3858, 267.2375, 9.2253, 7.1688, 267.2375, 0, 0, 240
L 11.8536, 1.689, 267.2375, 11.1875, 3.3858, 267.2375, 0, 0, 240
L 12.3127, -0.1459, 267.2375, 11.8536, 1.689, 267.2375, 0, 0, 240
L 12.227, -2.588, 267.2375, 12.3127, -0.1459, 267.2375, 0, 0, 240
L 11.1311, -5.5095, 267.2373, 12.227, -2.588, 267.2375, 0, 0, 240
L 7.4702, -8.5884, 267.2375, 11.1311, -5.5095, 267.2373, 0, 0, 240
L 3.4363, -10.2264, 267.2373, 7.4702, -8.5884, 267.2375, 0, 0, 240
L 3.4262, -10.3079, 267.2375, 3.4363, -10.2264, 267.2373, 0, 240, 0
L 3.1844, -12.2924, 264.7183, 3.4262, -10.3079, 267.2375, 0, 240, 0
L 2.2187, -13.9969, 265.1123, 3.1844, -12.2924, 264.7183, 0, 240, 0
L 2.2178, -15.6744, 265.117, 2.2187, -13.9969, 265.1123, 0, 240, 0
L 2.8466, -17.3312, 263.4116, 2.2178, -15.6744, 265.117, 0, 240, 0
L 19.1905, -17.3304, 263.2375, 2.8466, -17.3312, 263.4116, 0, 240, 0
L 20.8839, -17.5457, 263.2375, 19.1905, -17.3304, 263.2375, 0, 240, 0
L 21.3529, -25.424, 263.2375, 20.8839, -17.5457, 263.2375, 0, 240, 0
L 21.3521, -27.174, 263.2375, 21.3529, -25.424, 263.2375, 0, 240, 0
L 22.325, -28.7234, 263.2375, 21.3521, -27.174, 263.2375, 0, 240, 0
L 23.5887, -27.6839, 263.2375, 22.325, -28.7234, 263.2375, 0, 240, 0
L 24.8779, -26.331, 263.2375, 23.5887, -27.6839, 263.2375, 0, 240, 0
L 26.321, -26.623, 263.2375, 24.8779, -26.331, 263.2375, 0, 240, 0
L 32.4799, -16.4185, 263.2375, 26.321, -26.623, 263.2375, 0, 240, 0
L 32.951, -14.6963, 263.2375, 32.4799, -16.4185, 263.2375, 0, 240, 0
L 32.9891, -12.8325, 263.2375, 32.951, -14.6963, 263.2375, 0, 240, 0
L 31.271, -12.6654, 263.2375, 32.9891, -12.8325, 263.2375, 0, 240, 0
L 29.3926, -12.302, 263.2375, 31.271, -12.6654, 263.2375, 0, 240, 0
L 28.9287, -10.1834, 263.2375, 29.3926, -12.302, 263.2375, 0, 240, 0
L 29.8016, -5.918, 263.2375, 28.9287, -10.1834, 263.2375, 0, 240, 0
L 30.29, -3.9691, 263.2375, 29.8016, -5.918, 263.2375, 0, 240, 0
L 30.538, -2.1303, 263.2375, 30.29, -3.9691, 263.2375, 0, 240, 0
L 31.7692, -0.7044, 263.2375, 30.538, -2.1303, 263.2375, 0, 240, 0
L 33.5506, 0.1747, 263.2373, 31.7692, -0.7044, 263.2375, 0, 240, 0
L 35.4164, -0.4131, 263.2375, 33.5506, 0.1747, 263.2373, 0, 240, 0
L 34.7944, 1.4698, 263.2377, 35.4164, -0.4131, 263.2375, 0, 240, 0
L 35.9817, 2.6499, 263.238, 34.7944, 1.4698, 263.2377, 0, 240, 0
L 39.3684, 3.4308, 263.2375, 35.9817, 2.6499, 263.238, 0, 240, 0
L 41.1638, 3.4973, 263.2375, 39.3684, 3.4308, 263.2375, 0, 240, 0
L 41.8389, 1.6182, 263.2375, 41.1638, 3.4973, 263.2375, 0, 240, 0
L 42.1306, 0.2297, 263.2375, 41.8389, 1.6182, 263.2375, 0, 240, 0
L 40.8543, -1.2113, 265.1442, 42.1306, 0.2297, 263.2375, 0, 240, 0
L 39.349, -9.626, 265.368, 40.8543, -1.2113, 265.1442, 0, 240, 0
L 38.8956, -11.393, 263.2375, 39.349, -9.626, 265.368, 0, 240, 0
L 38.8489, -12.9365, 263.2375, 38.8956, -11.393, 263.2375, 0, 240, 0
L 38.23, -15.8256, 263.2375, 38.8489, -12.9365, 263.2375, 0, 240, 0
L 31.2428, -25.9691, 263.2375, 38.23, -15.8256, 263.2375, 0, 240, 0
L 29.5716, -28.8378, 263.2375, 31.2428, -25.9691, 263.2375, 0, 240, 0
L 19.765, -35.3881, 263.2375, 29.5716, -28.8378, 263.2375, 0, 240, 0
L 18.2966, -36.6182, 263.2375, 19.765, -35.3881, 263.2375, 0, 240, 0
L 16.591, -37.637, 263.2375, 18.2966, -36.6182, 263.2375, 0, 240, 0
L 8.3222, -39.5345, 263.2373, 16.591, -37.637, 263.2375, 0, 240, 0
L -37.3605, -37.3387, 265.1055, -38.615, -36.2888, 265.1134, 0, 240, 0
L -20.2307, -48.7916, 265.1621, -37.3605, -37.3387, 265.1055, 0, 240, 0
L -0.5129, -52.718, 265.1087, -20.2307, -48.7916, 265.1621, 0, 240, 0
L 1.3368, -51.9971, 263.2375, -0.5129, -52.718, 265.1087, 0, 240, 0
L 2.7027, -50.8331, 263.2373, 1.3368, -51.9971, 263.2375, 0, 240, 0
L 5.9755, -51.748, 263.2373, 2.7027, -50.8331, 263.2373, 0, 240, 0
L 6.6025, -56.22, 263.2375, 5.9755, -51.748, 263.2373, 0, 240, 0
L 5.6116, -57.4825, 263.2373, 6.6025, -56.22, 263.2375, 0, 240, 0
L 3.754, -57.8511, 263.2373, 5.6116, -57.4825, 263.2373, 0, 240, 0
L 2.16, -57.1432, 265.1032, 3.754, -57.8511, 263.2373, 0, 240, 0
L -0.767, -57.5277, 265.1129, 2.16, -57.1432, 265.1032, 0, 240, 0
L -19.8096, -53.3203, 265.935, -0.767, -57.5277, 265.1129, 0, 240, 0
L -21.6657, -53.414, 263.754, -19.8096, -53.3203, 265.935, 0, 240, 0
L -38.45, -42.1259, 256.267, -21.6657, -53.414, 263.754, 0, 240, 0
L -39.2385, -41.6981, 255.8011, -38.45, -42.1259, 256.267, 0, 240, 0
L -40.3537, -40.6993, 255.1142, -39.2385, -41.6981, 255.8011, 0, 240, 0
L -41.4196, -39.9, 254.6879, -40.3537, -40.6993, 255.1142, 0, 240, 0
L -50.5606, -25.4211, 248.549, -41.4196, -39.9, 254.6879, 0, 240, 0
L -51.4052, -24.1534, 248.971, -50.5606, -25.4211, 248.549, 0, 240, 0
L -52.7635, -22.8963, 248.7503, -51.4052, -24.1534, 248.971, 0, 240, 0
L -53.818, -20.968, 248.7059, -52.7635, -22.8963, 248.7503, 0, 240, 0
L -54.1146, -15.8041, 246.4267, -53.818, -20.968, 248.7059, 0, 240, 0
L -56.6743, -2.8456, 241.9767, -54.1146, -15.8041, 246.4267, 0, 240, 0
L -57.146, -0.4561, 240.9444, -56.6743, -2.8456, 241.9767, 0, 240, 0
L -56.9654, 1.4161, 240.2896, -57.146, -0.4561, 240.9444, 0, 240, 0
L -56.1897, 5.3689, 238.961, -56.9654, 1.4161, 240.2896, 0, 240, 0
L -55.7543, 7.606, 238.72, -56.1897, 5.3689, 238.961, 0, 240, 0
L -55.4669, 9.632, 237.6265, -55.7543, 7.606, 238.72, 0, 240, 0
L -53.6296, 18.4686, 234.962, -55.4669, 9.632, 237.6265, 0, 240, 0
L -53.3419, 20.14, 231.7614, -53.6296, 18.4686, 234.962, 0, 240, 0
L -52.9517, 21.8413, 232.9276, -53.3419, 20.14, 231.7614, 0, 240, 0
L -42.6796, 37.1948, 224.4727, -52.9517, 21.8413, 232.9276, 0, 240, 0
L -41.5827, 38.8277, 223.6923, -42.6796, 37.1948, 224.4727, 0, 240, 0
L -40.5262, 40.4808, 223.1348, -41.5827, 38.8277, 223.6923, 0, 240, 0
L -25.1685, 51.2635, 216.2165, -40.5262, 40.4808, 223.1348, 0, 240, 0
L -24.1234, 52.4384, 215.9342, -25.1685, 51.2635, 216.2165, 0, 240, 0
L -22.4666, 53.1525, 215.905, -24.1234, 52.4384, 215.9342, 0, 240, 0
L -0.4376, 57.201, 208.8497, -22.4666, 53.1525, 215.905, 0, 240, 0
L 16.1493, 54.1482, 203.449, -0.4376, 57.201, 208.8497, 0, 240, 0
L 19.2212, 53.9489, 200.2487, 16.1493, 54.1482, 203.449, 0, 240, 0
L 21.391, 53.9686, 200.712, 19.2212, 53.9489, 200.2487, 0, 240, 0
L 22.5163, 52.8496, 201.743, 21.391, 53.9686, 200.712, 0, 240, 0
L 38.762, 41.9802, 200.6216, 22.5163, 52.8496, 201.743, 0, 240, 0
L 39.375, 41.685, 200.9738, 38.762, 41.9802, 200.6216, 0, 240, 0
L 40.7271, 39.8459, 199.2384, 39.375, 41.685, 200.9738, 0, 240, 0
L 42.2543, 39.3117, 199.2375, 40.7271, 39.8459, 199.2384, 0, 240, 0
L 44.2721, 36.3956, 199.2375, 42.2543, 39.3117, 199.2375, 0, 240, 0
L 41.8738, 33.3502, 199.2375, 44.2721, 36.3956, 199.2375, 0, 240, 0
L 41.213, 32.292, 199.2375, 41.8738, 33.3502, 199.2375, 0, 240, 0
L 39.4309, 32.676, 199.2375, 41.213, 32.292, 199.2375, 0, 240, 0
L 38.3027, 34.1111, 199.2375, 39.4309, 32.676, 199.2375, 0, 240, 0
L 37.4662, 35.4924, 199.2375, 38.3027, 34.1111, 199.2375, 0, 240, 0
L 37.359, 37.3402, 201.1062, 37.4662, 35.4924, 199.2375, 0, 240, 0
L 20.2244, 48.7957, 201.1646, 37.359, 37.3402, 201.1062, 0, 240, 0
L 0.157, 52.8201, 201.1638, 20.2244, 48.7957, 201.1646, 0, 240, 0
L -19.8227, 48.8787, 201.1673, 0.157, 52.8201, 201.1638, 0, 240, 0
L -37.3367, 37.3618, 201.104, -19.8227, 48.8787, 201.1673, 0, 240, 0
L -48.7924, 20.2298, 201.161, -37.3367, 37.3618, 201.104, 0, 240, 0
L -51.9033, 4.3711, 201.964, -48.7924, 20.2298, 201.161, 0, 240, 0
L -52.3425, -2.1301, 201.882, -51.9033, 4.3711, 201.964, 0, 240, 0
L -48.8044, -20.2008, 201.1101, -52.3425, -2.1301, 201.882, 0, 240, 0
L -37.5897, -36.9932, 201.112, -48.8044, -20.2008, 201.1101, 0, 240, 0
L -20.2298, -48.7922, 201.1627, -37.5897, -36.9932, 201.112, 0, 240, 0
L -0.16, -52.8201, 201.1633, -20.2298, -48.7922, 201.1627, 0, 240, 0
L 20.2006, -48.8051, 201.1065, -0.16, -52.8201, 201.1633, 0, 240, 0
L 37.3389, -37.3603, 201.1063, 20.2006, -48.8051, 201.1065, 0, 240, 0
L 48.3742, -20.8497, 201.1015, 37.3389, -37.3603, 201.1063, 0, 240, 0
L 48.9604, -19.382, 201.1615, 48.3742, -20.8497, 201.1015, 0, 240, 0
L 52.5501, -1.3429, 201.1666, 48.9604, -19.382, 201.1615, 0, 240, 0
L 52.7188, 0.4853, 201.162, 52.5501, -1.3429, 201.1666, 0, 240, 0
L 48.9271, 19.5539, 201.1699, 52.7188, 0.4853, 201.162, 0, 240, 0
L 48.2475, 21.438, 201.814, 48.9271, 19.5539, 201.1699, 0, 240, 0
L 46.6634, 21.6348, 199.2375, 48.2475, 21.438, 201.814, 0, 240, 0
L 45.649, 22.7373, 199.2375, 46.6634, 21.6348, 199.2375, 0, 240, 0
L 45.3333, 24.7142, 199.2375, 45.649, 22.7373, 199.2375, 0, 240, 0
L 46.5407, 25.9105, 199.2375, 45.3333, 24.7142, 199.2375, 0, 240, 0
L 49.8526, 27.698, 199.2375, 46.5407, 25.9105, 199.2375, 0, 240, 0
L 51.4117, 26.4877, 199.2375, 49.8526, 27.698, 199.2375, 0, 240, 0
L 52.3297, 24.7716, 199.2375, 51.4117, 26.4877, 199.2375, 0, 240, 0
L 52.6109, 22.8702, 200.8781, 52.3297, 24.7716, 199.2375, 0, 240, 0
L 53.274, 21.4502, 201.595, 52.6109, 22.8702, 200.8781, 0, 240, 0
L 56.4055, 4.5705, 201.272, 53.274, 21.4502, 201.595, 0, 240, 0
L -51.2239, 17.8149, 351.2375, -50.7522, 21.9896, 351.1537, 0, 240, 0
L -54.76, 4.5048, 351.2375, -51.2239, 17.8149, 351.2375, 0, 240, 0
L -54.451, -0.1471, 351.2375, -54.76, 4.5048, 351.2375, 0, 240, 0
L -53.7789, -6.5891, 351.2375, -54.451, -0.1471, 351.2375, 0, 240, 0
L -52.242, -17.4943, 351.2375, -53.7789, -6.5891, 351.2375, 0, 240, 0
L -40.3241, -35.8059, 351.2375, -52.242, -17.4943, 351.2375, 0, 240, 0
L 28.8685, 11.9459, 328.2375, 30.5961, 3.3227, 328.2375, 0, 240, 0
L 22.3084, 21.8033, 328.2375, 28.8685, 11.9459, 328.2375, 0, 240, 0
L 18.8748, 24.2658, 328.2375, 22.3084, 21.8033, 328.2375, 0, 240, 0
L -31.6761, 14.4312, 329.3168, -40.3838, 18.483, 332.7576, 0, 240, 0
L -29.723, 14.304, 328.1931, -31.6761, 14.4312, 329.3168, 0, 240, 0
L -27.7789, 13.5716, 328.2375, -29.723, 14.304, 328.1931, 0, 240, 0
L -22.6828, 21.2779, 328.2375, -27.7789, 13.5716, 328.2375, 0, 240, 0
L -21.3763, 22.5951, 328.2375, -22.6828, 21.2779, 328.2375, 0, 240, 0
L -11.8224, 28.9128, 328.2375, -21.3763, 22.5951, 328.2375, 0, 240, 0
L -0.2371, 31.309, 328.2375, -11.8224, 28.9128, 328.2375, 0, 240, 0
L 11.2545, 29.252, 328.2375, -0.2371, 31.309, 328.2375, 0, 240, 0
L 19.5275, 23.8521, 328.2375, 11.2545, 29.252, 328.2375, 0, 240, 0
L 31.4271, -0.4512, 328.2373, 30.6875, 3.6478, 328.2375, 0, 240, 0
L 29.1172, -5.6627, 328.2373, 31.4271, -0.4512, 328.2373, 0, 240, 0
L 30.7331, -10.1785, 327.2375, 29.1172, -5.6627, 328.2373, 0, 240, 0
L 31.1926, -11.4632, 327.2371, 30.7331, -10.1785, 327.2375, 0, 240, 0
L 44.4722, -17.1004, 333.4302, 31.1926, -11.4632, 327.2371, 0, 240, 0
L 71.4069, -28.2667, 329.2371, 44.4722, -17.1004, 333.4302, 0, 240, 0
L 71.7984, 31.5912, 287.6374, 71.5991, 31.8941, 287.7921, 0, 240, 0
L 72.8003, 29.9779, 287.1465, 71.7984, 31.5912, 287.6374, 0, 240, 0
L 73.2817, 27.5657, 286.5652, 72.8003, 29.9779, 287.1465, 0, 240, 0
L -55.7004, 55.6886, 223.1225, -56.4059, 54.6317, 223.5774, 0, 240, 0
L -30.7776, 72.6842, 217.1959, -55.7004, 55.6886, 223.1225, 0, 240, 0
L -0.196, 78.763, 208.8858, -30.7776, 72.6842, 217.1959, 0, 240, 0
L 30.5168, 72.8602, 201.1274, -0.196, 78.763, 208.8858, 0, 240, 0
L 54.508, 56.8181, 199.2375, 30.5168, 72.8602, 201.1274, 0, 240, 0
L 55.6751, 55.7122, 199.2375, 54.508, 56.8181, 199.2375, 0, 240, 0
L 70.6838, 33.2522, 199.5397, 55.6751, 55.7122, 199.2375, 0, 240, 0
L 71.7934, 31.5933, 200.7418, 70.6838, 33.2522, 199.5397, 0, 240, 0
L 77.8138, 4.761, 201.149, 73.781, 28.555, 201.771, 0, 240, 0
L 77.7982, 2.7671, 199.2375, 77.8138, 4.761, 201.149, 0, 240, 0
L 77.2283, 1.174, 199.2375, 77.7982, 2.7671, 199.2375, 0, 240, 0
L 78.7626, 0.148, 199.663, 77.2283, 1.174, 199.2375, 0, 240, 0
L 72.772, -30.1311, 191.1451, 78.7626, 0.148, 199.663, 0, 240, 0
L 56.8979, -53.89, 183.8464, 72.772, -30.1311, 191.1451, 0, 240, 0
L 55.8635, -55.4378, 183.2537, 56.8979, -53.89, 183.8464, 0, 240, 0
L 31.6442, -71.7643, 175.802, 55.8635, -55.4378, 183.2537, 0, 240, 0
L 29.1265, -72.9714, 174.9815, 31.6442, -71.7643, 175.802, 0, 240, 0
L 0.117, -78.7631, 167.1359, 29.6063, -72.8765, 175.105, 0, 240, 0
L -30.1311, -72.772, 159.2375, 0.117, -78.7631, 167.1359, 0, 240, 0
L -55.6861, -55.7019, 159.2375, -30.1311, -72.772, 159.2375, 0, 240, 0
L -71.9282, -31.3948, 159.2375, -55.6861, -55.7019, 159.2375, 0, 240, 0
L -72.8619, -29.6559, 159.1, -71.9282, -31.3948, 159.2375, 0, 240, 0
L -78.6453, -0.5859, 151.3625, -72.8619, -29.6559, 159.1, 0, 240, 0
L -78.4976, 1.3253, 150.7927, -78.6453, -0.5859, 151.3625, 0, 240, 0
L -73.1092, 28.4202, 143.7503, -78.4976, 1.3253, 150.7927, 0, 240, 0
L -72.772, 30.132, 143.1501, -73.1092, 28.4202, 143.7503, 0, 240, 0
L -56.8068, 54.266, 135.8114, -72.772, 30.132, 143.1501, 0, 240, 0
L -55.6985, 55.6912, 135.156, -56.8068, 54.266, 135.8114, 0, 240, 0
L -34.2935, 70.2847, 130.9208, -55.6985, 55.6912, 135.156, 0, 240, 0
L -32.5189, 69.941, 130.6993, -34.2935, 70.2847, 130.9208, 0, 240, 0
L -30.942, 69.1872, 130.5057, -32.5189, 69.941, 130.6993, 0, 240, 0
L -29.1751, 69.7066, 130.2375, -30.942, 69.1872, 130.5057, 0, 240, 0
L -27.4201, 70.5759, 130.2375, -29.1751, 69.7066, 130.2375, 0, 240, 0
L -26.6903, 72.409, 130.2375, -27.4201, 70.5759, 130.2375, 0, 240, 0
L -16.1323, 72.787, 130.2375, -26.6903, 72.409, 130.2375, 0, 240, 0
L -14.4459, 71.882, 130.2375, -16.1323, 72.787, 130.2375, 0, 240, 0
L -11.959, 71.7205, 130.2375, -14.4459, 71.882, 130.2375, 0, 240, 0
L -10.2893, 71.8825, 130.2375, -11.959, 71.7205, 130.2375, 0, 240, 0
L -9.8519, 98.7917, 130.2384, -10.2893, 71.8825, 130.2375, 0, 240, 0
L 58.6169, 118.4388, 130.2372, 50.2728, 125.6687, 130.2375, 0, 240, 0
L 59.1084, 116.3452, 130.2395, 58.6169, 118.4388, 130.2372, 0, 240, 0
L 40.2113, 100.3001, 141.3934, 36.2668, 98.5644, 141.1346, 0, 240, 0
L 42.255, 101.1264, 141.385, 40.2113, 100.3001, 141.3934, 0, 240, 0
L 43.621, 102.2719, 140.3934, 42.255, 101.1264, 141.385, 0, 240, 0
L 45.2453, 105.7943, 134.9868, 43.621, 102.2719, 140.3934, 0, 240, 0
L 46.2122, 107.3859, 132.8394, 45.2453, 105.7943, 134.9868, 0, 240, 0
L 49.3243, 109.9116, 131.4413, 46.2122, 107.3859, 132.8394, 0, 240, 0
L 50.8969, 111.75, 130.9747, 49.3243, 109.9116, 131.4413, 0, 240, 0
L 54.6824, 113.5678, 130.5078, 50.8969, 111.75, 130.9747, 0, 240, 0
L 59.1204, 116.3524, 130.2395, 54.6824, 113.5678, 130.5078, 0, 240, 0
L 58.8168, 116.1474, 130.2964, 59.1317, 116.359, 130.2395, 0, 240, 0
L 30.785, 96.151, 141.4008, 37.63, 98.9187, 141.1861, 0, 240, 0
L 29.2987, 95.2622, 141.7085, 30.785, 96.151, 141.4008, 0, 240, 0
L 22.3266, 93.6637, 141.7206, 29.2987, 95.2622, 141.7085, 0, 240, 0
L 20.5666, 93.3285, 141.46, 22.3266, 93.6637, 141.7206, 0, 240, 0
L 15.3497, 93.8478, 138.2202, 20.5666, 93.3285, 141.46, 0, 240, 0
L 14.9328, 95.6779, 134.7684, 15.3497, 93.8478, 138.2202, 0, 240, 0
L 15.173, 97.3958, 131.7886, 14.9328, 95.6779, 134.7684, 0, 240, 0
L 16.5137, 98.6951, 130.2375, 15.173, 97.3958, 131.7886, 0, 240, 0
L 11.7632, 99.6582, 130.3222, 16.5137, 98.6951, 130.2375, 0, 240, 0
L 9.9124, 99.9561, 130.2375, 11.7632, 99.6582, 130.3222, 0, 240, 0
L 9.4956, 74.4673, 130.2375, 9.9124, 99.9561, 130.2375, 0, 240, 0
L 9.7022, 72.6397, 130.2375, 9.4956, 74.4673, 130.2375, 0, 240, 0
L 11.122, 71.2549, 130.2375, 9.7022, 72.6397, 130.2375, 0, 240, 0
L 12.9626, 71.5975, 130.2375, 11.122, 71.2549, 130.2375, 0, 240, 0
L 14.8005, 72.3699, 130.2401, 12.9626, 71.5975, 130.2375, 0, 240, 0
L 25.5163, 72.7862, 130.2375, 14.8005, 72.3699, 130.2401, 0, 240, 0
L 26.6934, 71.186, 130.2375, 25.5163, 72.7862, 130.2375, 0, 240, 0
L 28.3732, 70.2462, 130.2375, 26.6934, 71.186, 130.2375, 0, 240, 0
L 30.934, 69.3618, 130.5, 28.3732, 70.2462, 130.2375, 0, 240, 0
L 31.9793, 69.4784, 129.8352, 30.934, 69.3618, 130.5, 0, 240, 0
L 32.8605, 71.245, 129.8091, 31.9793, 69.4784, 129.8352, 0, 240, 0
L 51.4665, 58.575, 125.3093, 32.8605, 71.245, 129.8091, 0, 240, 0
L 52.1884, 56.9296, 124.9962, 51.4665, 58.575, 125.3093, 0, 240, 0
L 52.429, 55.906, 124.6621, 52.1884, 56.9296, 124.9962, 0, 240, 0
L 53.2954, 53.8382, 124.2527, 52.429, 55.906, 124.6621, 0, 240, 0
L 54.4245, 52.4204, 123.6846, 53.2954, 53.8382, 124.2527, 0, 240, 0
L 55.9891, 51.7516, 123.3379, 54.4245, 52.4204, 123.6846, 0, 240, 0
L 57.569, 52.8903, 123.24, 55.9891, 51.7516, 123.3379, 0, 240, 0
L 69.8418, 34.5165, 116.6912, 57.569, 52.8903, 123.24, 0, 240, 0
L 70.3564, 32.6203, 116.3427, 69.8418, 34.5165, 116.6912, 0, 240, 0
L 69.1135, 31.3943, 116.177, 70.3564, 32.6203, 116.3427, 0, 240, 0
L 69.774, 29.5109, 115.3066, 69.1135, 31.3943, 116.177, 0, 240, 0
L 70.3538, 27.6082, 114.7407, 69.774, 29.5109, 115.3066, 0, 240, 0
L 71.6342, 26.3817, 114.4792, 70.3538, 27.6082, 114.7407, 0, 240, 0
L 73.5379, 26.2624, 114.2177, 71.6342, 26.3817, 114.4792, 0, 240, 0
L 76.2796, 12.4878, 111.1955, 73.5379, 26.2624, 114.2177, 0, 240, 0
L 77.9864, 3.906, 109.8178, 76.2796, 12.4878, 111.1955, 0, 240, 0
L 76.2483, 2.9821, 109.7181, 77.9864, 3.906, 109.8178, 0, 240, 0
L -11.3846, 99.7245, 130.2375, -9.8207, 98.6728, 130.5203, 0, 240, 0
L -11.5981, 89.1928, 150.229, -11.3846, 99.7245, 130.2375, 0, 240, 0
L -12.3184, 89.1238, 148.6211, -11.4357, 89.2576, 150.5672, 0, 240, 0
L -15.3934, 90.1045, 147.5509, -12.3184, 89.1238, 148.6211, 0, 240, 0
L -24.3386, 93.825, 143.9397, -15.3934, 90.1045, 147.5509, 0, 240, 0
L -26.1701, 93.6551, 143.3361, -24.3386, 93.825, 143.9397, 0, 240, 0
L -27.8131, 94.5358, 143.1555, -26.1701, 93.6551, 143.3361, 0, 240, 0
L -28.5258, 95.2661, 143.2392, -27.8131, 94.5358, 143.1555, 0, 240, 0
L -30.2586, 94.9971, 142.8404, -28.5258, 95.2661, 143.2392, 0, 240, 0
L -38.8778, 98.9214, 142.7992, -30.2586, 94.9971, 142.8404, 0, 240, 0
L -40.5244, 99.756, 142.4242, -38.8778, 98.9214, 142.7992, 0, 240, 0
L -41.7781, 100.9008, 142.4918, -40.5244, 99.756, 142.4242, 0, 240, 0
L -42.8903, 100.8466, 142.3371, -41.7781, 100.9008, 142.4918, 0, 240, 0
L -51.2117, 105.8452, 142.3172, -42.8903, 100.8466, 142.3371, 0, 240, 0
L -52.6188, 106.7241, 142.1468, -51.2117, 105.8452, 142.3172, 0, 240, 0
L -53.8057, 107.5656, 141.569, -52.6188, 106.7241, 142.1468, 0, 240, 0
L -54.8979, 108.7656, 139.2299, -53.8057, 107.5656, 141.569, 0, 240, 0
L -57.4341, 115.8538, 130.2375, -54.8979, 108.7656, 139.2299, 0, 240, 0
L -57.9771, 117.3717, 130.2375, -57.4341, 115.8538, 130.2375, 0, 240, 0
L -58.2961, 118.7527, 130.1217, -57.9771, 117.3717, 130.2375, 0, 240, 0
L -46.8716, 128.5788, 130.2375, -58.2961, 118.7527, 130.1217, 0, 240, 0
L -31.7578, 136.7447, 130.2375, -46.8716, 128.5788, 130.2375, 0, 240, 0
L -13.8759, 140.892, 130.2375, -31.7578, 136.7447, 130.2375, 0, 240, 0
L -0.1129, 141.2487, 130.2375, -13.8759, 140.892, 130.2375, 0, 240, 0
L 13.8171, 140.9053, 130.2375, -0.1129, 141.2487, 130.2375, 0, 240, 0
L 31.4517, 136.807, 130.2375, 13.8171, 140.9053, 130.2375, 0, 240, 0
L 46.8331, 128.6371, 130.2372, 31.4517, 136.807, 130.2375, 0, 240, 0
L 51.2301, 124.8372, 130.2375, 46.8331, 128.6371, 130.2372, 0, 240, 0
L 154.7269, 117.815, -0.7624, 155.5213, 116.287, -0.7624, 0, 0, 0
L 158.5851, 113.2224, -0.7624, 154.953, 116.8559, -0.7624, 0, 0, 0
L 159.7858, 111.7133, -0.7624, 158.5851, 113.2224, -0.7624, 0, 0, 0
L 162.1015, 113.9073, -0.7624, 159.7858, 111.7133, -0.7624, 0, 0, 0
L 173.923, 125.7321, -0.7624, 160.6648, 112.4996, -0.7624, 0, 0, 0
L 146.8252, 124.9227, -0.7624, 154.9437, 116.861, -0.7624, 0, 0, 0
L 146.1492, 126.7806, -0.7624, 146.8252, 124.9227, -0.7624, 0, 0, 0
L 158.3519, 139.411, -0.7624, 146.1492, 126.7806, -0.7624, 0, 0, 0
L 161.104, 142.9601, -0.7624, 158.3519, 139.411, -0.7624, 0, 0, 0
L 161.6557, 144.8066, -0.7624, 161.104, 142.9601, -0.7624, 0, 0, 0
L 162.1449, 148.3538, -0.7624, 161.6557, 144.8066, -0.7624, 0, 0, 0
L 161.2547, 152.7108, -0.7624, 162.1449, 148.3538, -0.7624, 0, 0, 0
L 161.1841, 154.5774, -0.7624, 161.2547, 152.7108, -0.7624, 0, 0, 0
L 162.5791, 155.9978, -0.7624, 161.1841, 154.5774, -0.7624, 0, 0, 0
L 158.1921, 154.9275, -0.7624, 162.5791, 155.9978, -0.7624, 0, 0, 0
L 156.2244, 155.2219, -0.7624, 158.1921, 154.9275, -0.7624, 0, 0, 0
L 154.8594, 156.5303, -0.7624, 156.2244, 155.2219, -0.7624, 0, 0, 0
L 154.7872, 158.4175, -0.7624, 154.8594, 156.5303, -0.7624, 0, 0, 0
L 155.2812, 160.3954, -0.7624, 154.7872, 158.4175, -0.7624, 0, 0, 0
L 155.5103, 162.2726, -0.7624, 155.2812, 160.3954, -0.7624, 0, 0, 0
L 154.444, 161.1888, -0.7624, 155.5103, 162.2726, -0.7624, 0, 0, 0
L 147.8864, 162.3925, -0.7624, 154.444, 161.1888, -0.7624, 0, 0, 0
L 143.4181, 161.6137, -0.7624, 147.8864, 162.3925, -0.7624, 0, 0, 0
L 138.8755, 158.5629, -0.7624, 143.4181, 161.6137, -0.7624, 0, 0, 0
L 128.606, 148.1843, -0.7624, 138.8755, 158.5629, -0.7624, 0, 0, 0
L 127.52, 146.757, -0.7624, 128.606, 148.1843, -0.7624, 0, 0, 0
L 125.6141, 146.2803, -0.7624, 127.52, 146.757, -0.7624, 0, 0, 0
L 112.8755, 158.9327, -0.7624, 125.6141, 146.2803, -0.7624, 0, 0, 0
L 112.2055, 160.7215, -0.7624, 112.8755, 158.9327, -0.7624, 0, 0, 0
L 134.864, 183.4358, -0.7624, 112.2055, 160.7215, -0.7624, 0, 0, 0
L 173.3769, 191.8567, -0.7624, 176.3523, 189.6362, -0.7624, 0, 0, 0
L 160.4516, 194.4822, -0.7624, 173.3769, 191.8567, -0.7624, 0, 0, 0
L 158.4727, 194.2689, -0.7624, 160.4516, 194.4822, -0.7624, 0, 0, 0
L 147.192, 192.202, -0.7624, 158.4727, 194.2689, -0.7624, 0, 0, 0
L 136.365, 184.7889, -0.7624, 147.192, 192.202, -0.7624, 0, 0, 0
L 133.241, 181.8123, -0.7624, 136.365, 184.7889, -0.7624, 0, 0, 0
L 158.9009, 194.4273, -0.7624, 147.775, 191.9995, -0.7624, 0, 0, 0
L 169.5396, 192.6753, -0.7624, 158.9009, 194.4273, -0.7624, 0, 0, 0
L 171.3919, 192.4787, -0.7624, 169.5396, 192.6753, -0.7624, 0, 0, 0
L 173.2321, 191.915, -0.7624, 171.3919, 192.4787, -0.7624, 0, 0, 0
L 176.6414, 189.426, -0.7624, 173.2321, 191.915, -0.7624, 0, 0, 0
L 178.3429, 188.5027, -0.7624, 176.6414, 189.426, -0.7624, 0, 0, 0
L 179.9352, 187.498, -0.7624, 178.3429, 188.5027, -0.7624, 0, 0, 0
L 181.5169, 188.2733, -0.7624, 179.9352, 187.498, -0.7624, 0, 0, 0
L 187.1572, 182.8315, -0.7624, 181.5169, 188.2733, -0.7624, 0, 0, 0
L 188.939, 181.2291, -0.7624, 187.1572, 182.8315, -0.7624, 0, 0, 0
L 187.376, 179.3692, -0.7621, 188.939, 181.2291, -0.7624, 0, 0, 0
L 191.1294, 174.2387, -0.7624, 187.376, 179.3692, -0.7621, 0, 0, 0
L 191.9125, 172.598, -0.7624, 191.1294, 174.2387, -0.7624, 0, 0, 0
L 194.768, 161.7236, -0.7624, 191.9125, 172.598, -0.7624, 0, 0, 0
L 194.306, 159.8057, -0.7624, 194.768, 161.7236, -0.7624, 0, 0, 0
L 191.8422, 147.175, -0.7624, 194.306, 159.8057, -0.7624, 0, 0, 0
L 184.4644, 136.2895, -0.7624, 191.8422, 147.175, -0.7624, 0, 0, 0
L 172.6706, 124.4796, -0.7624, 184.4644, 136.2895, -0.7624, 0, 0, 0
L -113.4996, -112.2368, -0.9482, -114.4556, -110.8431, -1.4433, 0, 0, 240
L -112.174, -113.5495, -3.2473, -113.4996, -112.2368, -0.9482, 0, 0, 240
L -110.4445, -114.6291, -2.2086, -112.174, -113.5495, -3.2473, 0, 0, 240
L -108.8868, -115.8816, -1.4792, -110.4445, -114.6291, -2.2086, 0, 0, 240
L -106.2901, -118.3632, -0.638, -108.8868, -115.8816, -1.4792, 0, 0, 240
L -89.1787, -131.6042, -0.7624, -106.4715, -118.1739, -0.6655, 0, 0, 240
L -81.3585, -137.3317, -0.8661, -89.1787, -131.6042, -0.7624, 0, 0, 240
L -80.1307, -138.1694, -0.6268, -81.3585, -137.3317, -0.8661, 0, 0, 240
L -72.28, -141.7998, -0.7828, -80.1307, -138.1694, -0.6268, 0, 0, 240
L -43.338, -153.7452, -0.7391, -72.28, -141.7998, -0.7828, 0, 0, 240
L -41.8181, -154.3968, -0.5807, -43.338, -153.7452, -0.7391, 0, 0, 240
L -40.8605, -149.8737, -1.4787, -41.8181, -154.3968, -0.5807, 0, 0, 240
L -40.4733, -148.448, -1.5387, -40.8605, -149.8737, -1.4787, 0, 0, 240
L -24.392, -150.4301, -1.6354, -40.4733, -148.448, -1.5387, 0, 0, 240
L -5.595, -152.6748, -1.6797, -24.392, -150.4301, -1.6354, 0, 0, 240
L -2.3048, -152.8453, -1.7176, -5.595, -152.6748, -1.6797, 0, 0, 240
L -0.4159, -152.8129, -1.7498, -2.3048, -152.8453, -1.7176, 0, 0, 240
L 9.5008, -151.6451, -1.7415, -0.4159, -152.8129, -1.7498, 0, 0, 240
L 28.4603, -149.258, -1.7483, -0.4159, -152.8129, -1.7498, 0, 0, 240
L 38.2194, -147.9438, -1.7122, -0.4159, -152.8129, -1.7498, 0, 0, 240
L 40.172, -147.8032, -1.3966, 38.2194, -147.9438, -1.7122, 0, 0, 240
L 40.5146, -151.1568, -1.1545, 40.172, -147.8032, -1.3966, 0, 0, 240
L 40.7715, -152.888, -0.9172, 40.5146, -151.1568, -1.1545, 0, 0, 240
L 41.3378, -154.3859, -0.7463, 40.7715, -152.888, -0.9172, 0, 0, 240
L 48.5959, -151.7485, -0.7624, 41.3378, -154.3859, -0.7463, 0, 0, 240
L 77.4197, -140.2537, -0.6765, 48.5959, -151.7485, -0.7624, 0, 0, 240
L 80.7706, -137.7273, -0.8843, 77.4197, -140.2537, -0.6765, 0, 0, 240
L 88.3362, -131.8242, -1.7714, 80.7706, -137.7273, -0.8843, 0, 0, 240
L 102.2625, -121.3618, -0.8159, 88.3362, -131.8242, -1.7714, 0, 0, 240
L 111.2528, -114.7377, -0.4889, 102.2625, -121.3618, -0.8159, 0, 0, 240
L 114.9689, -111.339, -0.7624, 111.2528, -114.7377, -0.4889, 0, 0, 240
L 116.2481, -109.692, -0.7624, 114.9689, -111.339, -0.7624, 0, 0, 240
L 120.4283, -104.2823, -0.7624, 116.2481, -109.692, -0.7624, 0, 0, 240
L 126.7828, -95.571, -0.8871, 120.4283, -104.2823, -0.7624, 0, 0, 240
L 137.2043, -81.2917, -0.9365, 126.7828, -95.571, -0.8871, 0, 0, 240
L 138.3265, -79.817, -0.6753, 137.2043, -81.2917, -0.9365, 0, 0, 240
L 144.7927, -66.643, -0.7624, 138.3265, -79.817, -0.6753, 0, 0, 240
L 151.6702, -48.393, -0.7624, 144.7927, -66.643, -0.7624, 0, 0, 240
L 152.3541, -46.6831, -0.5135, 151.6702, -48.393, -0.7624, 0, 0, 240
L 153.1368, -43.715, -2.931, 152.3541, -46.6831, -0.5135, 0, 0, 240
L 153.6195, -41.8603, -1.718, 153.1368, -43.715, -2.931, 0, 0, 240
L 154.4004, -37.84, -1.4957, 153.6195, -41.8603, -1.718, 0, 0, 240
L 154.8216, -34.4493, -1.763, 154.4004, -37.84, -1.4957, 0, 0, 240
L 157.9645, -16.3198, -0.5131, 154.8216, -34.4493, -1.763, 0, 0, 240
L 150.2606, -14.9247, -0.7624, 157.9645, -16.3198, -0.5131, 0, 0, 240
L 148.6672, -14.6981, -0.72, 150.2606, -14.9247, -0.7624, 0, 0, 240
L 148.868, -16.6092, -3.6547, 148.6672, -14.6981, -0.72, 0, 0, 240
L 147.4048, -17.9595, -2.7199, 148.868, -16.6092, -3.6547, 0, 0, 240
L 139.1663, -23.4505, -0.8937, 147.4048, -17.9595, -2.7199, 0, 0, 240
L 137.6135, -24.4606, -2.1979, 139.1663, -23.4505, -0.8937, 0, 0, 240
L 136.2746, -25.1429, -1.8689, 137.6135, -24.4606, -2.1979, 0, 0, 240
L 134.2934, -25.3114, -1.1322, 136.2746, -25.1429, -1.8689, 0, 0, 240
L 132.3559, -25.3114, -0.7695, 134.2934, -25.3114, -1.1322, 0, 0, 240
L 126.1743, -25.8746, -0.8835, 132.3559, -25.3114, -0.7695, 0, 0, 240
L 124.1945, -25.6077, -1.936, 126.1743, -25.8746, -0.8835, 0, 0, 240
L 121.8439, -25.392, -0.8604, 124.1945, -25.6077, -1.936, 0, 0, 240
L 119.2088, -24.2801, -0.7427, 121.8439, -25.392, -0.8604, 0, 0, 240
L 117.3198, -23.6461, -0.8806, 119.2088, -24.2801, -0.7427, 0, 0, 240
L 115.8679, -22.8519, -0.9298, 117.3198, -23.6461, -0.8806, 0, 0, 240
L 106.9903, -15.5107, -3.7536, 115.8679, -22.8519, -0.9298, 0, 0, 240
L 105.6572, -13.6618, -3.5118, 106.9903, -15.5107, -3.7536, 0, 0, 240
L 104.6286, -12.2257, -3.1558, 105.6572, -13.6618, -3.5118, 0, 0, 240
L 103.8721, -10.8969, -2.7288, 104.6286, -12.2257, -3.1558, 0, 0, 240
L 103.457, -7.6984, -1.664, 103.8721, -10.8969, -2.7288, 0, 0, 240
L 102.5588, -5.3227, -1.2885, 103.457, -7.6984, -1.664, 0, 0, 240
L 102.3378, -3.5303, -0.9616, 102.5588, -5.3227, -1.2885, 0, 0, 240
L 101.8987, 0.297, -0.8022, 102.3378, -3.5303, -0.9616, 0, 0, 240
L 103.1798, 6.9741, -0.8251, 101.8987, 0.297, -0.8022, 0, 0, 240
L 103.4829, 8.4978, -0.6005, 103.1798, 6.9741, -0.8251, 0, 0, 240
L 104.3044, 10.3208, -0.7625, 103.4829, 8.4978, -0.6005, 0, 0, 240
L 105.1313, 11.9541, -0.6681, 104.3044, 10.3208, -0.7625, 0, 0, 240
L 108.181, 16.4165, -0.9299, 105.1313, 11.9541, -0.6681, 0, 0, 240
L 109.785, 18.36, -0.8698, 108.181, 16.4165, -0.9299, 0, 0, 240
L 110.4782, 19.2963, -3.1661, 109.785, 18.36, -0.8698, 0, 0, 240
L 111.8782, 20.5742, -2.5729, 110.4782, 19.2963, -3.1661, 0, 0, 240
L 115.8799, 22.9695, -1.174, 111.8782, 20.5742, -2.5729, 0, 0, 240
L 117.3539, 23.7808, -0.8295, 115.8799, 22.9695, -1.174, 0, 0, 240
L 118.9779, 24.2773, -0.7678, 117.3539, 23.7808, -0.8295, 0, 0, 240
L 120.8248, 24.5745, -0.7624, 118.9779, 24.2773, -0.7678, 0, 0, 240
L 126.2912, 25.8271, -0.5462, 120.8248, 24.5745, -0.7624, 0, 0, 240
L 127.7924, 26.234, -3.302, 126.2912, 25.8271, -0.5462, 0, 0, 240
L 132.9329, 25.4588, -1.4481, 127.7924, 26.234, -3.302, 0, 0, 240
L 134.6725, 25.417, -1.174, 132.9329, 25.4588, -1.4481, 0, 0, 240
L 136.499, 24.5218, -0.8008, 134.6725, 25.417, -1.174, 0, 0, 240
L 137.9183, 24.55, -0.7624, 136.499, 24.5218, -0.8008, 0, 0, 240
L 141.9482, 20.5401, -0.7624, 137.9183, 24.55, -0.7624, 0, 0, 240
L 143.4635, 19.4228, -0.474, 141.9482, 20.5401, -0.7624, 0, 0, 240
L 144.7837, 18.706, -0.7624, 143.4635, 19.4228, -0.474, 0, 0, 240
L 146.8592, 15.8042, -0.7623, 144.7837, 18.706, -0.7624, 0, 0, 240
L 157.8252, 14.8149, -0.7621, 146.8592, 15.8042, -0.7623, 0, 0, 240
L 158.1796, 20.1341, -0.7624, 157.8252, 14.8149, -0.7621, 0, 0, 240
L 157.48, 32.92, -0.7624, 158.1796, 20.1341, -0.7624, 0, 0, 240
L 156.337, 37.639, -0.7624, 157.48, 32.92, -0.7624, 0, 0, 240
L 152.52, 50.1385, -0.7624, 156.337, 37.639, -0.7624, 0, 0, 240
L 140.9619, 75.8098, -0.7624, 152.52, 50.1385, -0.7624, 0, 0, 240
L 138.441, 80.4298, -0.7624, 140.9619, 75.8098, -0.7624, 0, 0, 240
L 135.32, 85.8812, -0.7624, 138.441, 80.4298, -0.7624, 0, 0, 240
L 130.5815, 92.2145, -0.7624, 135.32, 85.8812, -0.7624, 0, 0, 240
L 125.4929, 98.914, -0.7624, 130.5815, 92.2145, -0.7624, 0, 0, 240
L 117.4309, 108.2664, -0.7624, 125.4929, 98.914, -0.7624, 0, 0, 240
L 106.8331, 119.2352, -0.7624, 117.4309, 108.2664, -0.7624, 0, 0, 240
L 100.6981, 124.9909, -0.7624, 106.8331, 119.2352, -0.7624, 0, 0, 240
L 93.6427, 130.7392, -0.7624, 100.6981, 124.9909, -0.7624, 0, 0, 240
L 89.3252, 133.834, -0.7624, 93.6427, 130.7392, -0.7624, 0, 0, 240
L 79.5364, 139.5055, -0.7624, 89.3252, 133.834, -0.7624, 0, 0, 240
L 70.6167, 143.6484, -0.7624, 79.5364, 139.5055, -0.7624, 0, 0, 240
L 41.3787, 155.848, -0.7603, 70.6167, 143.6484, -0.7624, 0, 0, 240
L 39.8932, 155.9311, -0.7624, 41.3787, 155.848, -0.7603, 0, 0, 240
L 41.1366, 154.399, -0.8186, 39.8932, 155.9311, -0.7624, 0, 0, 240
L 41.9005, 152.7039, -4.3166, 41.1366, 154.399, -0.8186, 0, 0, 240
L 41.6163, 149.2074, -2.4834, 41.9005, 152.7039, -4.3166, 0, 0, 240
L 41.6364, 147.5672, -1.5585, 41.6163, 149.2074, -2.4834, 0, 0, 240
L 33.4703, 148.7518, -1.6887, 41.6364, 147.5672, -1.5585, 0, 0, 240
L 24.3229, 150.4259, -1.6353, 33.4703, 148.7518, -1.6887, 0, 0, 240
L 3.2515, 153.1185, -1.6528, 24.3229, 150.4259, -1.6353, 0, 0, 240
L -0.876, 153.2733, -1.6737, 3.2515, 153.1185, -1.6528, 0, 0, 240
L -2.36, 153.2589, -1.6451, -0.876, 153.2733, -1.6737, 0, 0, 240
L -22.7836, 151.1303, -1.5669, -2.36, 153.2589, -1.6451, 0, 0, 240
L -28.1493, 149.9314, -1.6466, -22.7836, 151.1303, -1.5669, 0, 0, 240
L -37.7627, 147.318, -1.8173, -28.1493, 149.9314, -1.6466, 0, 0, 240
L -39.4797, 146.9576, -1.2649, -37.7627, 147.318, -1.8173, 0, 0, 240
L -39.9746, 149.5591, -1.2851, -39.4797, 146.9576, -1.2649, 0, 0, 240
L -41.966, 154.8586, -0.7621, -39.9746, 149.5591, -1.2851, 0, 0, 240
L -48.3258, 152.3577, -0.7624, -41.966, 154.8586, -0.7621, 0, 0, 240
L -57.5061, 148.8129, -0.7624, -48.3258, 152.3577, -0.7624, 0, 0, 240
L -66.1901, 145.99, -0.7624, -57.5061, 148.8129, -0.7624, 0, 0, 240
L -76.3401, 140.2069, -0.7624, -66.1901, 145.99, -0.7624, 0, 0, 240
L -84.6157, 135.1614, -0.7624, -76.3401, 140.2069, -0.7624, 0, 0, 240
L -93.6732, 129.1451, -0.7624, -84.6157, 135.1614, -0.7624, 0, 0, 240
L -100.2096, 124.1666, -0.7624, -93.6732, 129.1451, -0.7624, 0, 0, 240
L -106.9849, 118.1616, -0.7624, -100.2096, 124.1666, -0.7624, 0, 0, 240
L -109.378, 116.1788, -0.8632, -106.9849, 118.1616, -0.7624, 0, 0, 240
L -111.6574, 113.5091, -1.5209, -109.378, 116.1788, -0.8632, 0, 0, 240
L -118.4179, 106.2879, -0.7624, -111.6574, 113.5091, -1.5209, 0, 0, 240
L -127.4877, 96.1136, -0.7624, -118.4179, 106.2879, -0.7624, 0, 0, 240
L -132.1322, 90.1256, -0.7624, -127.4877, 96.1136, -0.7624, 0, 0, 240
L -137.1723, 82.7252, -0.7624, -132.1322, 90.1256, -0.7624, 0, 0, 240
L -141.2698, 75.4368, -0.7624, -137.1723, 82.7252, -0.7624, 0, 0, 240
L -147.9115, 60.1364, -0.7624, -141.2698, 75.4368, -0.7624, 0, 0, 240
L -154.3889, 42.3913, -0.7624, -147.9115, 60.1364, -0.7624, 0, 0, 240
L -154.923, 40.661, -0.5951, -154.3889, 42.3913, -0.7624, 0, 0, 240
L -155.3782, 38.8727, -0.7624, -154.923, 40.661, -0.5951, 0, 0, 240
L -157.26, 31.6405, -0.7615, -155.3782, 38.8727, -0.7624, 0, 0, 240
L -158.1261, 17.7534, -0.7104, -157.26, 31.6405, -0.7615, 0, 0, 240
L -158.2454, 15.811, -0.528, -158.1261, 17.7534, -0.7104, 0, 0, 240
L -153.8144, 15.981, -0.5203, -158.2454, 15.811, -0.528, 0, 0, 240
L -149.3348, 15.6628, -0.7624, -153.8144, 15.981, -0.5203, 0, 0, 240
L -147.7898, 15.9308, -0.5862, -149.3348, 15.6628, -0.7624, 0, 0, 240
L -146.1666, 18.7971, -0.7345, -147.7898, 15.9308, -0.5862, 0, 0, 240
L -139.6804, 23.2411, -0.5856, -146.2375, 18.7817, -3.1962, 0, 0, 240
L -137.8965, 24.584, -0.7936, -139.6804, 23.2411, -0.5856, 0, 0, 240
L -134.7539, 25.1921, -2.3679, -137.8965, 24.584, -0.7936, 0, 0, 240
L -132.9362, 25.7681, -1.7174, -134.7539, 25.1921, -2.3679, 0, 0, 240
L -128.8745, 26.391, -0.7949, -132.9362, 25.7681, -1.7174, 0, 0, 240
L -125.6831, 25.9483, -1.9475, -128.8745, 26.391, -0.7949, 0, 0, 240
L -123.8079, 25.7987, -1.2968, -125.6831, 25.9483, -1.9475, 0, 0, 240
L -121.391, 25.509, -0.8998, -123.8079, 25.7987, -1.2968, 0, 0, 240
L -119.721, 24.4845, -0.7693, -121.391, 25.509, -0.8998, 0, 0, 240
L -115.4423, 22.3998, -0.8428, -119.721, 24.4845, -0.7693, 0, 0, 240
L -113.9946, 21.626, -1.9665, -115.4423, 22.3998, -0.8428, 0, 0, 240
L -112.54, 20.3785, -1.4094, -113.9946, 21.626, -1.9665, 0, 0, 240
L -110.5614, 19.3546, -1.8, -112.54, 20.3785, -1.4094, 0, 0, 240
L -109.2048, 18.2956, -2.9115, -110.5614, 19.3546, -1.8, 0, 0, 240
L -107.9112, 16.977, -2.3559, -109.2048, 18.2956, -2.9115, 0, 0, 240
L -105.4659, 14.1376, -1.562, -107.9112, 16.977, -2.3559, 0, 0, 240
L -104.5071, 12.4748, -0.993, -105.4659, 14.1376, -1.562, 0, 0, 240
L -103.9626, 10.6518, -0.8232, -104.5071, 12.4748, -0.993, 0, 0, 240
L -103.5901, 9.2972, -0.9943, -103.9626, 10.6518, -0.8232, 0, 0, 240
L -103.1401, 7.4995, -1.7236, -103.5901, 9.2972, -0.9943, 0, 0, 240
L -102.6431, 4.8985, -1.235, -103.1401, 7.4995, -1.7236, 0, 0, 240
L -102.4311, 3.6002, -0.8886, -102.6431, 4.8985, -1.235, 0, 0, 240
L -101.9913, -2.95, -1.5232, -102.4311, 3.6002, -0.8886, 0, 0, 240
L -102.2737, -3.9344, -0.9192, -101.9913, -2.95, -1.5232, 0, 0, 240
L -102.7652, -5.613, -0.5171, -102.2737, -3.9344, -0.9192, 0, 0, 240
L -104.811, -9.843, -0.7624, -102.7652, -5.613, -0.5171, 0, 0, 240
L -104.6945, -10.6745, -0.6931, -104.811, -9.843, -0.7624, 0, 0, 240
L -106.5241, -14.806, -0.9344, -104.6945, -10.6745, -0.6931, 0, 0, 240
L -107.379, -15.6336, -3.1065, -106.5241, -14.806, -0.9344, 0, 0, 240
L -108.9281, -18.1156, -2.6303, -107.379, -15.6336, -3.1065, 0, 0, 240
L -109.6607, -19.2724, -2.5335, -108.9281, -18.1156, -2.6303, 0, 0, 240
L -113.3994, -21.6082, -1.5188, -109.6607, -19.2724, -2.5335, 0, 0, 240
L -118.1002, -23.7447, -0.7624, -113.3994, -21.6082, -1.5188, 0, 0, 240
L -119.3389, -24.2433, -0.7684, -118.1002, -23.7447, -0.7624, 0, 0, 240
L -122.2772, -25.851, -0.8861, -119.3389, -24.2433, -0.7684, 0, 0, 240
L -124.375, -25.503, -0.8615, -122.2772, -25.851, -0.8861, 0, 0, 240
L -133.8673, -25.3762, -1.624, -124.375, -25.503, -0.8615, 0, 0, 240
L -135.1705, -25.3281, -0.6883, -133.8673, -25.3762, -1.624, 0, 0, 240
L -136.9963, -24.5722, -0.7725, -135.1705, -25.3281, -0.6883, 0, 0, 240
L -140.5, -22.3366, -0.7624, -136.9963, -24.5722, -0.7725, 0, 0, 240
L -145.733, -15.6084, -0.7622, -140.5, -22.3366, -0.7624, 0, 0, 240
L -157.5086, -15.8516, -0.7621, -145.733, -15.6084, -0.7622, 0, 0, 240
L -157.9528, -17.7382, -0.7624, -157.5086, -15.8516, -0.7621, 0, 0, 240
L -156.531, -32.8922, -0.6892, -157.9528, -17.7382, -0.7624, 0, 0, 240
L -155.2272, -37.4061, -0.7624, -156.531, -32.8922, -0.6892, 0, 0, 240
L -154.8607, -39.2488, -0.485, -155.2272, -37.4061, -0.7624, 0, 0, 240
L -152.358, -46.701, -0.9612, -154.8607, -39.2488, -0.485, 0, 0, 240
L -143.771, -70.3877, -0.7624, -152.358, -46.701, -0.9612, 0, 0, 240
L -140.8269, -75.5447, -0.7113, -143.771, -70.3877, -0.7624, 0, 0, 240
L -138.6358, -79.3439, -0.9046, -140.8269, -75.5447, -0.7113, 0, 0, 240
L -136.66, -83.4865, -0.7624, -138.6358, -79.3439, -0.9046, 0, 0, 240
L -123.5797, -99.9903, -0.7624, -136.66, -83.4865, -0.7624, 0, 0, 240
L -113.7582, -111.7613, -0.8276, -123.5797, -99.9903, -0.7624, 0, 0, 240
L -114.1623, -162.7382, -0.7624, -126.8526, -175.4242, -0.7624, 0, 0, 0
L -112.7288, -161.5261, -0.7624, -114.1623, -162.7382, -0.7624, 0, 0, 0
L -112.1875, -159.7291, -0.7624, -112.7288, -161.5261, -0.7624, 0, 0, 0
L -124.8924, -146.9129, -0.7624, -112.1875, -159.7291, -0.7624, 0, 0, 0
L -126.5776, -146.3551, -0.7624, -124.8924, -146.9129, -0.7624, 0, 0, 0
L -138.4963, -158.1853, -0.7624, -126.5776, -146.3551, -0.7624, 0, 0, 0
L -142.5461, -161.1375, -0.7624, -138.4963, -158.1853, -0.7624, 0, 0, 0
L -144.4062, -161.8055, -0.7624, -142.5461, -161.1375, -0.7624, 0, 0, 0
L -146.185, -162.1516, -0.7624, -144.4062, -161.8055, -0.7624, 0, 0, 0
L -154.36, -161.2356, -0.7624, -146.185, -162.1516, -0.7624, 0, 0, 0
L -155.7347, -162.2096, -0.7624, -154.36, -161.2356, -0.7624, 0, 0, 0
L -154.8031, -158.6315, -0.7624, -155.7347, -162.2096, -0.7624, 0, 0, 0
L -154.7571, -156.7004, -0.7624, -154.8031, -158.6315, -0.7624, 0, 0, 0
L -156.723, -155.3763, -0.7624, -154.7571, -156.7004, -0.7624, 0, 0, 0
L -157.8772, -154.8907, -0.7624, -156.723, -155.3763, -0.7624, 0, 0, 0
L -159.7779, -155.3653, -0.7624, -157.8772, -154.8907, -0.7624, 0, 0, 0
L -161.7684, -155.2301, -0.7624, -159.7779, -155.3653, -0.7624, 0, 0, 0
L -161.874, -153.5241, -0.7624, -161.7684, -155.2301, -0.7624, 0, 0, 0
L -161.9459, -149.328, -0.7624, -161.874, -153.5241, -0.7624, 0, 0, 0
L -162.1888, -147.5566, -0.7624, -161.9459, -149.328, -0.7624, 0, 0, 0
L -161.3756, -143.3477, -0.7624, -162.1888, -147.5566, -0.7624, 0, 0, 0
L -158.3731, -139.668, -0.7624, -161.3756, -143.3477, -0.7624, 0, 0, 0
L -146.8156, -127.5088, -0.7624, -158.3731, -139.668, -0.7624, 0, 0, 0
L -146.155, -125.7228, -0.7624, -146.8156, -127.5088, -0.7624, 0, 0, 0
L -157.7933, -114.152, -0.7624, -146.155, -125.7228, -0.7624, 0, 0, 0
L -159.5358, -112.3897, -0.7624, -160.8092, -112.712, -0.7624, 0, 0, 0
L -156.9522, -114.856, -0.7624, -159.5358, -112.3897, -0.7624, 0, 0, 0
L -170.5938, -122.4026, -0.7624, -160.6017, -112.4444, -0.7624, 0, 0, 0
L -191.7687, -173.2987, -0.7624, -190.7583, -174.7425, -0.7624, 0, 0, 0
L -193.4677, -164.7886, -0.7624, -191.7687, -173.2987, -0.7624, 0, 0, 0
L -193.9396, -157.9654, -0.7624, -193.4677, -164.7886, -0.7624, 0, 0, 0
L -191.8828, -147.6272, -0.7624, -193.9396, -157.9654, -0.7624, 0, 0, 0
L -191.764, -146.211, -0.7624, -191.8828, -147.6272, -0.7624, 0, 0, 0
L -184.4094, -136.217, -0.7624, -191.764, -146.211, -0.7624, 0, 0, 0
L -169.3913, -121.2001, -0.7624, -184.4094, -136.217, -0.7624, 0, 0, 0
L -190.5126, -175.788, -0.7624, -191.6074, -173.5782, -0.7624, 0, 0, 0
L -187.2539, -179.4371, -0.762, -186.7291, -179.5497, -0.7623, 0, 0, 0
L -191.1916, -174.1493, -0.7624, -187.2539, -179.4371, -0.762, 0, 0, 0
L -187.2248, -180.11, -0.7624, -186.7985, -179.5424, -0.7624, 0, 0, 0
L -188.695, -181.7641, -0.7624, -187.2248, -180.11, -0.7624, 0, 0, 0
L -182.5987, -187.3897, -0.7624, -188.695, -181.7641, -0.7624, 0, 0, 0
L -181.345, -188.2718, -0.7624, -182.5987, -187.3897, -0.7624, 0, 0, 0
L -179.2924, -187.324, -0.7619, -181.345, -188.2718, -0.7624, 0, 0, 0
L -173.4806, -191.7316, -0.7624, -179.2924, -187.324, -0.7619, 0, 0, 0
L -160.2121, -194.5714, -0.7624, -173.4806, -191.7316, -0.7624, 0, 0, 0
L -147.4411, -192.741, -0.7624, -160.2121, -194.5714, -0.7624, 0, 0, 0
L -145.7886, -191.2373, -0.7624, -147.4411, -192.741, -0.7624, 0, 0, 0
L -136.313, -184.5917, -0.7624, -145.7886, -191.2373, -0.7624, 0, 0, 0
L -123.506, -172.774, -0.7624, -136.313, -184.5917, -0.7624, 0, 0, 0
L 112.4095, -159.4586, -0.7624, 113.379, -161.5303, -0.7624, 0, 0, 0
L 113.9363, -157.8719, -0.7624, 112.4095, -159.4586, -0.7624, 0, 0, 0
L 125.855, -146.6824, -0.7624, 112.3153, -159.7077, -0.7624, 0, 0, 0
L 126.7823, -146.1689, -0.7624, 125.855, -146.6824, -0.7624, 0, 0, 0
L 139.412, -158.3521, -0.7624, 126.7823, -146.1689, -0.7624, 0, 0, 0
L 143.3358, -161.3705, -0.7624, 139.412, -158.3521, -0.7624, 0, 0, 0
L 147.6308, -162.2036, -0.7624, 143.3358, -161.3705, -0.7624, 0, 0, 0
L 154.3072, -161.606, -0.7624, 147.6308, -162.2036, -0.7624, 0, 0, 0
L 155.9395, -162.781, -0.7624, 154.3072, -161.606, -0.7624, 0, 0, 0
L 155.686, -158.6273, -0.7624, 155.9395, -162.781, -0.7624, 0, 0, 0
L 154.8101, -156.681, -0.7624, 155.686, -158.6273, -0.7624, 0, 0, 0
L 156.1262, -155.3203, -0.7624, 154.8101, -156.681, -0.7624, 0, 0, 0
L 158.2367, -154.7408, -0.7624, 156.1262, -155.3203, -0.7624, 0, 0, 0
L 159.8873, -155.1536, -0.7624, 158.2367, -154.7408, -0.7624, 0, 0, 0
L 161.8634, -155.1721, -0.7624, 159.8873, -155.1536, -0.7624, 0, 0, 0
L 161.2318, -153.5579, -0.7624, 161.8634, -155.1721, -0.7624, 0, 0, 0
L 162.4091, -147.5223, -0.7624, 161.2318, -153.5579, -0.7624, 0, 0, 0
L 161.566, -143.1574, -0.7624, 162.4091, -147.5223, -0.7624, 0, 0, 0
L 159.1099, -139.6597, -0.7624, 161.566, -143.1574, -0.7624, 0, 0, 0
L 151.5999, -131.9123, -0.7624, 159.1099, -139.6597, -0.7624, 0, 0, 0
L 146.7669, -127.4728, -0.7624, 151.5999, -131.9123, -0.7624, 0, 0, 0
L 146.2987, -125.6088, -0.7624, 146.7669, -127.4728, -0.7624, 0, 0, 0
L 157.5968, -114.2082, -0.7624, 146.2987, -125.6088, -0.7624, 0, 0, 0
L 158.6453, -112.8021, -0.7624, 157.5968, -114.2082, -0.7624, 0, 0, 0
L 160.5235, -112.1196, -0.7624, 158.6453, -112.8021, -0.7624, 0, 0, 0
L 164.6304, -116.58, -0.7624, 160.5235, -112.1196, -0.7624, 0, 0, 0
L 135.606, -183.2557, -0.7624, 112.5597, -160.7382, -0.7624, 0, 0, 0
L 142.554, -188.3596, -0.7624, 135.606, -183.2557, -0.7624, 0, 0, 0
L 173.579, -191.6596, -0.7624, 174.8035, -190.7137, -0.7624, 0, 0, 0
L 160.4157, -194.3819, -0.7624, 173.579, -191.6596, -0.7624, 0, 0, 0
L 147.7961, -191.9154, -0.7624, 160.4157, -194.3819, -0.7624, 0, 0, 0
L 139.6535, -186.7161, -0.7624, 147.7961, -191.9154, -0.7624, 0, 0, 0
L 178.4146, -188.854, -0.7622, 173.5863, -191.6014, -0.7624, 0, 0, 0
L 180.17, -187.2261, -0.7624, 178.4146, -188.854, -0.7622, 0, 0, 0
L 181.8233, -188.627, -0.7624, 180.17, -187.2261, -0.7624, 0, 0, 0
L 187.3586, -182.6727, -0.7624, 181.8233, -188.627, -0.7624, 0, 0, 0
L 188.2727, -181.517, -0.7624, 187.3586, -182.6727, -0.7624, 0, 0, 0
L 187.4592, -179.2387, -0.762, 188.2727, -181.517, -0.7624, 0, 0, 0
L 191.9713, -173.52, -0.7624, 187.4592, -179.2387, -0.762, 0, 0, 0
L 193.6947, -164.4148, -0.7624, 191.9713, -173.52, -0.7624, 0, 0, 0
L 194.1466, -157.8605, -0.7624, 193.6947, -164.4148, -0.7624, 0, 0, 0
L 192.1013, -147.5767, -0.7624, 194.1466, -157.8605, -0.7624, 0, 0, 0
L 191.281, -145.8537, -0.7624, 192.1013, -147.5767, -0.7624, 0, 0, 0
L 184.6413, -136.977, -0.7624, 191.281, -145.8537, -0.7624, 0, 0, 0
L 163.6105, -115.387, -0.7624, 184.6413, -136.977, -0.7624, 0, 0, 0
L 186.149, -49.8541, 1.2378, 190.569, -16.6003, 1.2376, 0, 0, 0
L 167.3212, -94.4946, 1.2376, 186.149, -49.8541, 1.2378, 0, 0, 0
L 166.848, -96.423, 1.2376, 167.3212, -94.4946, 1.2376, 0, 0, 0
L 195.404, -124.7523, 1.2376, 166.848, -96.423, 1.2376, 0, 0, 0
L 205.9166, -140.9679, 1.2376, 195.404, -124.7523, 1.2376, 0, 0, 0
L 209.6807, -159.8689, 1.2376, 205.9166, -140.9679, 1.2376, 0, 0, 0
L 205.9256, -179.126, 1.2376, 209.6807, -159.8689, 1.2376, 0, 0, 0
L 195.1543, -195.1397, 1.2376, 205.9256, -179.126, 1.2376, 0, 0, 0
L 179.7486, -205.4346, 1.1877, 195.1543, -195.1397, 1.2376, 0, 0, 0
L 170.1821, -207.7055, 1.2376, 179.7486, -205.4346, 1.1877, 0, 0, 0
L 160.466, -209.6676, 1.2376, 170.1821, -207.7055, 1.2376, 0, 0, 0
L 140.8554, -206.3205, 1.2376, 160.466, -209.6676, 1.2376, 0, 0, 0
L 124.4766, -195.6317, 1.2376, 140.8554, -206.3205, 1.2376, 0, 0, 0
L 97.519, -167.824, 1.2376, 124.4766, -195.6317, 1.2376, 0, 0, 0
L 95.9819, -166.7743, 1.2376, 97.519, -167.824, 1.2376, 0, 0, 0
L 51.606, -185.5088, 1.2376, 95.9819, -166.7743, 1.2376, 0, 0, 0
L 50.2667, -186.706, 1.2376, 51.606, -185.5088, 1.2376, 0, 0, 0
L 48.8269, -198.4295, 1.2376, 50.2667, -186.706, 1.2376, 0, 0, 0
L 43.183, -210.5382, 1.2376, 48.8269, -198.4295, 1.2376, 0, 0, 0
L 31.4078, -220.9056, 1.2376, 43.183, -210.5382, 1.2376, 0, 0, 0
L 17.2128, -225.335, 1.2376, 31.4078, -220.9056, 1.2376, 0, 0, 0
L 16.784, -289.7192, 1.2376, 17.2128, -225.335, 1.2376, 0, 0, 0
L 16.9904, -291.6943, 1.2376, 16.784, -289.7192, 1.2376, 0, 0, 0
L 32.9684, -302.9916, 1.2376, 16.9904, -291.6943, 1.2376, 0, 0, 0
L 41.9861, -316.4837, 1.2376, 32.9684, -302.9916, 1.2376, 0, 0, 0
L 42.8365, -318.1428, 1.2376, 41.9861, -316.4837, 1.2376, 0, 0, 0
L 43.4251, -319.8, 1.2376, 42.8365, -318.1428, 1.2376, 0, 0, 0
L 46.414, -334.8204, 1.2376, 43.4251, -319.8, 1.2376, 0, 0, 0
L 46.5225, -336.6302, 1.2376, 46.414, -334.8204, 1.2376, 0, 0, 0
L 43.1026, -353.8435, 1.2376, 46.5225, -336.6302, 1.2376, 0, 0, 0
L 32.9932, -368.9798, 1.2376, 43.1026, -353.8435, 1.2376, 0, 0, 0
L 18.7778, -378.48, 1.2376, 32.9932, -368.9798, 1.2376, 0, 0, 0
L 9.8027, -380.7502, 1.2376, 18.7778, -378.48, 1.2376, 0, 0, 0
L 0.1, -382.762, 1.2376, 9.8027, -380.7502, 1.2376, 0, 0, 0
L -17.8404, -379.1048, 1.2376, 0.1, -382.762, 1.2376, 0, 0, 0
L -33.382, -369.323, 1.2376, -17.8404, -379.1048, 1.2376, 0, 0, 0
L -43.39, -354.3125, 1.2376, -33.382, -369.323, 1.2376, 0, 0, 0
L -44.6582, -352.8349, 1.2376, -43.39, -354.3125, 1.2376, 0, 0, 0
L -121.3395, -352.7837, 40.4513, -44.6582, -352.8349, 1.2376, 0, 0, 0
L -131.7, -352.7853, 46.3637, -121.3395, -352.7837, 40.4513, 0, 0, 0
L -132.9344, -352.7019, 46.6507, -131.7, -352.7853, 46.3637, 0, 0, 0
L -134.8763, -353.1386, 47.1972, -132.9344, -352.7019, 46.6507, 0, 0, 0
L -135.211, -375.2585, 56.4371, -134.8763, -353.1386, 47.1972, 0, 0, 0
L -135.2136, -377.2294, 57.502, -135.211, -375.2585, 56.4371, 0, 0, 0
L -136.748, -378.5011, 57.8348, -135.2136, -377.2294, 57.502, 0, 0, 0
L -137.1921, -403.8292, 67.2374, -136.748, -378.5011, 57.8348, 0, 0, 0
L -137.1911, -405.7239, 67.2376, -137.1921, -403.8292, 67.2374, 0, 0, 0
L -138.7742, -406.7869, 67.2376, -137.1911, -405.7239, 67.2376, 0, 0, 0
L -140.6413, -406.7875, 67.2376, -138.7742, -406.7869, 67.2376, 0, 0, 0
L -142.4779, -406.1881, 67.2376, -140.6413, -406.7875, 67.2376, 0, 0, 0
L -143.4521, -404.8249, 67.2374, -142.4779, -406.1881, 67.2376, 0, 0, 0
L -145.233, -404.6806, 67.2376, -143.4521, -404.8249, 67.2374, 0, 0, 0
L -147.611, -405.4322, 67.2374, -145.233, -404.6806, 67.2376, 0, 0, 0
L -156.6288, -405.8134, 67.2374, -147.611, -405.4322, 67.2374, 0, 0, 0
L -158.3067, -404.7701, 67.2376, -156.6288, -405.8134, 67.2374, 0, 0, 0
L -160.1548, -404.8274, 67.2374, -158.3067, -404.7701, 67.2376, 0, 0, 0
L -161.1775, -406.5416, 67.2374, -160.1548, -404.8274, 67.2374, 0, 0, 0
L -166.7236, -406.7882, 67.2373, -161.1775, -406.5416, 67.2374, 0, 0, 0
L -168.7867, -377.4828, 57.5397, -168.7887, -349.6517, 47.1972, 0, 0, 0
L -167.2019, -378.672, 57.8725, -168.7867, -377.4828, 57.5397, 0, 0, 0
L -166.7238, -406.7878, 67.2373, -167.2019, -378.672, 57.8725, 0, 0, 0
L -168.7873, -319.3926, 47.1972, -168.7891, -351.1428, 47.1972, 0, 0, 0
L -47.9301, -319.2153, 1.2376, -168.7873, -319.3926, 47.1972, 0, 0, 0
L -45.99, -319.2144, 1.2376, -47.9301, -319.2153, 1.2376, 0, 0, 0
L -44.874, -318.8156, 1.2376, -45.99, -319.2144, 1.2376, 0, 0, 0
L -33.915, -302.9239, 1.2376, -44.874, -318.8156, 1.2376, 0, 0, 0
L -17.2616, -291.9126, 1.2376, -33.915, -302.9239, 1.2376, 0, 0, 0
L -16.7887, -226.2498, 1.2376, -17.2616, -291.9126, 1.2376, 0, 0, 0
L -18.2768, -224.6611, 1.2376, -16.7887, -226.2498, 1.2376, 0, 0, 0
L -31.3897, -220.9151, 1.2376, -17.214, -224.9703, 1.2376, 0, 0, 0
L -43.35, -210.5572, 1.2376, -31.3897, -220.9151, 1.2376, 0, 0, 0
L -48.816, -198.4798, 1.2376, -43.35, -210.5572, 1.2376, 0, 0, 0
L -50.1219, -187.8666, 1.2376, -48.816, -198.4798, 1.2376, 0, 0, 0
L -50.591, -186.2, 1.2376, -50.1219, -187.8666, 1.2376, 0, 0, 0
L -94.509, -167.3175, 1.2376, -50.591, -186.2, 1.2376, 0, 0, 0
L -96.3032, -166.8178, 1.2376, -94.509, -167.3175, 1.2376, 0, 0, 0
L -124.444, -195.6055, 1.2376, -96.3032, -166.8178, 1.2376, 0, 0, 0
L -140.4512, -206.589, 1.2376, -124.444, -195.6055, 1.2376, 0, 0, 0
L -159.9754, -209.7653, 1.2376, -140.4512, -206.589, 1.2376, 0, 0, 0
L -179.93, -205.9269, 1.1869, -159.9754, -209.7653, 1.2376, 0, 0, 0
L -195.1387, -195.155, 1.2376, -179.93, -205.9269, 1.1869, 0, 0, 0
L -205.9167, -179.324, 1.2376, -195.1387, -195.155, 1.2376, 0, 0, 0
L -209.1554, -162.7553, 1.2376, -205.9167, -179.324, 1.2376, 0, 0, 0
L -209.594, -159.4543, 1.2376, -209.1554, -162.7553, 1.2376, 0, 0, 0
L -205.9259, -140.9893, 1.2376, -209.594, -159.4543, 1.2376, 0, 0, 0
L -195.741, -124.793, 1.2376, -205.9259, -140.9893, 1.2376, 0, 0, 0
L -167.6661, -97.3824, 1.2376, -195.741, -124.793, 1.2376, 0, 0, 0
L -166.8112, -95.7372, 1.2376, -167.6661, -97.3824, 1.2376, 0, 0, 0
L -185.8069, -50.6672, 1.2381, -166.8112, -95.7372, 1.2376, 0, 0, 0
L -186.3021, -48.6631, 1.238, -185.8069, -50.6672, 1.2381, 0, 0, 0
L -192.1965, -4.3419, 1.2376, -186.3021, -48.6631, 1.238, 0, 0, 0
L -192.6692, 0.7873, 1.2376, -192.1965, -4.3419, 1.2376, 0, 0, 0
L -186.1487, 49.8562, 1.2378, -192.6692, 0.7873, 1.2376, 0, 0, 0
L -167.2771, 94.5905, 1.2376, -186.1487, 49.8562, 1.2378, 0, 0, 0
L -166.7708, 96.2193, 1.2376, -167.2771, 94.5905, 1.2376, 0, 0, 0
L -195.406, 124.7527, 1.2376, -166.7708, 96.2193, 1.2376, 0, 0, 0
L -205.5827, 140.4748, 1.2375, -195.406, 124.7527, 1.2376, 0, 0, 0
L -206.1725, 142.2506, 1.2376, -205.5827, 140.4748, 1.2375, 0, 0, 0
L -209.1413, 157.1714, 1.2376, -206.1725, 142.2506, 1.2376, 0, 0, 0
L -209.6288, 160.3728, 1.2376, -209.1413, 157.1714, 1.2376, 0, 0, 0
L -205.9256, 179.126, 1.2376, -209.6288, 160.3728, 1.2376, 0, 0, 0
L -195.2641, 194.9711, 1.2376, -205.9256, 179.126, 1.2376, 0, 0, 0
L -179.7233, 205.4521, 1.1879, -195.2641, 194.9711, 1.2376, 0, 0, 0
L -170.1562, 207.7108, 1.2376, -179.7233, 205.4521, 1.1879, 0, 0, 0
L -160.4899, 209.6628, 1.2376, -170.1562, 207.7108, 1.2376, 0, 0, 0
L -140.8545, 206.3204, 1.2376, -160.4899, 209.6628, 1.2376, 0, 0, 0
L -124.4746, 195.6305, 1.2376, -140.8545, 206.3204, 1.2376, 0, 0, 0
L -97.5178, 167.8222, 1.2376, -124.4746, 195.6305, 1.2376, 0, 0, 0
L -96.1111, 166.7803, 1.2376, -97.5178, 167.8222, 1.2376, 0, 0, 0
L -51.6159, 185.5043, 1.2376, -96.1111, 166.7803, 1.2376, 0, 0, 0
L -50.267, 186.7165, 1.2376, -51.6159, 185.5043, 1.2376, 0, 0, 0
L -48.8243, 198.453, 1.2376, -50.267, 186.7165, 1.2376, 0, 0, 0
L -43.183, 210.5382, 1.2376, -48.8243, 198.453, 1.2376, 0, 0, 0
L -32.36, 220.3401, 1.2376, -43.183, 210.5382, 1.2376, 0, 0, 0
L -30.2771, 221.228, 1.2376, -32.36, 220.3401, 1.2376, 0, 0, 0
L -18.8244, 224.4559, 1.2376, -30.2771, 221.228, 1.2376, 0, 0, 0
L -17.2047, 225.679, 1.2376, -18.8244, 224.4559, 1.2376, 0, 0, 0
L -16.7851, 289.8509, 1.2376, -17.2047, 225.679, 1.2376, 0, 0, 0
L -17.458, 291.7846, 1.2376, -16.7851, 289.8509, 1.2376, 0, 0, 0
L -32.9684, 302.9918, 1.2376, -17.458, 291.7846, 1.2376, 0, 0, 0
L -42.4834, 317.2269, 1.2376, -32.9684, 302.9918, 1.2376, 0, 0, 0
L -43.267, 319.11, 1.2376, -42.4834, 317.2269, 1.2376, 0, 0, 0
L -46.5153, 335.3294, 1.2376, -43.267, 319.11, 1.2376, 0, 0, 0
L -46.3851, 337.3211, 1.2376, -46.5153, 335.3294, 1.2376, 0, 0, 0
L -43.951, 353.8537, 1.2376, -46.3851, 337.3211, 1.2376, 0, 0, 0
L -32.9932, 368.98, 1.2376, -43.951, 353.8537, 1.2376, 0, 0, 0
L -18.6753, 378.548, 1.2376, -32.9932, 368.98, 1.2376, 0, 0, 0
L -10.982, 380.6895, 1.2376, -18.6753, 378.548, 1.2376, 0, 0, 0
L -0.3629, 382.6875, 1.2376, -10.982, 380.6895, 1.2376, 0, 0, 0
L 17.8416, 379.1046, 1.2376, -0.3629, 382.6875, 1.2376, 0, 0, 0
L 33.382, 369.321, 1.2376, 17.8416, 379.1046, 1.2376, 0, 0, 0
L 43.6777, 353.8333, 1.2376, 33.382, 369.321, 1.2376, 0, 0, 0
L 44.8258, 352.7991, 1.2376, 43.6777, 353.8333, 1.2376, 0, 0, 0
L 100.9077, 352.783, 30.2028, 44.8258, 352.7991, 1.2376, 0, 0, 0
L 130.8714, 352.7869, 46.3109, 100.9077, 352.783, 30.2028, 0, 0, 0
L 132.8214, 352.7841, 46.8629, 130.8714, 352.7869, 46.3109, 0, 0, 0
L 134.7595, 352.98, 47.1972, 132.8214, 352.7841, 46.8629, 0, 0, 0
L 135.2105, 359.2814, 49.5108, 134.7595, 352.98, 47.1972, 0, 0, 0
L 130.1288, 352.7837, 46.2717, 87.6426, 352.7894, 21.3957, 0, 0, 0
L 131.6633, 352.7841, 46.8091, 130.1288, 352.7837, 46.2717, 0, 0, 0
L 135.2137, 375.648, 56.7586, 135.1185, 353.2871, 47.2706, 0, 0, 0
L 135.5197, 377.5461, 57.5366, 135.2137, 375.648, 56.7586, 0, 0, 0
L 136.8682, 378.7404, 57.9429, 135.5197, 377.5461, 57.5366, 0, 0, 0
L 137.308, 404.22, 67.2374, 136.8682, 378.7404, 57.9429, 0, 0, 0
L 137.3091, 405.8011, 67.2376, 137.308, 404.22, 67.2374, 0, 0, 0
L 138.7554, 406.785, 67.2376, 137.3091, 405.8011, 67.2376, 0, 0, 0
L 140.4884, 406.7887, 67.2376, 138.7554, 406.785, 67.2376, 0, 0, 0
L 142.271, 405.8842, 67.2376, 140.4884, 406.7887, 67.2376, 0, 0, 0
L 143.4247, 404.5871, 67.2376, 142.271, 405.8842, 67.2376, 0, 0, 0
L 145.4144, 404.6193, 67.2376, 143.4247, 404.5871, 67.2376, 0, 0, 0
L 146.9231, 405.5029, 67.2374, 145.4144, 404.6193, 67.2376, 0, 0, 0
L 155.4913, 405.7733, 67.2374, 146.9231, 405.5029, 67.2374, 0, 0, 0
L 157.886, 404.9058, 67.2374, 155.4913, 405.7733, 67.2374, 0, 0, 0
L 159.5815, 404.7753, 67.2374, 157.886, 404.9058, 67.2374, 0, 0, 0
L 190.45, -20.8445, 1.2376, 192.7763, 0.176, 1.2376, 0, 0, 0
L 192.7763, 0.176, 1.2376, 186.1394, 49.8898, 1.2379, 0, 0, 0
L 186.1394, 49.8898, 1.2379, 166.7925, 95.9026, 1.2376, 0, 0, 0
L 166.7925, 95.9026, 1.2376, 167.861, 97.5748, 1.2376, 0, 0, 0
L 167.861, 97.5748, 1.2376, 195.762, 124.796, 1.2376, 0, 0, 0
L 195.762, 124.796, 1.2376, 205.9261, 140.9904, 1.2376, 0, 0, 0
L 205.9261, 140.9904, 1.2376, 209.5274, 159.1177, 1.2376, 0, 0, 0
L 209.5274, 159.1177, 1.2376, 209.785, 163.1427, 1.2376, 0, 0, 0
L 209.785, 163.1427, 1.2376, 205.9181, 179.305, 1.2376, 0, 0, 0
L 205.9181, 179.305, 1.2376, 195.1399, 195.154, 1.2376, 0, 0, 0
L 195.1399, 195.154, 1.2376, 179.99, 205.9268, 1.1868, 0, 0, 0
L 179.99, 205.9268, 1.1868, 159.9738, 209.765, 1.2376, 0, 0, 0
L 159.9738, 209.765, 1.2376, 140.8341, 206.312, 1.2376, 0, 0, 0
L 140.8341, 206.312, 1.2376, 124.4391, 195.6004, 1.2376, 0, 0, 0
L 124.4391, 195.6004, 1.2376, 96.4424, 166.8297, 1.2376, 0, 0, 0
L 96.4424, 166.8297, 1.2376, 94.725, 167.2238, 1.2376, 0, 0, 0
L 94.725, 167.2238, 1.2376, 50.8969, 185.8086, 1.2376, 0, 0, 0
L 50.8969, 185.8086, 1.2376, 50.1614, 187.5614, 1.2376, 0, 0, 0
L 50.1614, 187.5614, 1.2376, 48.8164, 198.4757, 1.2376, 0, 0, 0
L 48.8164, 198.4757, 1.2376, 43.52, 210.5559, 1.2376, 0, 0, 0
L 43.52, 210.5559, 1.2376, 31.3906, 220.9148, 1.2376, 0, 0, 0
L 31.3906, 220.9148, 1.2376, 17.289, 224.9391, 1.2376, 0, 0, 0
L 19.9179, 224.1923, 1.2376, 17.1796, 225.785, 1.2376, 0, 0, 0
L 17.1796, 225.785, 1.2376, 16.7127, 226.9994, 1.2376, 0, 0, 0
L 16.7127, 226.9994, 1.2376, 17.1818, 291.834, 1.2376, 0, 0, 0
L 17.1818, 291.834, 1.2376, 18.6332, 292.829, 1.2376, 0, 0, 0
L 18.6332, 292.829, 1.2376, 20.504, 294.369, 1.2376, 0, 0, 0
L 20.504, 294.369, 1.2376, 21.4348, 294.7862, 1.2376, 0, 0, 0
L 21.4348, 294.7862, 1.2376, 33.917, 302.9243, 1.2376, 0, 0, 0
L 33.917, 302.9243, 1.2376, 44.1129, 318.8534, 1.2376, 0, 0, 0
L 44.1129, 318.8534, 1.2376, 45.7959, 319.5677, 1.2376, 0, 0, 0
L 45.7959, 319.5677, 1.2376, 49.846, 319.2139, 1.2376, 0, 0, 0
L 49.846, 319.2139, 1.2376, 51.341, 319.216, 1.2376, 0, 0, 0
L 51.341, 319.216, 1.2376, 168.7875, 319.3792, 47.1972, 0, 0, 0
L 168.7875, 319.3792, 47.1972, 168.7847, 321.2481, 47.1972, 0, 0, 0
L 168.7847, 321.2481, 47.1972, 168.7895, 360.9716, 50.2415, 0, 0, 0
L 166.8394, 406.7884, 67.2373, 167.2769, 378.4547, 57.8156, 0, 0, 0
L 167.2769, 378.4547, 57.8156, 168.788, 377.2273, 57.3166, 0, 0, 0
L 168.788, 377.2273, 57.3166, 168.7888, 359.4073, 49.5651, 0, 0, 0
L 166.8394, 406.7884, 67.2373, 160.9825, 406.5024, 67.2374, 0, 0, 0
L 160.9825, 406.5024, 67.2374, 160.1084, 404.785, 67.2374, 0, 0, 0
L 160.1084, 404.785, 67.2374, 159.784, 404.6059, 67.2374, 0, 0, 0
P -151.5492, -403.9028, 67.2867, 0, 127, 0, 3, to_West_Freeport
P 151.7651, 402.6299, 67.2374, 0, 127, 0, 3, to_West_Freeport
