L 19.4555, -175.1687, -15.9388, 19.4564, -178.8503, -15.9388, 0, 0, 0
L 19.7665, -173.2657, -15.9388, 19.4555, -175.1687, -15.9388, 0, 0, 0
L 27.7295, -172.8656, -13.3186, 19.7665, -173.2657, -15.9388, 0, 0, 0
L 29.6525, -172.8701, -12.2186, 27.7295, -172.8656, -13.3186, 0, 0, 0
L 30.837, -174.4809, -12.2186, 29.6525, -172.8701, -12.2186, 0, 0, 0
L 30.9768, -176.4447, -11.3244, 30.837, -174.4809, -12.2186, 0, 0, 0
L 32.2805, -177.9341, -11.2552, 30.9768, -176.4447, -11.3244, 0, 0, 0
L 33.2203, -179.6561, -10.1958, 32.2805, -177.9341, -11.2552, 0, 0, 0
L 33.9416, -181.4217, -8.9734, 33.2203, -179.6561, -10.1958, 0, 0, 0
L 34.6351, -183.2509, -8.2463, 33.9416, -181.4217, -8.9734, 0, 0, 0
L 35.949, -185.79, -7.5594, 34.6351, -183.2509, -8.2463, 0, 0, 0
L 35.4626, -186.8787, -6.4417, 35.949, -185.79, -7.5594, 0, 0, 0
L 35.9463, -190.5, -4.8141, 35.4626, -186.8787, -6.4417, 0, 0, 0
L -35.9371, -187.8266, -6.2583, -36.3132, -191.1681, -4.482, 0, 0, 0
L -35.501, -183.5841, -8.2327, -35.9371, -187.8266, -6.2583, 0, 0, 0
L -34.3498, -181.7263, -9.231, -35.501, -183.5841, -8.2327, 0, 0, 0
L -33.6242, -179.8632, -10.3184, -34.3498, -181.7263, -9.231, 0, 0, 0
L -32.7948, -178.3436, -11.2552, -33.6242, -179.8632, -10.3184, 0, 0, 0
L -31.6193, -176.8472, -11.2552, -32.7948, -178.3436, -11.2552, 0, 0, 0
L -31.1267, -174.3052, -12.2186, -31.6193, -176.8472, -11.2552, 0, 0, 0
L -28.7823, -172.866, -12.6335, -27.5512, -172.8692, -15.21, 0, 0, 0
L -30.6429, -173.87, -12.2186, -28.7823, -172.866, -12.6335, 0, 0, 0
L -31.1268, -175.1655, -12.2186, -30.6429, -173.87, -12.2186, 0, 0, 0
L -22.86, -172.8677, -15.21, -28.7042, -172.8689, -15.21, 0, 0, 0
L -20.2375, -173.908, -15.9388, -22.86, -172.8677, -15.21, 0, 0, 0
L -19.7473, -182.1613, -15.9388, -20.2375, -173.908, -15.9388, 0, 0, 0
L -20.2044, -184.236, -15.9388, -19.7473, -182.1613, -15.9388, 0, 0, 0
L -29.23, -184.2487, -15.9388, -20.2044, -184.236, -15.9388, 0, 0, 0
L -30.9861, -185.66, -15.9388, -29.23, -184.2487, -15.9388, 0, 0, 0
L -31.6851, -188.8866, -15.9388, -30.9861, -185.66, -15.9388, 0, 0, 0
L -32.1704, -198.803, -15.9388, -31.6851, -188.8866, -15.9388, 0, 0, 0
L -32.343, -199.8565, -15.9388, -32.1704, -198.803, -15.9388, 0, 0, 0
L -31.5587, -202.9588, -15.9388, -32.343, -199.8565, -15.9388, 0, 0, 0
L -31.1552, -204.7507, -15.9388, -31.5587, -202.9588, -15.9388, 0, 0, 0
L -30.6042, -206.6171, -15.9388, -31.1552, -204.7507, -15.9388, 0, 0, 0
L -29.9365, -208.3485, -15.9388, -30.6042, -206.6171, -15.9388, 0, 0, 0
L -29.552, -209.8218, -15.9388, -29.9365, -208.3485, -15.9388, 0, 0, 0
L -27.5445, -211.892, -15.9388, -29.552, -209.8218, -15.9388, 0, 0, 0
L 26.76, -211.84, -15.9388, -27.5445, -211.892, -15.9388, 0, 0, 0
L 27.7689, -210.9218, -15.9388, 26.76, -211.84, -15.9388, 0, 0, 0
L 29.854, -209.4235, -15.9388, 27.7689, -210.9218, -15.9388, 0, 0, 0
L 29.9172, -207.6492, -15.9388, 29.854, -209.4235, -15.9388, 0, 0, 0
L 31.117, -204.1085, -15.9388, 29.9172, -207.6492, -15.9388, 0, 0, 0
L 31.5104, -189.902, -15.9388, 31.117, -204.1085, -15.9388, 0, 0, 0
L 31.2802, -188.114, -15.9388, 31.5104, -189.902, -15.9388, 0, 0, 0
L 30.4601, -184.4534, -15.9388, 31.2802, -188.114, -15.9388, 0, 0, 0
L 21.697, -184.2521, -15.9388, 30.4601, -184.4534, -15.9388, 0, 0, 0
L 19.8591, -183.9496, -15.9388, 21.697, -184.2521, -15.9388, 0, 0, 0
L 19.4563, -178.304, -15.9388, 19.8591, -183.9496, -15.9388, 0, 0, 0
L 25.2062, -215.4343, 9.4532, 20.4365, -215.4236, 10.3917, 0, 0, 0
L 27.558, -215.4274, 8.4155, 25.2062, -215.4343, 9.4532, 0, 0, 0
L 28.9619, -215.48, 7.4789, 27.558, -215.4274, 8.4155, 0, 0, 0
L 30.618, -214.1433, 6.5427, 28.9619, -215.48, 7.4789, 0, 0, 0
L 32.855, -212.8606, 6.5427, 30.618, -214.1433, 6.5427, 0, 0, 0
L 33.1501, -211.2362, 5.6059, 32.855, -212.8606, 6.5427, 0, 0, 0
L 33.8385, -209.5229, 4.4074, 33.1501, -211.2362, 5.6059, 0, 0, 0
L 34.5058, -207.7956, 3.6177, 33.8385, -209.5229, 4.4074, 0, 0, 0
L 35.508, -205.8957, 2.7641, 34.5058, -207.7956, 3.6177, 0, 0, 0
L 35.4579, -204.1083, 1.8142, 35.508, -205.8957, 2.7641, 0, 0, 0
L 35.8999, -190.914, -5.183, 35.4579, -204.1083, 1.8142, 0, 0, 0
L -16.2347, -215.4288, 10.3917, 22.413, -215.4233, 10.3917, 0, 0, 0
L -26.517, -215.4271, 8.4161, -16.2347, -215.4288, 10.3917, 0, 0, 0
L -27.8877, -215.4591, 7.4794, -26.517, -215.4271, 8.4161, 0, 0, 0
L -29.4179, -214.9449, 7.4794, -27.8877, -215.4591, 7.4794, 0, 0, 0
L -31.222, -214.559, 6.5427, -29.4179, -214.9449, 7.4794, 0, 0, 0
L -32.4121, -212.8074, 6.5427, -31.222, -214.559, 6.5427, 0, 0, 0
L -33.503, -211.14, 5.6059, -32.4121, -212.8074, 6.5427, 0, 0, 0
L -34.2631, -209.1753, 4.253, -33.503, -211.14, 5.6059, 0, 0, 0
L -34.9149, -207.4851, 3.5061, -34.2631, -209.1753, 4.253, 0, 0, 0
L -35.8083, -203.8265, 1.8427, -34.9149, -207.4851, 3.5061, 0, 0, 0
L -36.2689, -190.7832, -4.6745, -35.8083, -203.8265, 1.8427, 0, 0, 0
L -23.445, -133.9305, -12.1974, -30.9881, -133.5792, -12.7689, 0, 0, 0
L -21.56, -133.9279, -12.192, -23.445, -133.9305, -12.1974, 0, 0, 0
L -19.9012, -133.6076, -12.1919, -21.56, -133.9279, -12.192, 0, 0, 0
L -19.5493, -121.2502, -12.1734, -19.9012, -133.6076, -12.1919, 0, 0, 0
L -20.396, -118.3637, -12.688, -19.5493, -121.2502, -12.1734, 0, 0, 0
L -19.9197, -116.6393, -12.1919, -20.396, -118.3637, -12.688, 0, 0, 0
L -18.4666, -115.6645, -12.1919, -19.9197, -116.6393, -12.1919, 0, 0, 0
L -16.5368, -115.2031, -12.1919, -18.4666, -115.6645, -12.1919, 0, 0, 0
L -6.5613, -114.9235, -11.1849, -16.5368, -115.2031, -12.1919, 0, 0, 0
L 16.684, -114.8516, -11.1739, -6.5613, -114.9235, -11.1849, 0, 0, 0
L 17.7804, -115.147, -12.1919, 16.684, -114.8516, -11.1739, 0, 0, 0
L 19.2057, -116.5005, -12.1919, 17.7804, -115.147, -12.1919, 0, 0, 0
L 19.6941, -118.942, -12.1774, 19.2057, -116.5005, -12.1919, 0, 0, 0
L 19.2482, -132.1759, -12.1919, 19.6941, -118.942, -12.1774, 0, 0, 0
L 19.6086, -133.6045, -12.1919, 19.2482, -132.1759, -12.1919, 0, 0, 0
L 29.5899, -133.9276, -12.2178, 19.6086, -133.6045, -12.1919, 0, 0, 0
L 53.2565, -159.1239, -12.2186, 53.4735, -150.246, -16.35, 0, 0, 0
L 53.2575, -160.9317, -12.2186, 53.2565, -159.1239, -12.2186, 0, 0, 0
L 53.9573, -162.7632, -12.2186, 53.2575, -160.9317, -12.2186, 0, 0, 0
L 68.3075, -162.8674, -19.5836, 53.9573, -162.7632, -12.2186, 0, 0, 0
L 70.1735, -162.6461, -20.5202, 68.3075, -162.8674, -19.5836, 0, 0, 0
L 70.6715, -154.3175, -20.5127, 70.1735, -162.6461, -20.5202, 0, 0, 0
L 70.6726, -152.3388, -20.5108, 70.6715, -154.3175, -20.5127, 0, 0, 0
L 70.983, -150.4316, -20.5074, 70.6726, -152.3388, -20.5108, 0, 0, 0
L 53.7894, -150.2524, -20.502, 70.983, -150.4316, -20.5074, 0, 0, 0
L 55.1041, -148.715, -14.3536, 44.9699, -151.8386, -12.2186, 0, 0, 0
L 58.4868, -146.6993, -15.2493, 55.1041, -148.715, -14.3536, 0, 0, 0
L 62.1584, -144.5366, -15.9855, 58.4868, -146.6993, -15.2493, 0, 0, 0
L 71.9411, -136.5013, -17.9051, 62.1584, -144.5366, -15.9855, 0, 0, 0
L 77.7035, -129.2975, -19.232, 71.9411, -136.5013, -17.9051, 0, 0, 0
L 78.7609, -127.7527, -19.5015, 77.7035, -129.2975, -19.232, 0, 0, 0
L 79.6017, -126.1406, -19.6755, 78.7609, -127.7527, -19.5015, 0, 0, 0
L 81.7549, -121.3363, -19.9233, 79.6017, -126.1406, -19.6755, 0, 0, 0
L 82.3402, -119.7877, -20.252, 81.7549, -121.3363, -19.9233, 0, 0, 0
L 84.2784, -113.1957, -20.3856, 82.3402, -119.7877, -20.252, 0, 0, 0
L -53.904, -150.7442, -13.7841, -55.7682, -150.1203, -20.5019, 0, 0, 0
L -53.5478, -159.5163, -12.2186, -53.904, -150.7442, -13.7841, 0, 0, 0
L -53.4284, -161.2786, -12.2186, -53.5478, -159.5163, -12.2186, 0, 0, 0
L -54.3924, -162.8075, -12.2186, -53.4284, -161.2786, -12.2186, 0, 0, 0
L -68.7627, -162.8688, -19.5836, -54.3924, -162.8075, -12.2186, 0, 0, 0
L -70.5298, -162.6375, -20.5202, -68.7627, -162.8688, -19.5836, 0, 0, 0
L -70.9634, -154.621, -20.5124, -70.5298, -162.6375, -20.5202, 0, 0, 0
L -70.9621, -152.97, -20.5106, -70.9634, -154.621, -20.5124, 0, 0, 0
L -70.2318, -150.3481, -20.5073, -70.9621, -152.97, -20.5106, 0, 0, 0
L -54.799, -150.2527, -20.502, -70.2318, -150.3481, -20.5073, 0, 0, 0
L -57.816, -147.6872, -14.7643, -46.8083, -151.2844, -12.2186, 0, 0, 0
L -58.8618, -147.1838, -15.2355, -57.816, -147.6872, -14.7643, 0, 0, 0
L -62.8522, -144.2918, -16.1084, -58.8618, -147.1838, -15.2355, 0, 0, 0
L -72.2329, -137.782, -17.8906, -62.8522, -144.2918, -16.1084, 0, 0, 0
L -73.5403, -135.7837, -18.1493, -72.2329, -137.782, -17.8906, 0, 0, 0
L -74.7849, -134.2667, -18.4927, -73.5403, -135.7837, -18.1493, 0, 0, 0
L -79.3299, -127.7771, -19.5185, -74.7849, -134.2667, -18.4927, 0, 0, 0
L -80.2275, -126.3151, -19.6768, -79.3299, -127.7771, -19.5185, 0, 0, 0
L -81.8044, -123.1646, -19.8292, -80.2275, -126.3151, -19.6768, 0, 0, 0
L -84.381, -115.8866, -20.2307, -81.8044, -123.1646, -19.8292, 0, 0, 0
L -85.7327, -111.1713, -20.502, -84.381, -115.8866, -20.2307, 0, 0, 0
L -49.4466, -112.2015, -25.2006, -48.2543, -111.9008, -25.204, 0, 0, 0
L -65.7626, -112.3459, -25.204, -49.4466, -112.2015, -25.2006, 0, 0, 0
L -64.1226, -119.1664, -25.204, -65.7626, -112.3459, -25.204, 0, 0, 0
L -58.5305, -127.1299, -25.204, -64.1226, -119.1664, -25.204, 0, 0, 0
L -52.9926, -132.9971, -25.2208, -58.5305, -127.1299, -25.204, 0, 0, 0
L -44.4949, -135.9121, -25.204, -52.9926, -132.9971, -25.2208, 0, 0, 0
L -31.6544, -136.1704, -25.2045, -44.4949, -135.9121, -25.204, 0, 0, 0
L -31.3337, -116.4846, -25.204, -31.6544, -136.1704, -25.2045, 0, 0, 0
L -30.8526, -114.8917, -24.3533, -31.3337, -116.4846, -25.204, 0, 0, 0
L -25.2021, -114.6422, -25.204, -30.8526, -114.8917, -24.3533, 0, 0, 0
L -23.3276, -114.6436, -25.204, -25.2021, -114.6422, -25.204, 0, 0, 0
L -21.4728, -114.3884, -25.204, -23.3276, -114.6436, -25.204, 0, 0, 0
L -20.2362, -113.1524, -25.204, -21.4728, -114.3884, -25.204, 0, 0, 0
L -18.9559, -111.9543, -24.5194, -20.2362, -113.1524, -25.204, 0, 0, 0
L 0.9725, -111.8344, -25.204, -18.9559, -111.9543, -24.5194, 0, 0, 0
L 48.4455, -111.8974, -25.751, 47.9414, -111.892, -25.2013, 0, 0, 0
L 50.5656, -112.3452, -25.2034, 48.4455, -111.8974, -25.751, 0, 0, 0
L 65.4662, -112.3461, -25.204, 49.3639, -112.242, -25.18, 0, 0, 0
L 63.771, -119.4273, -25.204, 65.4662, -112.3461, -25.204, 0, 0, 0
L 58.72, -127.3671, -25.204, 63.771, -119.4273, -25.204, 0, 0, 0
L 53.7471, -131.938, -25.2179, 58.72, -127.3671, -25.204, 0, 0, 0
L 44.4228, -135.8267, -25.204, 53.7471, -131.938, -25.2179, 0, 0, 0
L 31.4179, -136.169, -25.2045, 44.4228, -135.8267, -25.204, 0, 0, 0
L 31.41, -116.9753, -25.204, 31.4179, -136.169, -25.2045, 0, 0, 0
L 30.6967, -115.106, -24.3707, 31.41, -116.9753, -25.204, 0, 0, 0
L 23.2952, -114.6418, -25.204, 30.6967, -115.106, -24.3707, 0, 0, 0
L 21.5451, -114.6439, -25.204, 23.2952, -114.6418, -25.204, 0, 0, 0
L 19.9207, -113.129, -25.204, 21.5451, -114.6439, -25.204, 0, 0, 0
L 18.7182, -111.9732, -24.4892, 19.9207, -113.129, -25.204, 0, 0, 0
L 0.5618, -111.8342, -25.204, 18.7182, -111.9732, -24.4892, 0, 0, 0
L 54.3021, 20.524, -11.7066, 54.3044, 20.229, -11.7066, 0, 0, 0
L 54.9262, 22.3273, -11.7066, 54.3021, 20.524, -11.7066, 0, 0, 0
L 56.8811, 22.4803, -11.7066, 54.9262, 22.3273, -11.7066, 0, 0, 0
L 58.6302, 22.4767, -11.7066, 56.8811, 22.4803, -11.7066, 0, 0, 0
L 59.619, 61.4027, -20.7474, 58.6302, 22.4767, -11.7066, 0, 0, 0
L 59.615, 63.3766, -20.7474, 59.619, 61.4027, -20.7474, 0, 0, 0
L 50.6047, 63.7167, -20.7474, 59.615, 63.3766, -20.7474, 0, 0, 0
L 32.8691, 20.263, -11.7066, 54.3034, 20.1102, -11.7066, 0, 0, 0
L 31.423, 20.3987, -11.7066, 32.8691, 20.263, -11.7066, 0, 0, 0
L 30.5757, 22.2271, -11.7066, 31.423, 20.3987, -11.7066, 0, 0, 0
L 23.3449, 22.4802, -11.7066, 30.5757, 22.2271, -11.7066, 0, 0, 0
L 21.6138, 22.7574, -11.7066, 23.3449, 22.4802, -11.7066, 0, 0, 0
L 19.7049, 22.2243, -11.7066, 21.6138, 22.7574, -11.7066, 0, 0, 0
L 19.249, 16.3946, -11.7066, 19.7049, 22.2243, -11.7066, 0, 0, 0
L 19.2497, 14.5303, -11.7066, 19.249, 16.3946, -11.7066, 0, 0, 0
L 19.8116, 12.8112, -11.7066, 19.2497, 14.5303, -11.7066, 0, 0, 0
L 19.9334, 10.8295, -11.5671, 19.8116, 12.8112, -11.7066, 0, 0, 0
L 28.8405, 10.6829, -11.7066, 19.9334, 10.8295, -11.5671, 0, 0, 0
L 30.6978, 11.136, -11.7066, 28.8405, 10.6829, -11.7066, 0, 0, 0
L 31.412, 12.942, -11.7066, 30.6978, 11.136, -11.7066, 0, 0, 0
L 52.374, 13.1365, -11.7066, 31.412, 12.942, -11.7066, 0, 0, 0
L 54.3014, 12.8485, -11.7066, 52.374, 13.1365, -11.7066, 0, 0, 0
L 54.7363, 10.9665, -11.7066, 54.3014, 12.8485, -11.7066, 0, 0, 0
L 56.6852, 10.6846, -11.7066, 54.7363, 10.9665, -11.7066, 0, 0, 0
L 58.6661, 10.6843, -11.7066, 56.6852, 10.6846, -11.7066, 0, 0, 0
L 59.608, -12.846, -19.5836, 58.6661, 10.6843, -11.7066, 0, 0, 0
L 59.4536, -13.922, -20.5194, 59.608, -12.846, -19.5836, 0, 0, 0
L 84.1807, -14.31, -20.5202, 59.4536, -13.922, -20.5194, 0, 0, 0
L 85.2884, -15.5898, -20.5202, 84.1807, -14.31, -20.5202, 0, 0, 0
L 85.2881, -17.307, -20.5202, 85.2884, -15.5898, -20.5202, 0, 0, 0
L 85.9868, -19.712, -20.5198, 85.2881, -17.307, -20.5202, 0, 0, 0
L 91.358, -19.183, -20.5208, 85.9868, -19.712, -20.5198, 0, 0, 0
L 92.8496, -19.32, -20.5208, 91.358, -19.183, -20.5208, 0, 0, 0
L 93.5665, -14.291, -20.5203, 92.8496, -19.32, -20.5208, 0, 0, 0
L 95.549, -14.284, -20.5203, 93.5665, -14.291, -20.5203, 0, 0, 0
L 95.9899, -32.2415, -20.5255, 95.549, -14.284, -20.5203, 0, 0, 0
L 96.5362, -33.9909, -20.5258, 95.9899, -32.2415, -20.5255, 0, 0, 0
L 96.7227, -35.9667, -20.5252, 96.5362, -33.9909, -20.5258, 0, 0, 0
L 97.2064, -15.4567, -11.4954, 96.7227, -35.9667, -20.5252, 0, 0, 0
L 97.5109, -13.5585, -11.4954, 97.2064, -15.4567, -11.4954, 0, 0, 0
L 99.4599, -13.9207, -11.4954, 97.5109, -13.5585, -11.4954, 0, 0, 0
L 101.4248, -13.7643, -11.4954, 99.4599, -13.9207, -11.4954, 0, 0, 0
L 102.1911, -11.9734, -11.4954, 101.4248, -13.7643, -11.4954, 0, 0, 0
L 101.4368, -10.2128, -11.4962, 102.1911, -11.9734, -11.4954, 0, 0, 0
L 99.5125, -10.76, -11.4962, 101.4368, -10.2128, -11.4962, 0, 0, 0
L 96.3366, -10.1602, -11.4992, 99.5125, -10.76, -11.4962, 0, 0, 0
L 64.4543, -10.1631, -11.5124, 96.3366, -10.1602, -11.4992, 0, 0, 0
L 64.2129, 67.2348, -11.5124, 64.4543, -10.1631, -11.5124, 0, 0, 0
L 131.4629, 67.233, -11.5124, 64.2129, 67.2348, -11.5124, 0, 0, 0
L 131.8925, -9.9799, -11.5124, 131.4629, 67.233, -11.5124, 0, 0, 0
L 110.5524, -10.1555, -11.5017, 131.8925, -9.9799, -11.5124, 0, 0, 0
L 108.715, -9.8444, -11.4972, 110.5524, -10.1555, -11.5017, 0, 0, 0
L 107.4295, -11.3404, -11.4954, 108.715, -9.8444, -11.4972, 0, 0, 0
L 107.6881, -13.2456, -11.4954, 107.4295, -11.3404, -11.4954, 0, 0, 0
L 109.4806, -14.1213, -11.5007, 107.6881, -13.2456, -11.4954, 0, 0, 0
L 111.3829, -13.5599, -11.5106, 109.4806, -14.1213, -11.5007, 0, 0, 0
L 111.7445, -30.5498, -17.3043, 111.3829, -13.5599, -11.5106, 0, 0, 0
L 111.6847, -32.5319, -18.2357, 111.7445, -30.5498, -17.3043, 0, 0, 0
L 112.999, -33.9699, -20.5252, 111.6847, -32.5319, -18.2357, 0, 0, 0
L 113.4737, -14.266, -20.5211, 112.999, -33.9699, -20.5252, 0, 0, 0
L 120.336, -14.289, -20.523, 113.4737, -14.266, -20.5211, 0, 0, 0
L 120.4188, -56.7376, -20.5229, 120.336, -14.289, -20.523, 0, 0, 0
L 113.3341, -56.9528, -20.5191, 120.4188, -56.7376, -20.5229, 0, 0, 0
L 111.4958, -57.1978, -20.5184, 113.3341, -56.9528, -20.5191, 0, 0, 0
L 111.137, -65.1916, -18.3156, 111.4958, -57.1978, -20.5184, 0, 0, 0
L 110.8456, -67.14, -20.4981, 111.137, -65.1916, -18.3156, 0, 0, 0
L 111.7927, -68.6375, -20.5164, 110.8456, -67.14, -20.4981, 0, 0, 0
L 125.8722, -68.7112, -20.5232, 111.7927, -68.6375, -20.5164, 0, 0, 0
L 126.1633, -82.3302, -20.5288, 125.8722, -68.7112, -20.5232, 0, 0, 0
L 127.9482, -83.2229, -20.5306, 126.1633, -82.3302, -20.5288, 0, 0, 0
L 129.9116, -82.8834, -20.5334, 127.9482, -83.2229, -20.5306, 0, 0, 0
L 130.3671, -52.174, -20.5473, 129.9116, -82.8834, -20.5334, 0, 0, 0
L 187.985, -52.189, -20.5473, 130.3671, -52.174, -20.5473, 0, 0, 0
L 188.181, -119.6983, -20.5473, 187.985, -52.189, -20.5473, 0, 0, 0
L 131.5, -119.6958, -20.5473, 188.181, -119.6983, -20.5473, 0, 0, 0
L 130.4113, -89.2901, -20.5332, 131.5, -119.6958, -20.5473, 0, 0, 0
L 128.1879, -88.4555, -20.5305, 130.4113, -89.2901, -20.5332, 0, 0, 0
L 126.3766, -89.1547, -20.5289, 128.1879, -88.4555, -20.5305, 0, 0, 0
L 126.626, -91.364, -20.5295, 126.3766, -89.1547, -20.5289, 0, 0, 0
L 126.5073, -102.9703, -20.5302, 126.626, -91.364, -20.5295, 0, 0, 0
L 111.207, -113.105, -20.336, 111.334, -113.6573, -20.5242, 0, 0, 0
L 113.4712, -102.9643, -20.5299, 126.5074, -102.9705, -20.5302, 0, 0, 0
L 111.5, -103.2104, -20.5293, 113.4712, -102.9643, -20.5299, 0, 0, 0
L 111.138, -113.3178, -20.5244, 111.5, -103.2104, -20.5293, 0, 0, 0
L 111.4271, -114.4115, -20.5245, 111.354, -113.6423, -20.5243, 0, 0, 0
L 120.1744, -114.7272, -20.5295, 111.4271, -114.4115, -20.5245, 0, 0, 0
L 120.4215, -175.307, -20.5289, 120.1744, -114.7272, -20.5295, 0, 0, 0
L 113.8542, -175.5302, -20.5218, 120.4215, -175.307, -20.5289, 0, 0, 0
L 113.4808, -157.5261, -20.5265, 113.8542, -175.5302, -20.5218, 0, 0, 0
L 112.8915, -155.8431, -20.5262, 113.4808, -157.5261, -20.5265, 0, 0, 0
L 112.5912, -153.873, -20.5261, 112.8915, -155.8431, -20.5262, 0, 0, 0
L 112.1597, -173.2969, -11.5198, 112.5912, -153.873, -20.5261, 0, 0, 0
L 112.913, -174.9995, -11.5153, 112.1597, -173.2969, -11.5198, 0, 0, 0
L 110.2997, -175.7479, -11.5028, 112.913, -174.9995, -11.5153, 0, 0, 0
L 108.3713, -175.6285, -11.4968, 110.2997, -175.7479, -11.5028, 0, 0, 0
L 107.4221, -177.3543, -11.4954, 108.3713, -175.6285, -11.4968, 0, 0, 0
L 108.734, -179.2073, -11.4957, 107.4221, -177.3543, -11.4954, 0, 0, 0
L 110.237, -179.5871, -11.4991, 108.734, -179.2073, -11.4957, 0, 0, 0
L 131.6647, -179.3953, -11.5124, 110.237, -179.5871, -11.4991, 0, 0, 0
L 131.8928, -256.6918, -11.5124, 131.6647, -179.3953, -11.5124, 0, 0, 0
L 64.5534, -256.7918, -11.5124, 131.8928, -256.6918, -11.5124, 0, 0, 0
L 64.2141, -179.5716, -11.5124, 64.5534, -256.7918, -11.5124, 0, 0, 0
L 67.9069, -179.3987, -11.5106, 64.2141, -179.5716, -11.5124, 0, 0, 0
L 99.2146, -179.3859, -11.4961, 67.9069, -179.3987, -11.5106, 0, 0, 0
L 101.55, -179.6542, -11.4956, 99.2146, -179.3859, -11.4961, 0, 0, 0
L 102.1875, -178.1245, -11.4954, 101.55, -179.6542, -11.4956, 0, 0, 0
L 101.7967, -176.1642, -11.4954, 102.1875, -178.1245, -11.4954, 0, 0, 0
L 99.6707, -175.5178, -11.4954, 101.7967, -176.1642, -11.4954, 0, 0, 0
L 97.7408, -175.9995, -11.4954, 99.6707, -175.5178, -11.4954, 0, 0, 0
L 97.2738, -159.3648, -17.2993, 97.7408, -175.9995, -11.4954, 0, 0, 0
L 97.4127, -157.5768, -18.2352, 97.2738, -159.3648, -17.2993, 0, 0, 0
L 96.3856, -155.8994, -20.5252, 97.4127, -157.5768, -18.2352, 0, 0, 0
L 95.9599, -174.5286, -20.5206, 96.3856, -155.8994, -20.5252, 0, 0, 0
L 94.2703, -175.5301, -20.5203, 95.9599, -174.5286, -20.5206, 0, 0, 0
L 93.3378, -173.8521, -20.5203, 94.2703, -175.5301, -20.5203, 0, 0, 0
L 93.3369, -172.1847, -20.5206, 93.3378, -173.8521, -20.5203, 0, 0, 0
L 92.6273, -170.4744, -20.5208, 93.3369, -172.1847, -20.5206, 0, 0, 0
L 87.4732, -170.3774, -20.5204, 92.6273, -170.4744, -20.5208, 0, 0, 0
L 85.6844, -170.6502, -20.5201, 87.4732, -170.3774, -20.5204, 0, 0, 0
L 85.2891, -173.4953, -20.5202, 85.6844, -170.6502, -20.5201, 0, 0, 0
L 85.2904, -175.4611, -20.5202, 85.2891, -173.4953, -20.5202, 0, 0, 0
L 81.7306, -175.5281, -20.5202, 85.2904, -175.4611, -20.5202, 0, 0, 0
L 61.768, -175.529, -15.8367, 81.7306, -175.5281, -20.5202, 0, 0, 0
L 59.911, -175.5498, -13.1207, 61.768, -175.529, -15.8367, 0, 0, 0
L 59.5277, -210.8308, 5.5612, 59.911, -175.5498, -13.1207, 0, 0, 0
L 59.5294, -212.7903, 6.2695, 59.5277, -210.8308, 5.5612, 0, 0, 0
L 50.1274, -213.3, 6.2694, 59.5294, -212.7903, 6.2695, 0, 0, 0
L 48.1683, -212.6126, 6.922, 50.1274, -213.3, 6.2694, 0, 0, 0
L 50.2543, -207.2317, 3.293, 48.1683, -212.6126, 6.922, 0, 0, 0
L 51.1358, -203.4487, 1.4322, 50.2543, -207.2317, 3.293, 0, 0, 0
L 51.3658, -201.7812, 0.5607, 51.1358, -203.4487, 1.4322, 0, 0, 0
L 51.8314, -186.7049, -6.9867, 51.3658, -201.7812, 0.5607, 0, 0, 0
L 52.178, -185.468, -7.7587, 51.8314, -186.7049, -6.9867, 0, 0, 0
L 52.4821, -183.1947, -8.594, 52.178, -185.468, -7.7587, 0, 0, 0
L 53.686, -181.3, -9.5678, 52.4821, -183.1947, -8.594, 0, 0, 0
L 54.1208, -179.6355, -10.2634, 53.686, -181.3, -9.5678, 0, 0, 0
L 55.3552, -178.2176, -10.9684, 54.1208, -179.6355, -10.2634, 0, 0, 0
L 56.5396, -176.6103, -13.79, 55.3552, -178.2176, -10.9684, 0, 0, 0
L 55.1216, -175.531, -13.265, 56.5396, -176.6103, -13.79, 0, 0, 0
L 53.2796, -176.1445, -11.5259, 55.1216, -175.531, -13.265, 0, 0, 0
L 51.9313, -177.4288, -11.2552, 53.2796, -176.1445, -11.5259, 0, 0, 0
L 50.6959, -179.1, -10.3184, 51.9313, -177.4288, -11.2552, 0, 0, 0
L 49.8303, -180.6129, -9.2853, 50.6959, -179.1, -10.3184, 0, 0, 0
L 48.7635, -184.1701, -7.8079, 49.8303, -180.6129, -9.2853, 0, 0, 0
L 48.2638, -199.8704, 0.151, 48.7635, -184.1701, -7.8079, 0, 0, 0
L 47.4979, -204.3894, 2.209, 48.2638, -199.8704, 0.151, 0, 0, 0
L 47.583, -206.3354, 3.282, 47.4979, -204.3894, 2.209, 0, 0, 0
L 46.1679, -208.6434, 4.2807, 47.583, -206.3354, 3.282, 0, 0, 0
L 45.5358, -210.3003, 5.5469, 46.1679, -208.6434, 4.2807, 0, 0, 0
L 44.8663, -212.952, 6.5427, 45.5358, -210.3003, 5.5469, 0, 0, 0
L 44.3813, -236.4196, 6.5427, 44.8663, -212.952, 6.5427, 0, 0, 0
L 24.6738, -236.4164, 10.298, 44.3813, -236.4196, 6.5427, 0, 0, 0
L 12.8377, -236.3924, 10.3917, 24.6738, -236.4164, 10.298, 0, 0, 0
L 11.5538, -237.7185, 10.3917, 12.8377, -236.3924, 10.3917, 0, 0, 0
L 11.5327, -239.6055, 10.3917, 11.5538, -237.7185, 10.3917, 0, 0, 0
L 12.9772, -240.717, 10.3917, 11.5327, -239.6055, 10.3917, 0, 0, 0
L 44.5604, -240.7155, 10.3917, 12.9772, -240.717, 10.3917, 0, 0, 0
L 40.2079, -254.2149, 10.3917, 44.5604, -240.7155, 10.3917, 0, 0, 0
L 39.4465, -255.7289, 10.3917, 40.2079, -254.2149, 10.3917, 0, 0, 0
L 37.2693, -255.6384, 10.3925, 39.4465, -255.7289, 10.3917, 0, 0, 0
L 32.2075, -255.7504, 10.3925, 37.2693, -255.6384, 10.3925, 0, 0, 0
L 29.9893, -255.364, 10.3925, 32.2075, -255.7504, 10.3925, 0, 0, 0
L 28.988, -255.8917, 10.3919, 29.9893, -255.364, 10.3925, 0, 0, 0
L -26.8989, -255.8926, 10.3917, 28.988, -255.8917, 10.3919, 0, 0, 0
L -28.7379, -255.491, 10.3917, -26.8989, -255.8926, 10.3917, 0, 0, 0
L -36.596, -255.7505, 10.3917, -28.7379, -255.491, 10.3917, 0, 0, 0
L -38.3081, -255.2506, 10.3917, -36.596, -255.7505, 10.3917, 0, 0, 0
L -39.9617, -255.8949, 10.3917, -38.3081, -255.2506, 10.3917, 0, 0, 0
L -44.8076, -240.8464, 10.3917, -39.9617, -255.8949, 10.3917, 0, 0, 0
L -13.1997, -240.7495, 10.3917, -44.8076, -240.8464, 10.3917, 0, 0, 0
L -11.8955, -239.8472, 10.3917, -13.1997, -240.7495, 10.3917, 0, 0, 0
L -11.827, -237.9014, 10.3917, -11.8955, -239.8472, 10.3917, 0, 0, 0
L -13.32, -236.4185, 10.3917, -11.827, -237.9014, 10.3917, 0, 0, 0
L -42.9647, -236.4157, 6.5427, -13.32, -236.4185, 10.3917, 0, 0, 0
L -44.6719, -236.4196, 6.5427, -42.9647, -236.4157, 6.5427, 0, 0, 0
L -45.305, -213.3993, 6.5427, -44.6719, -236.4196, 6.5427, 0, 0, 0
L -45.3547, -211.5501, 5.6059, -45.305, -213.3993, 6.5427, 0, 0, 0
L -46.2227, -209.2593, 4.3098, -45.3547, -211.5501, 5.6059, 0, 0, 0
L -47.4774, -205.7603, 2.7562, -46.2227, -209.2593, 4.3098, 0, 0, 0
L -47.9076, -203.8566, 1.7069, -47.4774, -205.7603, 2.7562, 0, 0, 0
L -48.3911, -201.74, 0.4057, -47.9076, -203.8566, 1.7069, 0, 0, 0
L -48.6548, -199.1689, -0.6669, -48.3911, -201.74, 0.4057, 0, 0, 0
L -48.8909, -185.6003, -7.4212, -48.6548, -199.1689, -0.6669, 0, 0, 0
L -49.1101, -183.8748, -8.2155, -48.8909, -185.6003, -7.4212, 0, 0, 0
L -49.6777, -182.427, -8.8549, -49.1101, -183.8748, -8.2155, 0, 0, 0
L -50.2366, -180.1512, -10.3184, -49.6777, -182.427, -8.8549, 0, 0, 0
L -51.3252, -178.52, -10.3384, -50.2366, -180.1512, -10.3184, 0, 0, 0
L -52.603, -177.663, -11.2552, -51.3252, -178.52, -10.3384, 0, 0, 0
L -53.8586, -175.8408, -12.2186, -52.603, -177.663, -11.2552, 0, 0, 0
L -55.6617, -175.5139, -13.265, -53.8586, -175.8408, -12.2186, 0, 0, 0
L -56.7946, -177.411, -11.5025, -55.6617, -175.5139, -13.265, 0, 0, 0
L -54.1882, -179.9587, -10.472, -56.7946, -177.411, -11.5025, 0, 0, 0
L -53.2344, -181.707, -8.978, -54.1882, -179.9587, -10.472, 0, 0, 0
L -52.6799, -183.5018, -8.28, -53.2344, -181.707, -8.978, 0, 0, 0
L -52.1833, -186.1665, -6.7404, -52.6799, -183.5018, -8.28, 0, 0, 0
L -51.9641, -188.358, -5.9729, -52.1833, -186.1665, -6.7404, 0, 0, 0
L -51.7546, -201.465, 0.5006, -51.9641, -188.358, -5.9729, 0, 0, 0
L -51.5236, -202.7264, 1.3464, -51.7546, -201.465, 0.5006, 0, 0, 0
L -50.6799, -206.8146, 3.5131, -51.5236, -202.7264, 1.3464, 0, 0, 0
L -49.7916, -209.1074, 4.5071, -50.6799, -206.8146, 3.5131, 0, 0, 0
L -49.1011, -210.9019, 5.5058, -49.7916, -209.1074, 4.5071, 0, 0, 0
L -48.4637, -212.5891, 6.2453, -49.1011, -210.9019, 5.5058, 0, 0, 0
L -59.24, -212.9981, 6.2691, -48.4637, -212.5891, 6.2453, 0, 0, 0
L -59.3539, -179.241, -10.4568, -59.24, -212.9981, 6.2691, 0, 0, 0
L -59.3277, -177.2492, -11.7771, -59.3539, -179.241, -10.4568, 0, 0, 0
L -60.902, -175.5699, -14.9074, -59.3277, -177.2492, -11.7771, 0, 0, 0
L -83.5553, -175.5259, -20.5202, -60.902, -175.5699, -14.9074, 0, 0, 0
L -85.3004, -175.5295, -20.5202, -83.5553, -175.5259, -20.5202, 0, 0, 0
L -85.4277, -173.5237, -20.5202, -85.3004, -175.5295, -20.5202, 0, 0, 0
L -85.2762, -171.8954, -20.5202, -85.4277, -173.5237, -20.5202, 0, 0, 0
L -86.1901, -170.537, -20.5196, -85.2762, -171.8954, -20.5202, 0, 0, 0
L -91.3541, -170.3743, -20.5208, -86.1901, -170.537, -20.5196, 0, 0, 0
L -93.1654, -170.5715, -20.5208, -91.3541, -170.3743, -20.5208, 0, 0, 0
L -93.6273, -172.7496, -20.5203, -93.1654, -170.5715, -20.5208, 0, 0, 0
L -93.6283, -174.4875, -20.5203, -93.6273, -172.7496, -20.5203, 0, 0, 0
L -95.2986, -175.5293, -20.5203, -93.6283, -174.4875, -20.5203, 0, 0, 0
L -95.776, -165.7692, -20.5228, -95.2986, -175.5293, -20.5203, 0, 0, 0
L -95.6379, -163.8723, -20.5234, -95.776, -165.7692, -20.5228, 0, 0, 0
L -96.284, -162.1957, -20.5122, -95.6379, -163.8723, -20.5234, 0, 0, 0
L -95.9264, -153.98, -20.5223, -96.284, -162.1957, -20.5122, 0, 0, 0
L -97.4557, -152.9659, -20.5252, -95.9264, -153.98, -20.5223, 0, 0, 0
L -97.8152, -172.6014, -11.4954, -97.4557, -152.9659, -20.5252, 0, 0, 0
L -97.772, -174.3592, -11.4954, -97.8152, -172.6014, -11.4954, 0, 0, 0
L -98.8372, -175.9989, -11.4954, -97.772, -174.3592, -11.4954, 0, 0, 0
L -100.6543, -175.3495, -11.4954, -98.8372, -175.9989, -11.4954, 0, 0, 0
L -102.2991, -176.4115, -11.4954, -100.6543, -175.3495, -11.4954, 0, 0, 0
L -102.5323, -178.1533, -11.4954, -102.2991, -176.4115, -11.4954, 0, 0, 0
L -101.3487, -179.6392, -11.4956, -102.5323, -178.1533, -11.4954, 0, 0, 0
L -99.3555, -179.1586, -7.548, -101.3487, -179.6392, -11.4956, 0, 0, 0
L -89.3258, -179.1725, -8.582, -99.3175, -179.1582, -7.548, 0, 0, 0
L -88.2092, -179.1664, -9.4822, -89.3258, -179.1725, -8.582, 0, 0, 0
L -87.1567, -179.4071, -10.465, -88.2092, -179.1664, -9.4822, 0, 0, 0
L -64.5033, -179.3935, -11.5124, -87.1567, -179.4071, -10.465, 0, 0, 0
L -64.5032, -256.7934, -11.5124, -64.5031, -255.481, -11.5124, 0, 0, 0
L -65.1376, -256.7936, -11.5124, -64.5032, -256.7934, -11.5124, 0, 0, 0
L -64.9172, -256.7921, -11.5124, -65.1376, -256.7936, -11.5124, 0, 0, 0
L -64.5079, -255.353, -11.5124, -64.5033, -179.3936, -11.5124, 0, 0, 0
L -131.8917, -256.7921, -11.5124, -64.7338, -256.7393, -11.5132, 0, 0, 0
L -132.183, -179.5451, -11.5124, -131.8917, -256.7921, -11.5124, 0, 0, 0
L -110.7647, -179.4011, -11.5013, -132.183, -179.5451, -11.5124, 0, 0, 0
L -108.8093, -179.7017, -11.4962, -110.7647, -179.4011, -11.5013, 0, 0, 0
L -107.7122, -178.1074, -11.4954, -108.8093, -179.7017, -11.4962, 0, 0, 0
L -107.8469, -176.2766, -11.4954, -107.7122, -178.1074, -11.4954, 0, 0, 0
L -109.6494, -175.4165, -11.5006, -107.8469, -176.2766, -11.4954, 0, 0, 0
L -111.5399, -176.4, -11.5085, -109.6494, -175.4165, -11.5006, 0, 0, 0
L -111.9732, -165.998, -14.5216, -111.5399, -176.4, -11.5085, 0, 0, 0
L -112.5109, -155.2846, -19.172, -111.9732, -165.998, -14.5216, 0, 0, 0
L -112.8055, -157.1727, -20.5258, -112.5109, -155.2846, -19.172, 0, 0, 0
L -113.2862, -158.8303, -20.5259, -112.8055, -157.1727, -20.5258, 0, 0, 0
L -113.7643, -175.5323, -20.5227, -113.2862, -158.8303, -20.5259, 0, 0, 0
L -120.3422, -175.5287, -20.5292, -113.7643, -175.5323, -20.5227, 0, 0, 0
L -120.7098, -114.7253, -20.5293, -120.3422, -175.5287, -20.5292, 0, 0, 0
L -111.7733, -103.2142, -20.5292, -113.5792, -102.9676, -20.5301, 0, 0, 0
L -111.311, -108.4301, -18.3156, -111.7733, -103.2142, -20.5292, 0, 0, 0
L -111.3106, -106.2828, -18.3156, -111.6236, -114.3414, -20.5247, 0, 0, 0
L -118.5912, -114.7253, -20.5285, -111.6949, -114.3977, -20.5246, 0, 0, 0
L -118.546, -114.7325, -20.5277, -120.7098, -114.7253, -20.5291, 0, 0, 0
L -126.7977, -102.9703, -20.5302, -111.9551, -103.841, -20.5295, 0, 0, 0
L -126.7993, -91.6671, -20.5295, -126.6697, -91.4605, -20.5295, 0, 0, 0
L -126.7991, -91.5806, -20.5295, -126.7978, -102.9702, -20.5302, 0, 0, 0
L -130.861, -89.5104, -20.5331, -130.6577, -91.5862, -20.5316, 0, 0, 0
L -129.1816, -88.4577, -20.5328, -130.861, -89.5104, -20.5331, 0, 0, 0
L -127.2132, -88.6358, -20.5295, -129.1816, -88.4577, -20.5328, 0, 0, 0
L -126.7256, -91.5126, -20.5295, -127.2132, -88.6358, -20.5295, 0, 0, 0
L -130.6578, -119.698, -20.5473, -130.6862, -91.3212, -20.532, 0, 0, 0
L -188.2814, -119.6967, -20.5473, -130.6578, -119.698, -20.5473, 0, 0, 0
L -188.4713, -52.174, -20.5473, -188.2814, -119.6967, -20.5473, 0, 0, 0
L -131.3212, -52.197, -20.5473, -188.4713, -52.174, -20.5473, 0, 0, 0
L -130.8839, -80.5935, -20.5346, -131.3212, -52.197, -20.5473, 0, 0, 0
L -130.5303, -82.5358, -20.5335, -130.8839, -80.5935, -20.5346, 0, 0, 0
L -128.6696, -83.2249, -20.5308, -130.5303, -82.5358, -20.5335, 0, 0, 0
L -126.8413, -82.6547, -20.5294, -128.6696, -83.2249, -20.5308, 0, 0, 0
L -126.3097, -80.7579, -20.5286, -126.8413, -82.6547, -20.5294, 0, 0, 0
L -126.7965, -68.9007, -20.5232, -126.3097, -80.7579, -20.5286, 0, 0, 0
L -122.6514, -68.715, -20.5233, -126.7965, -68.9007, -20.5232, 0, 0, 0
L -113.3144, -68.7092, -20.5167, -122.6514, -68.715, -20.5233, 0, 0, 0
L -111.5257, -68.6077, -20.5159, -113.3144, -68.7092, -20.5167, 0, 0, 0
L -111.3019, -58.7541, -19.3055, -111.5257, -68.6077, -20.5159, 0, 0, 0
L -111.7142, -57.2473, -20.5187, -111.3019, -58.7541, -19.3055, 0, 0, 0
L -120.4008, -56.951, -20.5228, -111.7142, -57.2473, -20.5187, 0, 0, 0
L -120.7121, -14.2553, -20.5212, -120.4008, -56.951, -20.5228, 0, 0, 0
L -113.7643, -14.266, -20.5199, -120.7121, -14.2553, -20.5212, 0, 0, 0
L -113.3211, -31.8875, -20.5249, -113.7643, -14.266, -20.5199, 0, 0, 0
L -113.149, -33.8633, -20.5256, -113.3211, -31.8875, -20.5249, 0, 0, 0
L -112.5669, -35.658, -20.5257, -113.149, -33.8633, -20.5256, 0, 0, 0
L -112.1162, -13.5582, -11.5123, -112.5669, -35.658, -20.5257, 0, 0, 0
L -111.2571, -10.1643, -11.5031, -132.1208, -10.1649, -11.5124, 0, 0, 0
L -109.3358, -9.7802, -11.4974, -111.2571, -10.1643, -11.5031, 0, 0, 0
L -107.7895, -10.9482, -11.4954, -109.3358, -9.7802, -11.4974, 0, 0, 0
L -107.7514, -12.7853, -11.4954, -107.7895, -10.9482, -11.4954, 0, 0, 0
L -109.1748, -14.1783, -11.4999, -107.7514, -12.7853, -11.4954, 0, 0, 0
L -112.1659, -13.5582, -11.5128, -109.1748, -14.1783, -11.4999, 0, 0, 0
L -131.9608, -10.1633, -11.5124, -130.18, -10.1603, -11.5117, 0, 0, 0
L -132.1842, 67.2351, -11.5124, -131.9608, -10.1633, -11.5124, 0, 0, 0
L -65.39, 67.233, -11.5124, -132.1842, 67.2351, -11.5124, 0, 0, 0
L -64.5033, -10.1651, -11.5122, -65.39, 67.233, -11.5124, 0, 0, 0
L -99.1367, -10.1621, -11.4967, -64.5033, -10.1651, -11.5122, 0, 0, 0
L -101.521, -9.7797, -11.4962, -99.1367, -10.1621, -11.4967, 0, 0, 0
L -102.4381, -11.878, -11.4954, -101.521, -9.7797, -11.4962, 0, 0, 0
L -102.4063, -12.9018, -11.4954, -102.4381, -11.878, -11.4954, 0, 0, 0
L -100.9193, -14.1615, -11.4954, -102.4063, -12.9018, -11.4954, 0, 0, 0
L -98.4814, -13.5579, -11.4954, -100.9193, -14.1615, -11.4954, 0, 0, 0
L -98.327, -31.2351, -18.2352, -98.4818, -13.5603, -11.4954, 0, 0, 0
L -97.8868, -33.602, -19.172, -98.327, -31.2351, -18.2352, 0, 0, 0
L -96.7412, -34.6818, -20.5257, -97.8868, -33.602, -19.172, 0, 0, 0
L -96.2494, -15.6757, -20.5207, -96.7412, -34.6818, -20.5257, 0, 0, 0
L -96.194, -14.279, -20.5203, -96.2494, -15.6757, -20.5207, 0, 0, 0
L -94.661, -14.277, -20.5203, -96.194, -14.279, -20.5203, 0, 0, 0
L -93.6274, -16.2493, -20.5203, -94.661, -14.277, -20.5203, 0, 0, 0
L -93.6256, -18.1954, -20.5208, -93.6274, -16.2493, -20.5203, 0, 0, 0
L -91.8499, -19.1785, -20.5208, -93.6256, -18.1954, -20.5208, 0, 0, 0
L -87.7463, -19.1814, -20.5206, -92.9936, -19.1061, -20.5208, 0, 0, 0
L -85.9765, -18.9033, -20.5199, -87.7463, -19.1814, -20.5206, 0, 0, 0
L -85.5786, -15.8381, -20.5202, -85.9765, -18.9033, -20.5199, 0, 0, 0
L -85.5806, -14.1278, -20.5202, -85.5786, -15.8381, -20.5202, 0, 0, 0
L -60.1899, -14, -20.5198, -85.5806, -14.1278, -20.5202, 0, 0, 0
L -59.822, 7.5468, -12.7443, -60.1899, -14, -20.5198, 0, 0, 0
L -59.8164, 9.384, -11.7066, -59.822, 7.5468, -12.7443, 0, 0, 0
L -58.5962, 10.6839, -11.7066, -59.8164, 9.384, -11.7066, 0, 0, 0
L -56.6989, 10.6849, -11.7066, -58.5962, 10.6839, -11.7066, 0, 0, 0
L -54.8658, 11.891, -11.7066, -56.6989, 10.6849, -11.7066, 0, 0, 0
L -54.594, 12.9802, -11.7066, -54.8658, 11.891, -11.7066, 0, 0, 0
L -33.433, 13.1357, -11.7066, -54.594, 12.9802, -11.7066, 0, 0, 0
L -31.3336, 12.8117, -11.7066, -33.433, 13.1357, -11.7066, 0, 0, 0
L -31.6, 11.563, -11.7066, -31.3336, 12.8117, -11.7066, 0, 0, 0
L -21.7807, 10.6826, -11.7066, -31.6, 11.563, -11.7066, 0, 0, 0
L -19.9615, 10.9575, -11.7066, -21.7807, 10.6826, -11.7066, 0, 0, 0
L -19.5368, 16.5381, -11.7066, -19.9615, 10.9575, -11.7066, 0, 0, 0
L -19.539, 18.5055, -11.7066, -19.5368, 16.5381, -11.7066, 0, 0, 0
L -20.1739, 20.2942, -11.7066, -19.539, 18.5055, -11.7066, 0, 0, 0
L -20.2966, 22.2506, -11.8933, -20.1739, 20.2942, -11.7066, 0, 0, 0
L -29.441, 22.4757, -11.7066, -20.2966, 22.2506, -11.8933, 0, 0, 0
L -30.9969, 22.1101, -11.7066, -29.441, 22.4757, -11.7066, 0, 0, 0
L -31.3328, 20.2231, -11.7066, -30.9969, 22.1101, -11.7066, 0, 0, 0
L -52.8821, 20.265, -11.7066, -31.3328, 20.2231, -11.7066, 0, 0, 0
L -54.5932, 20.415, -11.7066, -52.8821, 20.265, -11.7066, 0, 0, 0
L -55.1047, 22.2617, -11.7066, -54.5932, 20.415, -11.7066, 0, 0, 0
L -57.553, 22.4793, -11.7066, -55.1047, 22.2617, -11.7066, 0, 0, 0
L -58.9149, 22.4792, -11.7066, -57.553, 22.4793, -11.7066, 0, 0, 0
L -59.3511, 61.4714, -20.7474, -58.9149, 22.4792, -11.7066, 0, 0, 0
L -59.3504, 63.3903, -20.7474, -59.3511, 61.4714, -20.7474, 0, 0, 0
L -49.5131, 63.7165, -20.7474, -59.3504, 63.3903, -20.7474, 0, 0, 0
L -34.6304, 63.8806, -20.9911, -33.829, 65.3135, -25.6856, 0, 0, 0
L -51.2777, 63.7165, -20.7474, -34.6304, 63.8806, -20.9911, 0, 0, 0
L -24.135, 64.9047, -24.7494, -34.613, 65.3139, -25.6859, 0, 0, 0
L -22.6751, 64.9703, -24.7529, -24.135, 64.9047, -24.7494, 0, 0, 0
L -21.1427, 65.7917, -25.687, -22.6751, 64.9703, -24.7529, 0, 0, 0
L -14.2653, 65.9643, -25.689, -21.1427, 65.7917, -25.687, 0, 0, 0
L -12.6303, 65.814, -24.8003, -14.2653, 65.9643, -25.689, 0, 0, 0
L -10.8026, 64.8726, -24.8613, -12.6303, 65.814, -24.8003, 0, 0, 0
L -8.6433, 64.9899, -24.7493, -10.8026, 64.8726, -24.8613, 0, 0, 0
L -6.6657, 64.8613, -24.75, -8.6433, 64.9899, -24.7493, 0, 0, 0
L -4.9637, 65.4429, -25.6868, -6.6657, 64.8613, -24.75, 0, 0, 0
L -3.3296, 65.3761, -24.8709, -4.9637, 65.4429, -25.6868, 0, 0, 0
L -1.5847, 64.8703, -24.7493, -3.3296, 65.3761, -24.8709, 0, 0, 0
L 0.298, 64.5076, -24.7493, -1.5847, 64.8703, -24.7493, 0, 0, 0
L 2.222, 65.5036, -25.6864, 0.298, 64.5076, -24.7493, 0, 0, 0
L 7.937, 64.8819, -24.7493, 2.222, 65.5036, -25.6864, 0, 0, 0
L 9.3591, 65.3128, -25.4107, 7.937, 64.8819, -24.7493, 0, 0, 0
L 11.321, 64.8549, -24.7493, 9.3591, 65.3128, -25.4107, 0, 0, 0
L 12.7401, 65.8414, -25.6916, 11.321, 64.8549, -24.7493, 0, 0, 0
L 19.3121, 65.9646, -25.6862, 12.7401, 65.8414, -25.6916, 0, 0, 0
L 21.535, 65.3662, -24.7529, 19.3121, 65.9646, -25.6862, 0, 0, 0
L 31.4975, 65.3114, -25.6861, 21.535, 65.3662, -24.7529, 0, 0, 0
L 33.2175, 65.3118, -21.7564, 31.4975, 65.3114, -25.6861, 0, 0, 0
L 34.4333, 63.8185, -20.7987, 33.2175, 65.3118, -21.7564, 0, 0, 0
L 51.2182, 63.7165, -20.7474, 34.4333, 63.8185, -20.7987, 0, 0, 0
L 39.1422, 47.5893, -19.2865, 34.8894, 47.5829, -19.2861, 0, 0, 0
L 40.9784, 47.77, -19.3536, 39.1422, 47.5893, -19.2865, 0, 0, 0
L 42.5386, 47.1257, -19.773, 40.9784, 47.77, -19.3536, 0, 0, 0
L 42.7498, 43.9887, -18.2784, 42.5386, 47.1257, -19.773, 0, 0, 0
L -39.1308, 40.7149, -17.3308, -21.3692, 40.715, -17.3309, 0, 0, 0
L -41.1221, 40.6219, -17.284, -39.1308, 40.7149, -17.3308, 0, 0, 0
L -42.6572, 40.9729, -17.4904, -41.1221, 40.6219, -17.284, 0, 0, 0
L -43.497, 44.1692, -18.5076, -42.6572, 40.9729, -17.4904, 0, 0, 0
L -43.416, 45.8759, -18.8958, -43.497, 44.1692, -18.5076, 0, 0, 0
L -42.2912, 47.5268, -19.2853, -43.416, 45.8759, -18.8958, 0, 0, 0
L 36.3421, 47.5893, -19.302, -42.2912, 47.5268, -19.2853, 0, 0, 0
L 43.786, 43.454, -17.8491, 42.6781, 46.8864, -19.77, 0, 0, 0
L 43.2087, 41.9418, -17.6276, 43.786, 43.454, -17.8491, 0, 0, 0
L 41.9085, 40.7105, -17.3298, 43.2087, 41.9418, -17.6276, 0, 0, 0
L -25.6086, 40.7149, -17.3308, 41.9085, 40.7105, -17.3298, 0, 0, 0
P 0.47, 62.5377, -23.8126, 0, 127, 0, 3, to_West_Freeport
