P -189.6359, -476.7604, -1.998, 0, 0, 240, 2, Banker
P -190.8471, -349.8075, -1.998, 0, 0, 240, 2, Disciple_of_Luclin
P 307.6811, -411.8852, -1.998, 0, 0, 240, 2, Soulbinder
P 190.953, -476.5206, -1.998, 0, 0, 240, 2, Banker
P 191.3291, -350.8618, -1.998, 0, 0, 240, 2, Disciple_of_Luclin
P -25.6266, -174.384, -1.998, 0, 0, 240, 2, Kesiri_Dawnlark_(Q)
P -307.136, -414.448, -1.998, 0, 0, 240, 2, Soulbinder
P 92.6629, -596.3461, -1.998, 0, 0, 240, 2, Tavid_Dennant
P 0.3261, -12.7774, -2.7, 0, 0, 240, 2, Sage_Vonglor
P -269.6918, -972.1748, -22.408, 0, 0, 240, 2, Annabelle_(Housing_information)
