L -17.3115, -615.6036, -1.8928, 17.31, -615.6026, -1.8928, 0, 0, 0
L 17.31, -615.6026, -1.8928, 17.3127, -613.9692, -1.8938, 0, 0, 0
L 17.3127, -613.9692, -1.8938, 18.1066, -613.533, -1.8938, 0, 0, 0
L 18.1066, -613.533, -1.8938, 25.2706, -613.533, -1.8938, 0, 0, 0
L 25.2706, -613.533, -1.8938, 26.614, -613.9828, -1.8938, 0, 0, 0
L 26.614, -613.9828, -1.8938, 26.625, -615.6037, -1.8925, 0, 0, 0
L 26.625, -615.6037, -1.8925, 32.587, -615.5936, -1.8938, 0, 0, 0
L 32.587, -615.5936, -1.8938, 32.581, -624.49, -1.8939, 0, 0, 0
L 32.581, -624.49, -1.8939, 44.3344, -624.476, -1.8939, 0, 0, 0
L 44.3344, -624.476, -1.8939, 52.822, -624.471, -1.8939, 255, 0, 255
L 52.822, -624.471, -1.8939, 57.941, -624.492, -1.8939, 0, 0, 0
L 57.941, -624.492, -1.8939, 57.9401, -615.5963, -1.8938, 0, 0, 0
L 57.9401, -615.5963, -1.8938, 63.7967, -615.6017, -1.8928, 0, 0, 0
L 63.7967, -615.6017, -1.8928, 63.7978, -613.9673, -1.8938, 0, 0, 0
L 64.5942, -613.529, -1.8938, 63.7978, -613.9673, -1.8938, 0, 0, 0
L 64.5942, -613.529, -1.8938, 71.7562, -613.54, -1.8938, 0, 0, 0
L 72.5477, -613.9719, -1.8938, 71.7562, -613.54, -1.8938, 0, 0, 0
L 72.5477, -613.9719, -1.8938, 72.5501, -615.601, -1.8928, 0, 0, 0
L 72.5501, -615.601, -1.8928, 86.4414, -615.5996, -1.8938, 0, 0, 0
L 86.4639, -615.6008, -1.8938, 109.9144, -592.3252, -1.8928, 0, 0, 0
L 118.1145, -600.4958, -1.8928, 109.447, -591.4588, -1.8938, 0, 0, 0
L 109.447, -591.4588, -1.8938, 108.9598, -590.2451, -1.8938, 0, 0, 0
L 108.9598, -590.2451, -1.8938, 114.197, -585.1861, -1.8938, 0, 0, 0
L 114.197, -585.1861, -1.8938, 115.2308, -585.267, -1.8938, 0, 0, 0
L 115.2308, -585.267, -1.8938, 124.2689, -594.3079, -1.8927, 0, 0, 0
L 116.1226, -586.1589, -1.8927, 120.2351, -582.557, -1.8938, 0, 0, 0
L 120.2351, -582.557, -1.8938, 127.393, -589.214, -1.8938, 0, 0, 0
L 127.393, -589.214, -1.8938, 123.293, -593.3306, -1.8922, 0, 0, 0
L 124.2689, -594.3079, -1.8938, 124.3529, -595.5159, -1.8938, 0, 0, 0
L 124.3529, -595.5159, -1.8938, 119.2927, -600.576, -1.8938, 0, 0, 0
L 119.2927, -600.576, -1.8938, 118.1145, -600.4958, -1.8938, 0, 0, 0
L 117.123, -599.5351, -1.8928, 92.867, -624.72, -1.8938, 0, 0, 0
L 92.867, -624.72, -1.8938, 92.584, -681.5394, -1.8935, 0, 0, 0
L 92.584, -681.5394, -1.8935, 223.985, -681.5216, -1.8938, 0, 0, 0
L 223.985, -681.5216, -1.8938, 282.9409, -622.6513, -1.8938, 0, 0, 0
L 282.9409, -622.6513, -1.8938, 282.9415, -545.836, -1.8938, 0, 0, 0
L 282.9415, -545.836, -1.8938, 247.2806, -545.8379, -1.8938, 0, 0, 0
L 247.2806, -545.8379, -1.8938, 242.3266, -535.8074, -1.8938, 0, 0, 0
L 242.3266, -535.8074, -1.8938, 237.7082, -535.7853, -1.8938, 0, 0, 0
L 236.8711, -537.9022, -1.8938, 237.6672, -536.9882, -1.8938, 0, 0, 0
L 236.8711, -537.9022, -1.8938, 229.7134, -537.9026, -1.8938, 0, 0, 0
L 229.7134, -537.9026, -1.8938, 228.9173, -536.985, -1.8938, 0, 0, 0
L 228.9173, -536.985, -1.8938, 228.9295, -524.3722, -1.8938, 0, 0, 0
L 228.9184, -535.7849, -1.8938, 222.9411, -535.7862, -1.8938, 0, 0, 0
L 222.9411, -535.7862, -1.8938, 222.9377, -525.6544, -1.8938, 0, 0, 0
L 222.9377, -525.6544, -1.8938, 228.8909, -525.6539, -1.8938, 0, 0, 0
L 228.9295, -524.3722, -1.8938, 229.7132, -523.4696, -1.8938, 0, 0, 0
L 229.7132, -523.4696, -1.8938, 236.8721, -523.47, -1.8938, 0, 0, 0
L 237.6722, -524.3902, -1.8938, 236.8721, -523.47, -1.8938, 0, 0, 0
L 237.6677, -525.6548, -1.8938, 249.8645, -525.6526, -1.8938, 0, 0, 0
L 249.8645, -525.6526, -1.1765, 257.1372, -533.1909, 4.694, 0, 0, 0
L 257.1372, -533.1909, 4.694, 283.1145, -533.1839, 4.616, 0, 0, 0
L 283.1145, -533.1839, 4.616, 290.2583, -525.6512, -1.1936, 0, 0, 0
L 290.2583, -525.6512, -1.8938, 312.9415, -525.6539, -1.8938, 0, 0, 0
L 312.9415, -525.6539, -1.8938, 312.9413, -483.6435, -1.8938, 0, 0, 0
L 312.9413, -483.6435, -1.7373, 320.4694, -476.6548, 4.632, 0, 0, 0
L 320.4694, -476.6548, 4.632, 320.447, -450.747, 4.439, 0, 0, 0
L 320.447, -450.747, 4.439, 312.9402, -443.7835, -1.8938, 0, 0, 0
L 312.9402, -443.7835, -1.8938, 312.9411, -383.6464, -1.8938, 0, 0, 0
L 312.9411, -383.6464, -1.7916, 320.473, -376.6542, 4.663, 0, 0, 0
L 320.473, -376.6542, 4.663, 320.4166, -350.7237, 4.14, 0, 0, 0
L 320.4166, -350.7237, 4.14, 312.9409, -343.7826, -1.8938, 0, 0, 0
L 312.9409, -343.7826, -1.8938, 312.9415, -301.7715, -1.8938, 0, 0, 0
L 312.9415, -301.7715, -1.8938, 290.2656, -301.7714, -1.8929, 0, 0, 0
L 290.2656, -301.7714, -1.8938, 283.1372, -294.2656, 4.442, 0, 0, 0
L 283.1372, -294.2656, 4.442, 257.31, -294.2821, 4.301, 0, 0, 0
L 257.31, -294.2821, 4.301, 249.886, -301.7762, -1.4915, 0, 0, 0
L 249.886, -301.7762, -1.8938, 237.6679, -301.7714, -1.8938, 0, 0, 0
L 237.6597, -290.3539, -1.8938, 237.6687, -303.387, -1.8938, 0, 0, 0
L 237.6687, -303.387, -1.8938, 236.8727, -303.9547, -1.8938, 0, 0, 0
L 236.8727, -303.9547, -1.8938, 229.7121, -303.9553, -1.8938, 0, 0, 0
L 229.7121, -303.9553, -1.8938, 228.9172, -303.333, -1.8938, 0, 0, 0
L 228.9172, -303.333, -1.8938, 228.9251, -290.3575, -1.8938, 0, 0, 0
L 228.918, -301.7712, -1.8938, 222.9411, -301.7726, -1.8938, 0, 0, 0
L 222.9411, -301.7726, -1.8938, 222.9331, -291.6388, -1.8938, 0, 0, 0
L 222.9331, -291.6388, -1.8938, 228.9182, -291.6406, -1.8938, 0, 0, 0
L 228.9251, -290.3575, -1.8938, 229.7031, -289.4612, -1.8938, 0, 0, 0
L 229.7031, -289.4612, -1.8938, 236.8688, -289.4485, -1.8938, 0, 0, 0
L 236.8688, -289.4485, -1.8938, 237.6597, -290.3539, -1.8938, 0, 0, 0
L 237.6677, -291.6403, -1.8938, 242.275, -291.6408, -1.8938, 0, 0, 0
L 242.275, -291.6408, -1.8938, 247.2887, -281.5898, -1.8938, 0, 0, 0
L 247.2887, -281.5898, -1.8929, 282.9415, -281.589, -1.893, 0, 0, 0
L 282.9415, -281.589, -1.893, 282.942, -204.7733, -1.8938, 0, 0, 0
L 282.942, -204.7733, -1.8938, 223.9841, -145.9021, -1.8938, 0, 0, 0
L 223.9841, -145.9021, -1.8938, 92.584, -145.886, -1.8934, 0, 0, 0
L 92.589, -145.8864, -1.8928, 92.109, -202.7339, -1.8938, 0, 0, 0
L 92.109, -202.7339, -1.8938, 117.2143, -227.9825, -1.8928, 0, 0, 0
L 109.264, -236.1899, -1.8928, 118.775, -227.1174, -1.8938, 0, 0, 0
L 118.775, -227.1174, -1.8938, 119.2887, -227.28, -1.8938, 0, 0, 0
L 119.2887, -227.28, -1.8938, 124.3516, -232.908, -1.8938, 0, 0, 0
L 124.3516, -232.908, -1.8938, 124.2694, -233.304, -1.8938, 0, 0, 0
L 124.2694, -233.304, -1.8938, 115.4423, -242.1125, -1.8937, 0, 0, 0
L 123.3867, -234.1846, -1.8937, 127.3961, -238.2084, -1.8938, 0, 0, 0
L 127.3961, -238.2084, -1.8938, 120.2459, -245.36, -1.8938, 0, 0, 0
L 120.2459, -245.36, -1.8938, 116.875, -241.27, -1.8938, 0, 0, 0
L 115.4423, -242.1125, -1.8938, 114.217, -242.2115, -1.8938, 0, 0, 0
L 114.217, -242.2115, -1.8938, 108.9629, -237.1522, -1.8938, 0, 0, 0
L 108.9629, -237.1522, -1.8938, 109.264, -236.1899, -1.8938, 0, 0, 0
L 109.8991, -235.848, -1.8928, 86.4514, -211.8255, -1.8938, 0, 0, 0
L 86.4514, -211.8255, -1.8938, 27.6173, -211.8228, -1.8928, 0, 0, 0
L 27.6066, -199.8505, -1.8928, 27.6189, -213.497, -1.8938, 0, 0, 0
L 26.8203, -214.4125, -1.8938, 27.6189, -213.497, -1.8938, 0, 0, 0
L 26.8203, -214.4125, -1.8938, 19.6591, -214.4129, -1.8938, 0, 0, 0
L 18.8674, -213.4958, -1.8938, 19.6591, -214.4129, -1.8938, 0, 0, 0
L 18.8674, -213.4958, -1.8938, 18.8607, -199.8745, -1.8938, 0, 0, 0
L 18.8665, -211.8293, -1.8938, 12.9367, -211.8257, -1.8938, 0, 0, 0
L 12.9367, -211.8257, -1.8938, 12.9412, -201.6524, -1.8938, 0, 0, 0
L 12.9412, -201.6524, -1.8938, 18.8675, -201.6545, -1.8938, 0, 0, 0
L 18.8607, -199.8745, -1.8938, 19.6618, -198.9491, -1.8938, 0, 0, 0
L 27.6066, -199.8505, -1.8938, 26.8225, -198.9492, -1.8938, 0, 0, 0
L 26.8225, -198.9492, -1.8938, 19.6618, -198.9491, -1.8938, 0, 0, 0
L 27.6175, -201.6545, -1.8938, 31.3551, -201.6547, -1.893, 0, 0, 0
L 31.3551, -201.6547, -1.893, 31.3558, -47.5581, -1.8939, 0, 0, 0
L 31.3558, -47.5581, -1.8939, 9.3573, -47.5349, -1.8937, 0, 0, 0
L 9.3573, -47.5349, -1.8947, 9.3523, -41.8455, -1.8957, 0, 0, 0
L 9.3523, -41.8455, -1.8959, 14.173, -41.8522, -1.8969, 0, 0, 0
L 14.173, -41.8522, -1.8969, 14.172, -6.2259, -1.8966, 0, 0, 0
L 14.172, -6.2259, -1.8966, 7.1238, -6.2247, -1.8967, 0, 0, 0
L 7.1238, -6.2247, -1.8557, 7.1207, -2.4626, -1.8095, 0, 0, 0
L 7.1207, -2.4626, -1.8234, 8.9115, -2.4569, -1.8234, 0, 0, 0
L 8.9115, -2.4569, -1.8234, 8.5426, 8.3081, -1.5343, 0, 0, 0
L 8.5426, 8.3081, -1.5343, 7.4177, 8.2156, -1.5355, 0, 0, 0
L 7.4177, 8.2156, -1.5078, 7.2091, 10.8529, -1.4723, 0, 0, 0
L 7.2091, 10.8529, -1.4252, 7.9482, 10.9067, -1.4254, 0, 0, 0
L 7.9482, 10.9067, -1.4254, 4.9824, 18.7054, -1.605, 0, 0, 0
L 4.9824, 18.7054, -1.605, 4.2171, 18.4542, -1.598, 0, 0, 0
L 4.2171, 18.4542, -1.197, 3.3378, 20.7193, -0.9665, 0, 0, 0
L 3.5287, 20.778, -0.9041, 3.3378, 20.7193, -0.8991, 0, 0, 0
L 3.5276, 20.7735, -0.9052, -5.8338, 30.6363, 0.106, 0, 0, 0
L -5.8338, 30.6363, 0.4681, -8.8253, 36.245, 0.9574, 0, 0, 0
L -8.8253, 36.245, 0.9574, -10.2209, 35.7556, 0.9593, 127, 64, 0
L -10.2209, 35.7556, 1.566, -10.798, 38.1946, 1.1533, 0, 0, 0
L -10.798, 38.1946, 1.2326, -9.7841, 38.5716, 1.2393, 0, 0, 0
L -9.7841, 38.5716, 1.2393, -10.6826, 42.3423, 1.5927, 0, 0, 0
L -10.6826, 42.3423, 1.5927, -11.8636, 42.2614, 1.5919, 0, 0, 0
L -11.8636, 42.2614, 1.6858, -12.382, 44.8601, 1.7195, 0, 0, 0
L -12.382, 44.8601, 1.7388, -10.9344, 44.978, 1.7392, 0, 0, 0
L -10.9344, 44.978, 1.7392, -10.9247, 59.6366, 1.7771, 0, 0, 0
L -10.9247, 59.6366, 1.7771, -16.3486, 59.6351, 1.7771, 0, 0, 0
L -16.3486, 59.6351, 1.7628, -16.3473, 61.2903, 1.7553, 0, 0, 0
L -16.3473, 61.2903, 1.7553, -22.6529, 61.2903, 1.7551, 255, 0, 255
L -22.6529, 61.2903, 1.7551, -22.6498, 59.637, 1.7603, 0, 0, 0
L -22.6498, 59.637, 1.7771, -28.2381, 59.6356, 1.7771, 0, 0, 0
L -28.2381, 59.6356, 1.7771, -28.2282, 43.7509, 1.7291, 0, 0, 0
L -28.2282, 43.7509, 1.7291, -27.2877, 43.82, 1.7282, 0, 0, 0
L -27.1081, 41.1801, 1.6702, -27.2877, 43.82, 1.7007, 0, 0, 0
L -27.1081, 41.1801, 1.6022, -27.9096, 41.1289, 1.6025, 0, 0, 0
L -27.9096, 41.1289, 1.6025, -26.5767, 34.5165, 1.2008, 0, 0, 0
L -26.5767, 34.5165, 1.2008, -25.6733, 34.7314, 1.1997, 0, 0, 0
L -25.6733, 34.7314, 1.1472, -25.625, 32.1921, 1.605, 0, 0, 0
L -25.625, 32.1921, 0.9706, -25.6606, 32.225, 0.9707, 0, 0, 0
L -25.6606, 32.225, 0.9707, -22.6282, 26.728, 0.2711, 0, 0, 0
L -22.6282, 26.728, 0.2711, -12.4456, 14.7382, -0.9195, 0, 0, 0
L -12.4456, 14.7382, -0.9195, -10.9296, 15.2636, -0.9196, 0, 0, 0
L -10.9296, 15.2636, -0.997, -9.978, 12.8373, -1.367, 0, 0, 0
L -9.978, 12.8373, -1.1122, -10.9193, 12.4785, -1.1136, 0, 0, 0
L -10.9193, 12.4785, -1.1136, -9.2152, 9.5062, -1.4051, 0, 0, 0
L -9.2152, 9.5062, -1.4051, -8.117, 9.6128, -1.4046, 0, 0, 0
L -8.117, 9.6128, -1.493, -7.7999, 7.72, -1.5184, 0, 0, 0
L -7.7999, 7.72, -1.5529, -8.7487, 6.8876, -1.5535, 0, 0, 0
L -8.7487, 6.8876, -1.5535, -8.7599, -2.5848, -1.8265, 0, 0, 0
L -8.7599, -2.5848, -1.8265, -6.9847, -2.5724, -1.8266, 0, 0, 0
L -6.9888, -6.2243, -1.8751, -6.9847, -2.5724, -1.7807, 0, 0, 0
L -6.9888, -6.2243, -1.8967, -14.167, -6.2226, -1.8967, 0, 0, 0
L -14.167, -6.2226, -1.8967, -14.168, -41.8522, -1.8959, 0, 0, 0
L -14.168, -41.8522, -1.8959, -9.3566, -41.8506, -1.8959, 0, 0, 0
L -9.3566, -41.8506, -1.8954, -9.3535, -47.5356, -1.8942, 0, 0, 0
L -18.1439, -71.8568, -1.8937, 18.1121, -71.8191, -1.8939, 0, 0, 0
L 18.1121, -71.8191, -1.8939, 18.111, -79.2381, -1.8938, 0, 0, 0
L 18.111, -79.2381, -1.8938, -18.1417, -79.2377, -1.8818, 0, 0, 0
L -18.1417, -79.2377, -1.8938, -18.1439, -71.8568, -1.8937, 0, 0, 0
L -9.3535, -47.5356, -1.8937, -31.3554, -47.5328, -1.8932, 0, 0, 0
L -31.3554, -47.5328, -1.8932, -31.3557, -201.6545, -1.8938, 0, 0, 0
L -31.3557, -201.6545, -1.8938, -27.6183, -201.6547, -1.8938, 0, 0, 0
L -27.6167, -213.497, -1.8938, -27.6186, -199.8625, -1.8938, 0, 0, 0
L -26.8194, -198.9491, -1.8938, -27.6186, -199.8625, -1.8938, 0, 0, 0
L -26.8194, -198.9491, -1.8938, -19.6584, -198.9491, -1.8938, 0, 0, 0
L -18.8638, -199.8714, -1.8938, -18.8977, -213.5389, -1.8938, 0, 0, 0
L -18.8682, -201.6545, -1.8938, -12.9411, -201.6526, -1.8938, 0, 0, 0
L -12.9411, -201.6526, -1.8938, -12.9361, -211.8271, -1.8938, 0, 0, 0
L -12.9361, -211.8271, -1.8938, -18.869, -211.8221, -1.8919, 0, 0, 0
L -18.8977, -213.5389, -1.8938, -19.6705, -214.4129, -1.8938, 0, 0, 0
L -19.6705, -214.4129, -1.8938, -26.8237, -214.4124, -1.8938, 0, 0, 0
L -19.6584, -198.9491, -1.8938, -18.8638, -199.8714, -1.8938, 0, 0, 0
L -26.8237, -214.4124, -1.8938, -27.6167, -213.497, -1.8938, 0, 0, 0
L -27.6189, -211.8222, -1.8928, -86.5053, -211.8471, -1.8938, 0, 0, 0
L -86.5053, -211.8471, -1.8938, -109.9147, -235.996, -1.8928, 0, 0, 0
L -118.1461, -226.9277, -1.8928, -109.451, -235.9628, -1.8938, 0, 0, 0
L -109.451, -235.9628, -1.8938, -108.9599, -237.1796, -1.8938, 0, 0, 0
L -108.9599, -237.1796, -1.8938, -114.276, -242.2471, -1.8938, 0, 0, 0
L -114.276, -242.2471, -1.8938, -115.2344, -242.1545, -1.8938, 0, 0, 0
L -115.2344, -242.1545, -1.8938, -124.2627, -233.1254, -1.8919, 0, 0, 0
L -116.1223, -241.2666, -1.8919, -120.2385, -245.3641, -1.8938, 0, 0, 0
L -120.2385, -245.3641, -1.8938, -127.3948, -238.2137, -1.8938, 0, 0, 0
L -127.3948, -238.2137, -1.8938, -123.3033, -234.1041, -1.8936, 0, 0, 0
L -124.2627, -233.1254, -1.8938, -124.355, -231.9112, -1.8938, 0, 0, 0
L -124.355, -231.9112, -1.8938, -119.292, -226.8485, -1.8938, 0, 0, 0
L -119.292, -226.8485, -1.8938, -118.1461, -226.9277, -1.8938, 0, 0, 0
L -117.1375, -227.8733, -1.8938, -92.802, -202.7039, -1.8938, 0, 0, 0
L -92.802, -202.7039, -1.8938, -92.583, -145.8863, -1.8935, 0, 0, 0
L -92.583, -145.8863, -1.8935, -223.9851, -145.9024, -1.8938, 0, 0, 0
L -223.9851, -145.9024, -1.8938, -282.9098, -204.7126, -1.8938, 0, 0, 0
L -282.9098, -204.7126, -1.8938, -282.932, -281.5905, -1.8938, 0, 0, 0
L -282.932, -281.5905, -1.8938, -247.279, -281.5894, -1.8938, 0, 0, 0
L -247.279, -281.5894, -1.8938, -242.3295, -291.6145, -1.8938, 0, 0, 0
L -242.3295, -291.6145, -1.8938, -237.6677, -291.6406, -1.8938, 0, 0, 0
L -237.65, -303.616, -1.8938, -237.6696, -290.442, -1.8938, 0, 0, 0
L -236.8737, -289.5233, -1.8938, -237.6696, -290.442, -1.8938, 0, 0, 0
L -236.8737, -289.5233, -1.8938, -229.7122, -289.5231, -1.8938, 0, 0, 0
L -228.9179, -290.439, -1.8938, -229.7122, -289.5231, -1.8938, 0, 0, 0
L -228.9179, -290.439, -1.8938, -228.9238, -303.482, -1.8938, 0, 0, 0
L -228.9184, -291.6406, -1.8938, -222.9406, -291.6399, -1.8938, 0, 0, 0
L -222.9406, -291.6399, -1.8938, -222.9394, -301.7717, -1.8938, 0, 0, 0
L -222.9394, -301.7717, -1.8938, -228.9184, -301.7712, -1.8938, 0, 0, 0
L -229.7146, -303.9553, -1.8938, -228.9238, -303.482, -1.8938, 0, 0, 0
L -229.7146, -303.9553, -1.8938, -236.872, -303.9551, -1.8938, 0, 0, 0
L -236.872, -303.9551, -1.8938, -237.65, -303.616, -1.8938, 0, 0, 0
L -237.6676, -301.7719, -1.8938, -250.2042, -301.7733, -1.8938, 0, 0, 0
L -250.2042, -301.7733, -1.8938, -257.1598, -294.2355, 4.682, 0, 0, 0
L -257.1598, -294.2355, 4.682, -283.1721, -294.3048, 4.106, 0, 0, 0
L -283.1721, -294.3048, 4.106, -290.2674, -301.771, -1.8662, 0, 0, 0
L -290.2674, -301.771, -1.8938, -312.9415, -301.7712, -1.8938, 0, 0, 0
L -312.9415, -301.7712, -1.8938, -312.9277, -343.7726, -1.8928, 0, 0, 0
L -312.9277, -343.7726, 1.1572, -320.3845, -350.6963, 3.9904, 0, 0, 0
L -320.4789, -350.8143, 4.694, -320.478, -376.5991, 4.686, 0, 0, 0
L -320.478, -376.5991, 4.686, -312.9411, -383.6438, -1.8938, 0, 0, 0
L -312.9411, -383.6438, -1.8938, -312.9409, -443.7939, -1.8938, 0, 0, 0
L -312.9409, -443.7939, -0.9994, -320.4748, -450.7726, 4.659, 0, 0, 0
L -320.4748, -450.7726, 4.659, -320.478, -476.598, 4.618, 0, 0, 0
L -320.478, -476.598, 4.618, -312.9413, -483.6519, -1.2853, 0, 0, 0
L -312.9413, -483.6519, -1.8938, -312.9411, -525.6245, -1.8938, 0, 0, 0
L -312.9411, -525.6245, -1.8938, -290.2837, -525.6717, -1.8938, 0, 0, 0
L -290.2837, -525.6717, -0.8655, -282.9868, -533.1917, 4.704, 0, 0, 0
L -282.9868, -533.1917, 4.704, -257.987, -533.1907, 4.686, 0, 0, 0
L -257.987, -533.1907, 4.686, -249.8688, -525.6484, 0.1236, 0, 0, 0
L -249.8688, -525.6484, -1.8938, -237.6675, -525.6544, -1.8928, 0, 0, 0
L -237.6411, -537.954, -1.8928, -237.6705, -524.3889, -1.8938, 0, 0, 0
L -237.6705, -524.3889, -1.8938, -236.8735, -523.4701, -1.8938, 0, 0, 0
L -236.8735, -523.4701, -1.8938, -229.7111, -523.4705, -1.8938, 0, 0, 0
L -228.9136, -524.3926, -1.8938, -229.7111, -523.4705, -1.8938, 0, 0, 0
L -228.9136, -524.3926, -1.8938, -228.9536, -537.1008, -1.8938, 0, 0, 0
L -228.9174, -525.6544, -1.8938, -222.941, -525.6527, -1.8938, 0, 0, 0
L -222.941, -525.6527, -1.8938, -222.9228, -535.7906, -1.8938, 0, 0, 0
L -222.9228, -535.7906, -1.8938, -228.9184, -535.7852, -1.8938, 0, 0, 0
L -228.9536, -537.1008, -1.8938, -229.7134, -537.9755, -1.8938, 0, 0, 0
L -229.7134, -537.9755, -1.8938, -236.8685, -537.9759, -1.8938, 0, 0, 0
L -236.8685, -537.9759, -1.8938, -237.6411, -537.954, -1.8938, 0, 0, 0
L -237.6681, -535.8152, -1.8938, -242.337, -535.8455, -1.8938, 0, 0, 0
L -242.337, -535.8455, -1.8938, -247.2664, -545.8334, -1.8938, 0, 0, 0
L -247.2664, -545.8334, -1.8928, -282.9411, -545.9348, -1.8938, 0, 0, 0
L -282.9411, -545.9348, -1.8938, -282.9241, -622.6876, -1.8938, 0, 0, 0
L -282.9241, -622.6876, -1.8938, -264.4066, -641.522, -1.8938, 0, 0, 0
L -264.4066, -641.522, -1.1535, -271.5821, -648.2002, -1.1535, 0, 0, 0
L -271.5821, -648.2002, -1.805, -278.9263, -640.7874, -1.8095, 0, 0, 0
L -278.9263, -640.7874, -1.8095, -293.4676, -656.1686, -1.8105, 0, 0, 0
L -293.4676, -656.1686, -1.8105, -318.591, -711.3556, -1.833, 0, 0, 0
L -318.591, -711.3556, -1.833, -318.264, -848.8884, -21.9028, 0, 0, 0
L -305.9678, -848.9933, -21.9054, -318.258, -849.166, -21.905, 0, 0, 0
L -305.9836, -856.2089, -22.33, -316.8002, -856.2229, -22.376, 0, 0, 0
L -305.9678, -848.9933, -21.6006, -305.9836, -856.2089, -22.1012, 0, 0, 0
L -316.7993, -856.4048, -22.457, -316.7925, -862.8437, -22.2711, 0, 0, 0
L -316.7925, -862.8437, -22.3054, -365.9216, -862.8214, -22.3059, 0, 0, 0
L -365.9216, -862.8214, -22.3059, -366.1136, -981.5769, -22.3035, 0, 0, 0
L -366.1136, -981.5769, -22.3035, -304.8373, -981.5806, -22.3035, 0, 0, 0
L -304.8373, -981.5806, -21.7779, -304.8976, -983.5778, -21.7777, 0, 0, 0
L -304.8976, -983.5778, -21.7777, -281.6193, -983.5774, -21.7775, 255, 0, 255
L -281.6193, -983.5774, -21.7775, -281.6073, -982.4935, -21.7779, 0, 0, 0
L -281.6073, -982.4935, -22.3035, -222.3596, -982.5489, -22.3042, 0, 0, 0
L -222.3596, -982.5489, -22.3042, -222.342, -863.8715, -22.306, 0, 0, 0
L -222.342, -863.8715, -22.306, -268.3288, -863.7808, -22.306, 0, 0, 0
L -268.3288, -863.7808, -22.306, -268.3328, -856.498, -22.583, 0, 0, 0
L -279.682, -856.5099, -22.283, -268.3328, -856.498, -22.207, 0, 0, 0
L -279.682, -856.5099, -21.6006, -279.6659, -849.2829, -21.6006, 0, 0, 0
L -279.6659, -849.2829, -21.9022, -269.555, -849.2903, -21.9019, 0, 0, 0
L -269.555, -849.2903, -21.918, -269.5475, -711.633, -2.447, 0, 0, 0
L -269.5475, -711.633, -1.8201, -260.4904, -691.1702, -1.7951, 0, 0, 0
L -260.4904, -691.1702, -1.7878, -244.7973, -675.454, -1.7674, 0, 0, 0
L -244.7973, -675.454, -1.7674, -253.2768, -666.5055, -1.776, 0, 0, 0
L -253.2768, -666.5055, -1.1535, -246.125, -659.3441, -1.1535, 0, 0, 0
L -246.125, -659.3441, -1.8938, -223.8848, -681.5393, -1.8938, 0, 0, 0
L -223.8848, -681.5393, -1.8938, -92.516, -681.5394, -1.8938, 0, 0, 0
L -92.516, -681.5394, -1.8938, -92.1782, -624.616, -1.8942, 0, 0, 0
L -92.1782, -624.616, -1.8942, -117.2146, -599.4433, -1.8928, 0, 0, 0
L -109.268, -591.2409, -1.8928, -118.803, -600.3107, -1.8938, 0, 0, 0
L -119.2913, -600.3939, -1.8938, -118.803, -600.3107, -1.8938, 0, 0, 0
L -119.2913, -600.3939, -1.8938, -124.3537, -595.3334, -1.8937, 0, 0, 0
L -124.268, -594.1192, -1.8938, -124.3537, -595.3334, -1.8938, 0, 0, 0
L -124.268, -594.1192, -1.8938, -115.4312, -585.3126, -1.8928, 0, 0, 0
L -123.3847, -593.2391, -1.8928, -127.3901, -589.2122, -1.8938, 0, 0, 0
L -127.3901, -589.2122, -1.8938, -120.2416, -582.593, -1.8938, 0, 0, 0
L -120.2416, -582.593, -1.8938, -116.1068, -586.174, -1.8928, 0, 0, 0
L -115.4312, -585.3126, -1.8938, -114.22, -585.2133, -1.8938, 0, 0, 0
L -114.22, -585.2133, -1.8938, -108.9587, -590.2768, -1.8938, 0, 0, 0
L -109.268, -591.2409, -1.8938, -108.9587, -590.2768, -1.8938, 0, 0, 0
L -109.8996, -592.3411, -1.8928, -86.4522, -615.6001, -1.8938, 0, 0, 0
L -86.4522, -615.6001, -1.8938, -72.5488, -615.6027, -1.8931, 0, 0, 0
L -72.5485, -613.9693, -1.8938, -71.7556, -613.534, -1.8938, 0, 0, 0
L -71.7556, -613.534, -1.8938, -64.5902, -613.534, -1.8938, 0, 0, 0
L -64.5902, -613.534, -1.8938, -63.7989, -613.9695, -1.8938, 0, 0, 0
L -63.7978, -615.6017, -1.8911, -57.941, -615.5995, -1.8938, 0, 0, 0
L -63.7978, -615.6017, -1.8937, -63.7989, -613.9695, -1.8938, 0, 0, 0
L -72.5488, -615.6027, -1.8938, -72.5485, -613.9693, -1.8938, 0, 0, 0
L -57.941, -615.5995, -1.8938, -57.9418, -624.494, -1.8939, 0, 0, 0
L -57.9418, -624.494, -1.8939, -52.786, -624.443, -1.8939, 0, 0, 0
L -52.786, -624.443, -1.8939, -44.6456, -624.489, -1.8939, 255, 0, 255
L -44.6456, -624.489, -1.8939, -32.581, -624.33, -1.8939, 0, 0, 0
L -32.581, -624.33, -1.8939, -32.604, -615.5987, -1.8938, 0, 0, 0
L -32.604, -615.5987, -1.8938, -26.612, -615.6036, -1.8928, 0, 0, 0
L -26.612, -615.6036, -1.8928, -26.635, -613.9673, -1.8938, 0, 0, 0
L -25.2623, -613.529, -1.8938, -26.635, -613.9673, -1.8938, 0, 0, 0
L -25.2623, -613.529, -1.8938, -18.1012, -613.534, -1.8938, 0, 0, 0
L -17.3125, -613.9686, -1.8938, -18.1012, -613.534, -1.8938, 0, 0, 0
L -17.3125, -613.9686, -1.8938, -17.3109, -615.6032, -1.8928, 0, 0, 0
L 138.5415, -563.7604, -1.8938, 142.6718, -559.6051, -1.8928, 0, 0, 0
L 150.8228, -567.7542, -1.8928, 141.7837, -558.7172, -1.8938, 0, 0, 0
L 141.7837, -558.7172, -1.8938, 141.6984, -557.5064, -1.8938, 0, 0, 0
L 141.6984, -557.5064, -1.8938, 146.7591, -552.4466, -1.8938, 0, 0, 0
L 146.7591, -552.4466, -1.8938, 147.9753, -552.5271, -1.8938, 0, 0, 0
L 147.9753, -552.5271, -1.8938, 157.141, -561.6506, -1.8938, 0, 0, 0
L 148.8358, -553.3958, -1.8938, 171.8959, -530.2365, -1.8938, 0, 0, 0
L 171.8959, -530.2365, -1.8938, 171.9402, -441.331, -1.8928, 0, 0, 0
L 183.828, -441.322, -1.8928, 170.1841, -441.3324, -1.8938, 0, 0, 0
L 169.2686, -440.5339, -1.8938, 170.1841, -441.3324, -1.8938, 0, 0, 0
L 169.2686, -440.5339, -1.8938, 169.2684, -433.3521, -1.8938, 0, 0, 0
L 169.2684, -433.3521, -1.8938, 170.1937, -432.581, -1.8938, 0, 0, 0
L 170.1937, -432.581, -1.8938, 183.8141, -432.5801, -1.8928, 0, 0, 0
L 171.9404, -432.5808, -1.8928, 171.9356, -426.6526, -1.8938, 0, 0, 0
L 171.9356, -426.6526, -1.8938, 182.603, -426.6524, -1.8938, 0, 0, 0
L 182.603, -426.6524, -1.8938, 182.64, -432.5815, -1.8935, 0, 0, 0
L 184.7321, -433.3752, -1.8938, 183.8141, -432.5801, -1.8938, 0, 0, 0
L 184.7321, -433.3752, -1.8938, 184.7319, -440.5339, -1.8938, 0, 0, 0
L 184.7319, -440.5339, -1.8938, 183.828, -441.322, -1.8938, 0, 0, 0
L 182.584, -441.3304, -1.8934, 182.581, -525.6541, -1.8938, 0, 0, 0
L 182.581, -525.6541, -1.8938, 182.6084, -525.6544, -1.8938, 0, 0, 0
L 182.6179, -523.9844, -1.8938, 183.531, -523.4705, -1.8938, 0, 0, 0
L 183.531, -523.4705, -1.8938, 190.5734, -523.4702, -1.8938, 0, 0, 0
L 191.3691, -524.3876, -1.8938, 191.3489, -537.122, -1.8938, 0, 0, 0
L 191.367, -525.6529, -1.8938, 197.589, -525.6548, -1.8938, 0, 0, 0
L 191.3691, -524.3876, -1.8938, 190.5734, -523.4702, -1.8938, 0, 0, 0
L 197.589, -525.6548, -1.8938, 197.609, -535.7879, -1.8938, 0, 0, 0
L 197.609, -535.7879, -1.8938, 191.3667, -535.7844, -1.8948, 0, 0, 0
L 191.3489, -537.122, -1.8938, 190.5672, -537.9022, -1.8938, 0, 0, 0
L 190.5672, -537.9022, -1.8938, 183.4127, -537.902, -1.8938, 0, 0, 0
L 183.4127, -537.902, -1.8938, 182.6176, -536.9851, -1.8938, 0, 0, 0
L 182.6176, -536.9851, -1.8938, 182.6179, -523.9844, -1.8938, 0, 0, 0
L 237.6722, -524.3902, -1.8938, 237.6672, -536.9882, -1.8938, 0, 0, 0
L 182.6179, -535.7852, -1.8938, 180.9926, -535.822, -1.8938, 0, 0, 0
L 180.9926, -535.822, -1.8938, 156.519, -560.6105, -1.8928, 0, 0, 0
L 157.141, -561.6506, -1.8938, 157.911, -562.7775, -1.8938, 0, 0, 0
L 157.911, -562.7775, -1.8938, 152.317, -567.837, -1.8938, 0, 0, 0
L 152.317, -567.837, -1.8938, 150.8228, -567.7542, -1.8938, 0, 0, 0
L 149.8464, -566.7794, -1.8928, 145.6913, -570.9099, -1.8938, 0, 0, 0
L 145.6913, -570.9099, -1.8938, 138.5415, -563.7604, -1.8938, 0, 0, 0
L 182.558, -394.8491, -1.8928, 182.601, -400.7715, -1.8938, 0, 0, 0
L 182.601, -400.7715, -1.8938, 171.9404, -400.7744, -1.8938, 0, 0, 0
L 171.9404, -400.7744, -1.8938, 171.9173, -394.8435, -1.8938, 0, 0, 0
L 170.1827, -394.8435, -1.8938, 169.2684, -394.471, -1.8938, 0, 0, 0
L 169.2684, -394.471, -1.8938, 169.2681, -386.8881, -1.8938, 0, 0, 0
L 170.1911, -386.901, -1.8938, 169.2681, -386.8881, -1.8938, 0, 0, 0
L 170.1911, -386.901, -1.8938, 183.8512, -386.1252, -1.8928, 0, 0, 0
L 171.9375, -386.946, -1.8928, 171.9301, -297.2225, -1.8938, 0, 0, 0
L 171.9301, -297.2225, -1.8938, 148.8249, -274.138, -1.8936, 0, 0, 0
L 157.197, -265.8519, -1.8936, 147.9653, -274.87, -1.8938, 0, 0, 0
L 146.7592, -274.9488, -1.8938, 147.9653, -274.87, -1.8938, 0, 0, 0
L 146.7592, -274.9488, -1.8938, 141.6953, -269.8849, -1.8938, 0, 0, 0
L 141.6953, -269.8849, -1.8938, 141.7856, -268.6752, -1.8938, 0, 0, 0
L 141.7856, -268.6752, -1.8938, 150.622, -259.8668, -1.8928, 0, 0, 0
L 142.6616, -267.802, -1.8928, 138.5355, -263.6741, -1.8938, 0, 0, 0
L 138.5355, -263.6741, -1.8938, 145.6913, -256.5106, -1.8938, 0, 0, 0
L 145.6913, -256.5106, -1.8938, 149.9382, -260.7371, -1.8928, 0, 0, 0
L 150.622, -259.8668, -1.8938, 152.312, -259.7708, -1.8938, 0, 0, 0
L 152.312, -259.7708, -1.8938, 157.947, -264.834, -1.8938, 0, 0, 0
L 157.947, -264.834, -1.8938, 157.197, -265.8519, -1.8938, 0, 0, 0
L 156.1434, -266.9062, -1.8928, 181.127, -291.6231, -1.8938, 0, 0, 0
L 181.127, -291.6231, -1.8938, 182.6176, -291.6406, -1.8938, 0, 0, 0
L 182.643, -303.702, -1.8938, 182.6148, -290.3688, -1.8938, 0, 0, 0
L 182.6148, -290.3688, -1.8938, 183.4124, -289.4499, -1.8938, 0, 0, 0
L 183.4124, -289.4499, -1.8938, 190.5716, -289.4499, -1.8938, 0, 0, 0
L 190.5716, -289.4499, -1.8938, 191.3676, -290.365, -1.8938, 0, 0, 0
L 191.3676, -290.365, -1.8938, 191.3658, -303.421, -1.8938, 0, 0, 0
L 191.3674, -291.6395, -1.8938, 197.571, -291.6392, -1.8938, 0, 0, 0
L 197.571, -291.6392, -1.8938, 197.601, -301.7712, -1.8938, 0, 0, 0
L 197.601, -301.7712, -1.8938, 191.3671, -301.7719, -1.8938, 0, 0, 0
L 191.3658, -303.421, -1.8938, 190.5718, -303.9551, -1.8938, 0, 0, 0
L 190.5718, -303.9551, -1.8938, 183.4158, -303.9551, -1.8938, 0, 0, 0
L 183.4158, -303.9551, -1.8938, 182.643, -303.702, -1.8938, 0, 0, 0
L 182.6183, -301.7719, -1.8938, 182.58, -301.7712, -1.8938, 0, 0, 0
L 182.58, -301.7712, -1.8938, 182.559, -386.86, -1.8929, 0, 0, 0
L 183.8512, -386.1252, -1.8938, 184.7321, -386.8892, -1.8938, 0, 0, 0
L 184.7321, -386.8892, -1.8938, 184.7319, -394.484, -1.8938, 0, 0, 0
L 184.7319, -394.484, -1.8938, 183.8071, -394.8528, -1.8938, 0, 0, 0
L 183.8071, -394.8528, -1.8929, 170.1827, -394.8435, -1.8938, 0, 0, 0
L 103.4886, -349.9873, -1.8928, 103.4997, -355.7714, -1.8938, 0, 0, 0
L 103.4997, -355.7714, -1.8938, 92.5084, -355.774, -1.8938, 0, 0, 0
L 92.5084, -355.774, -1.8938, 92.5057, -349.9861, -1.8929, 0, 0, 0
L 104.8426, -349.973, -1.8929, 91.1987, -349.9875, -1.8938, 0, 0, 0
L 91.1987, -349.9875, -1.8938, 90.2801, -349.192, -1.8938, 0, 0, 0
L 90.2801, -349.192, -1.8938, 90.2801, -342.323, -1.8938, 0, 0, 0
L 90.2801, -342.323, -1.8938, 91.1988, -341.235, -1.8938, 0, 0, 0
L 91.1988, -341.235, -1.8938, 104.8307, -341.2388, -1.8931, 0, 0, 0
L 92.5104, -341.2354, -1.8931, 92.5078, -324.798, -1.8938, 0, 0, 0
L 92.5078, -324.798, -1.8938, 43.9823, -276.2182, -1.8938, 0, 0, 0
L 43.9823, -276.2182, -1.8938, 27.6185, -276.2189, -1.8938, 0, 0, 0
L 27.6252, -277.4026, -1.8938, 26.8211, -278.3258, -1.8938, 0, 0, 0
L 26.8211, -278.3258, -1.8938, 19.6647, -278.326, -1.8938, 0, 0, 0
L 19.6647, -278.326, -1.8938, 18.8653, -277.4083, -1.8938, 0, 0, 0
L 18.8653, -277.4083, -1.8938, 18.8968, -263.7398, -1.8928, 0, 0, 0
L 18.868, -276.202, -1.8928, 12.941, -276.2035, -1.8938, 0, 0, 0
L 12.941, -276.2035, -1.8938, 12.9387, -265.2194, -1.8938, 0, 0, 0
L 12.9387, -265.2194, -1.8938, 18.8682, -265.2243, -1.8922, 0, 0, 0
L 18.8968, -263.7398, -1.8938, 19.6667, -262.8621, -1.8938, 0, 0, 0
L 19.6667, -262.8621, -1.8938, 26.8253, -262.8632, -1.8932, 0, 0, 0
L 27.6185, -263.7789, -1.8938, 26.8253, -262.8632, -1.8938, 0, 0, 0
L 27.6185, -263.7789, -1.8938, 27.6252, -277.4026, -1.8928, 0, 0, 0
L 27.6191, -265.2241, -1.8928, 48.5152, -265.2178, -1.8938, 0, 0, 0
L 48.5152, -265.2178, -1.8938, 103.4923, -320.1954, -1.8938, 0, 0, 0
L 103.4923, -320.1954, -1.8938, 103.489, -341.2371, -1.8928, 0, 0, 0
L 104.8307, -341.2388, -1.8938, 105.7437, -342.312, -1.8938, 0, 0, 0
L 105.7437, -342.312, -1.8938, 105.7437, -349.1913, -1.8938, 0, 0, 0
L 105.7437, -349.1913, -1.8938, 104.8426, -349.973, -1.8938, 0, 0, 0
L 92.5086, -381.6532, -1.8938, 103.4947, -381.6508, -1.8938, 0, 0, 0
L 103.4947, -381.6508, -1.8938, 103.4893, -387.7241, -1.8928, 0, 0, 0
L 104.829, -387.7239, -1.8938, 105.7437, -388.5192, -1.8938, 0, 0, 0
L 105.7437, -388.5192, -1.8938, 105.7437, -395.6784, -1.8938, 0, 0, 0
L 105.7437, -395.6784, -1.8938, 104.8277, -396.4744, -1.8938, 0, 0, 0
L 103.4891, -396.4857, -1.8931, 103.4896, -430.9979, -1.8928, 0, 0, 0
L 105.7439, -431.795, -1.8938, 104.8422, -431.74, -1.8938, 0, 0, 0
L 105.7439, -431.795, -1.8938, 105.7436, -438.939, -1.8938, 0, 0, 0
L 104.8418, -439.7477, -1.8938, 105.7436, -438.939, -1.8938, 0, 0, 0
L 104.8418, -439.7477, -1.8938, 91.2282, -439.7746, -1.8928, 0, 0, 0
L 103.489, -439.7502, -1.8928, 103.4934, -445.771, -1.8938, 0, 0, 0
L 103.4934, -445.771, -1.8938, 92.5074, -445.7744, -1.8938, 0, 0, 0
L 92.5074, -445.7744, -1.8938, 92.5109, -439.7488, -1.8928, 0, 0, 0
L 91.2282, -439.7746, -1.8938, 90.2804, -438.954, -1.8938, 0, 0, 0
L 90.2804, -438.954, -1.8938, 90.2802, -431.7905, -1.8938, 0, 0, 0
L 90.2802, -431.7905, -1.8938, 91.2001, -430.9963, -1.8938, 0, 0, 0
L 91.2001, -430.9963, -1.8938, 104.8422, -431.74, -1.8923, 0, 0, 0
L 92.5113, -430.9972, -1.8923, 92.4904, -396.4735, -1.8938, 0, 0, 0
L 91.1959, -396.4726, -1.8938, 90.2804, -395.6782, -1.8938, 0, 0, 0
L 90.2804, -395.6782, -1.8938, 90.2804, -388.5228, -1.8938, 0, 0, 0
L 90.2804, -388.5228, -1.8938, 91.1912, -387.7239, -1.8938, 0, 0, 0
L 91.1959, -396.4726, -1.8928, 104.8277, -396.4744, -1.8919, 0, 0, 0
L 104.829, -387.7239, -1.8928, 91.1912, -387.7239, -1.8928, 0, 0, 0
L 92.5106, -387.7239, -1.8928, 92.5086, -381.6532, -1.8938, 0, 0, 0
L -18.8682, -277.413, -1.8928, -18.8679, -263.7835, -1.8928, 0, 0, 0
L -18.8679, -265.2239, -1.8928, -12.942, -265.211, -1.8938, 0, 0, 0
L -12.942, -265.211, -1.8938, -12.9388, -276.2062, -1.8938, 0, 0, 0
L -12.9388, -276.2062, -1.8938, -18.868, -276.2022, -1.8928, 0, 0, 0
L -18.8679, -263.7835, -1.8938, -19.6529, -262.8623, -1.8938, 0, 0, 0
L -19.6529, -262.8623, -1.8938, -26.8205, -262.8627, -1.8938, 0, 0, 0
L -26.8205, -262.8627, -1.8938, -27.6185, -263.7769, -1.8938, 0, 0, 0
L -27.6185, -263.7769, -1.8938, -27.6189, -277.4119, -1.8928, 0, 0, 0
L -27.6186, -265.2241, -1.8928, -48.5161, -265.2192, -1.8938, 0, 0, 0
L -48.5161, -265.2192, -1.8938, -103.4924, -320.1956, -1.8938, 0, 0, 0
L -103.4924, -320.1956, -1.8938, -103.4887, -341.237, -1.8928, 0, 0, 0
L -91.1777, -341.2484, -1.8928, -104.8221, -341.2359, -1.8938, 0, 0, 0
L -105.7385, -342.333, -1.8938, -104.8221, -341.2359, -1.8938, 0, 0, 0
L -105.7385, -342.333, -1.8938, -105.7386, -349.1917, -1.8938, 0, 0, 0
L -104.8201, -349.9879, -1.8938, -105.7386, -349.1917, -1.8938, 0, 0, 0
L -104.8201, -349.9879, -1.8938, -91.1764, -349.9759, -1.8928, 0, 0, 0
L -103.4893, -349.9866, -1.8928, -103.4929, -355.7721, -1.8938, 0, 0, 0
L -103.4929, -355.7721, -1.8938, -92.5069, -355.7722, -1.8938, 0, 0, 0
L -92.5069, -355.7722, -1.8938, -92.5113, -349.9868, -1.8919, 0, 0, 0
L -91.1764, -349.9759, -1.8938, -90.2746, -349.1897, -1.8938, 0, 0, 0
L -90.2746, -349.1897, -1.8938, -90.2746, -342.317, -1.8938, 0, 0, 0
L -91.1777, -341.2484, -1.8938, -90.2746, -342.317, -1.8938, 0, 0, 0
L -92.5014, -341.2379, -1.8937, -92.5079, -324.7857, -1.8938, 0, 0, 0
L -92.5079, -324.7857, -1.8938, -43.9921, -276.2291, -1.8938, 0, 0, 0
L -43.9921, -276.2291, -1.8938, -27.6183, -276.2019, -1.8928, 0, 0, 0
L -26.8212, -278.326, -1.8938, -27.6189, -277.4119, -1.8938, 0, 0, 0
L -26.8212, -278.326, -1.8938, -19.6661, -278.3258, -1.8938, 0, 0, 0
L -18.8682, -277.413, -1.8938, -19.6661, -278.3258, -1.8938, 0, 0, 0
L -138.5405, -263.6641, -1.8938, -142.6762, -267.8158, -1.8928, 0, 0, 0
L -150.8283, -259.6696, -1.8928, -141.782, -268.7094, -1.8938, 0, 0, 0
L -141.7005, -269.9198, -1.8938, -141.782, -268.7094, -1.8938, 0, 0, 0
L -141.7005, -269.9198, -1.8938, -146.7633, -274.983, -1.8938, 0, 0, 0
L -147.9723, -274.8958, -1.8938, -146.7633, -274.983, -1.8938, 0, 0, 0
L -147.9723, -274.8958, -1.8938, -157.72, -265.8303, -1.8928, 0, 0, 0
L -148.8471, -274.181, -1.8928, -171.937, -297.2654, -1.8938, 0, 0, 0
L -171.937, -297.2654, -1.8938, -171.9373, -386.944, -1.8928, 0, 0, 0
L -183.7451, -386.985, -1.8928, -170.1853, -386.939, -1.8938, 0, 0, 0
L -170.1853, -386.939, -1.8938, -169.2683, -386.8894, -1.8938, 0, 0, 0
L -169.2683, -386.8894, -1.8938, -169.2686, -394.532, -1.8938, 0, 0, 0
L -170.1834, -394.8433, -1.8938, -169.2686, -394.532, -1.8938, 0, 0, 0
L -170.1834, -394.8433, -1.8938, -183.8029, -394.8561, -1.8923, 0, 0, 0
L -171.9354, -400.7705, -1.8938, -171.9395, -394.8453, -1.8928, 0, 0, 0
L -171.9354, -400.7705, -1.8938, -182.593, -400.7767, -1.8938, 0, 0, 0
L -182.593, -400.7767, -1.8938, -182.559, -394.8444, -1.8928, 0, 0, 0
L -183.8029, -394.8561, -1.8938, -184.7321, -394.48, -1.8938, 0, 0, 0
L -184.7321, -394.48, -1.8938, -184.7319, -386.8328, -1.8938, 0, 0, 0
L -184.7319, -386.8328, -1.8938, -183.7451, -386.985, -1.8938, 0, 0, 0
L -182.551, -386.946, -1.8925, -182.583, -301.7712, -1.8938, 0, 0, 0
L -182.583, -301.7712, -1.8938, -182.618, -301.771, -1.8938, 0, 0, 0
L -182.626, -290.4252, -1.8938, -182.6171, -303.376, -1.8938, 0, 0, 0
L -182.6171, -303.376, -1.8938, -183.4132, -303.9553, -1.8938, 0, 0, 0
L -183.4132, -303.9553, -1.8938, -190.5708, -303.9551, -1.8928, 0, 0, 0
L -190.5708, -303.9551, -1.8938, -191.3693, -303.385, -1.8938, 0, 0, 0
L -191.3693, -303.385, -1.8938, -191.3512, -290.4203, -1.8938, 0, 0, 0
L -191.3674, -301.7712, -1.8938, -197.592, -301.7726, -1.8938, 0, 0, 0
L -197.592, -301.7726, -1.8938, -197.593, -291.6395, -1.8938, 0, 0, 0
L -197.593, -291.6395, -1.8938, -191.3676, -291.6408, -1.8938, 0, 0, 0
L -191.3512, -290.4203, -1.8938, -190.572, -289.5226, -1.8938, 0, 0, 0
L -190.572, -289.5226, -1.8938, -183.4133, -289.5235, -1.8938, 0, 0, 0
L -183.4133, -289.5235, -1.8938, -182.626, -290.4252, -1.8938, 0, 0, 0
L -182.6177, -291.6406, -1.8938, -181.172, -291.6272, -1.8938, 0, 0, 0
L -181.172, -291.6272, -1.8938, -156.521, -266.8143, -1.8928, 0, 0, 0
L -157.72, -265.8303, -1.8938, -157.936, -264.6496, -1.8938, 0, 0, 0
L -157.936, -264.6496, -1.8938, -152.319, -259.5885, -1.8938, 0, 0, 0
L -152.319, -259.5885, -1.8938, -150.8283, -259.6696, -1.8938, 0, 0, 0
L -149.8466, -260.6458, -1.8928, -145.6998, -256.5072, -1.8938, 0, 0, 0
L -145.6998, -256.5072, -1.8938, -138.5405, -263.6641, -1.8938, 0, 0, 0
L -171.9356, -426.6548, -1.8938, -171.9378, -432.5824, -1.8931, 0, 0, 0
L -170.1859, -432.581, -1.8938, -183.8161, -432.5819, -1.8938, 0, 0, 0
L -169.2678, -433.3539, -1.8938, -170.1859, -432.581, -1.8938, 0, 0, 0
L -169.2678, -433.3539, -1.8938, -169.2685, -440.6225, -1.8938, 0, 0, 0
L -169.2685, -440.6225, -1.8938, -170.1812, -441.3251, -1.8938, 0, 0, 0
L -171.9382, -441.326, -1.8887, -171.938, -530.1491, -1.8938, 0, 0, 0
L -171.938, -530.1491, -1.8938, -148.8197, -553.4071, -1.8937, 0, 0, 0
L -157.228, -561.6081, -1.8937, -147.969, -552.5567, -1.8938, 0, 0, 0
L -146.7595, -552.476, -1.8938, -147.969, -552.5567, -1.8938, 0, 0, 0
L -146.7595, -552.476, -1.8938, -141.7005, -557.5352, -1.8938, 0, 0, 0
L -141.7005, -557.5352, -1.8938, -141.7668, -558.5126, -1.8938, 0, 0, 0
L -142.7683, -559.5145, -1.8904, -138.5423, -563.76, -1.8938, 0, 0, 0
L -138.5423, -563.76, -1.8938, -145.6898, -570.9106, -1.8938, 0, 0, 0
L -145.6898, -570.9106, -1.8938, -149.9376, -566.6884, -1.8925, 0, 0, 0
L -141.7668, -558.5126, -1.8925, -150.8162, -567.5674, -1.8938, 0, 0, 0
L -150.8162, -567.5674, -1.8938, -152.307, -567.6552, -1.8938, 0, 0, 0
L -152.307, -567.6552, -1.8938, -157.923, -562.5937, -1.8938, 0, 0, 0
L -157.228, -561.6081, -1.8938, -157.923, -562.5937, -1.8938, 0, 0, 0
L -156.152, -560.5289, -1.8937, -181.793, -535.7853, -1.8939, 0, 0, 0
L -181.793, -535.7853, -1.8939, -182.6183, -535.7852, -1.8938, 0, 0, 0
L -182.6562, -524.3413, -1.8938, -182.6141, -537.557, -1.8938, 0, 0, 0
L -182.6141, -537.557, -1.8938, -183.4142, -537.976, -1.8938, 0, 0, 0
L -183.4142, -537.976, -1.8938, -190.5728, -537.9755, -1.8938, 0, 0, 0
L -191.3696, -537.561, -1.8938, -190.5728, -537.9755, -1.8938, 0, 0, 0
L -191.3696, -537.561, -1.8938, -191.3464, -524.3614, -1.8938, 0, 0, 0
L -191.3674, -535.7862, -1.8938, -197.434, -535.7835, -1.8938, 0, 0, 0
L -197.434, -535.7835, -1.8938, -197.627, -525.6517, -1.8938, 0, 0, 0
L -197.627, -525.6517, -1.8938, -191.3678, -525.6545, -1.8938, 0, 0, 0
L -191.3464, -524.3614, -1.8938, -190.5728, -523.4701, -1.8938, 0, 0, 0
L -190.5728, -523.4701, -1.8938, -183.4121, -523.4705, -1.8938, 0, 0, 0
L -182.6562, -524.3413, -1.8938, -183.4121, -523.4705, -1.8938, 0, 0, 0
L -182.6174, -525.6544, -1.8938, -182.584, -525.6544, -1.8938, 0, 0, 0
L -182.584, -525.6544, -1.8938, -182.55, -441.3315, -1.8918, 0, 0, 0
L -170.1812, -441.3251, -1.8918, -183.8169, -441.3324, -1.8938, 0, 0, 0
L -183.8169, -441.3324, -1.8938, -184.7318, -440.5332, -1.8938, 0, 0, 0
L -184.7318, -440.5332, -1.8938, -184.7323, -433.3761, -1.8938, 0, 0, 0
L -182.557, -432.5817, -1.8928, -182.596, -426.6526, -1.8938, 0, 0, 0
L -182.596, -426.6526, -1.8938, -171.9356, -426.6548, -1.8938, 0, 0, 0
L -184.7323, -433.3761, -1.8938, -183.8161, -432.5819, -1.8938, 0, 0, 0
L -91.1959, -486.242, -1.8938, -104.8216, -486.2348, -1.8938, 0, 0, 0
L -104.8216, -486.2348, -1.8938, -105.7383, -485.4397, -1.8938, 0, 0, 0
L -105.7383, -485.4397, -1.8938, -105.7382, -478.2663, -1.8938, 0, 0, 0
L -105.7382, -478.2663, -1.8938, -104.8164, -477.4843, -1.8938, 0, 0, 0
L -103.4907, -477.2787, -1.8927, -103.4932, -471.6524, -1.8938, 0, 0, 0
L -103.4932, -471.6524, -1.8938, -92.5109, -471.6526, -1.8938, 0, 0, 0
L -92.5109, -471.6526, -1.8928, -92.511, -477.4836, -1.8928, 0, 0, 0
L -91.1902, -477.4843, -1.8938, -90.2741, -478.2796, -1.8938, 0, 0, 0
L -90.2741, -478.2796, -1.8938, -90.275, -485.4375, -1.8938, 0, 0, 0
L -90.275, -485.4375, -1.8938, -91.1959, -486.242, -1.8938, 0, 0, 0
L -92.5112, -486.235, -1.8924, -92.5087, -502.6612, -1.8938, 0, 0, 0
L -92.5087, -502.6612, -1.8938, -43.9784, -551.21, -1.8938, 0, 0, 0
L -43.9784, -551.21, -1.8938, -27.6179, -551.2237, -1.8928, 0, 0, 0
L -27.6146, -563.6671, -1.8928, -27.6183, -550.276, -1.8938, 0, 0, 0
L -26.8207, -549.1163, -1.8938, -27.6183, -550.276, -1.8938, 0, 0, 0
L -26.8207, -549.1163, -1.8938, -19.6648, -549.1154, -1.8938, 0, 0, 0
L -19.6648, -549.1154, -1.8938, -18.8673, -550.303, -1.8938, 0, 0, 0
L -18.8673, -550.303, -1.8938, -18.8779, -563.6746, -1.8928, 0, 0, 0
L -18.8682, -551.2236, -1.8928, -12.9415, -551.2174, -1.8938, 0, 0, 0
L -12.9415, -551.2174, -1.8938, -12.9381, -562.205, -1.8938, 0, 0, 0
L -12.9381, -562.205, -1.8938, -18.8675, -562.2016, -1.8928, 0, 0, 0
L -18.8779, -563.6746, -1.8938, -19.664, -564.5795, -1.8938, 0, 0, 0
L -19.664, -564.5795, -1.8938, -26.827, -564.5787, -1.8938, 0, 0, 0
L -26.827, -564.5787, -1.8938, -27.6146, -563.6671, -1.8938, 0, 0, 0
L -27.6185, -562.2015, -1.8919, -48.5234, -562.2032, -1.8938, 0, 0, 0
L -48.5234, -562.2032, -1.8938, -103.4933, -507.2298, -1.8938, 0, 0, 0
L -103.4933, -507.2298, -1.8938, -103.4895, -486.2346, -1.8928, 0, 0, 0
L -104.8164, -477.4843, -1.8928, -91.1902, -477.4843, -1.8928, 0, 0, 0
L 12.9406, -562.2068, -1.8938, 12.9372, -551.2193, -1.8938, 0, 0, 0
L 12.9372, -551.2193, -1.8938, 18.8682, -551.2241, -1.8924, 0, 0, 0
L 18.8867, -563.6417, -1.8924, 18.8663, -550.307, -1.8938, 0, 0, 0
L 19.6646, -549.1155, -1.8938, 18.8663, -550.307, -1.8938, 0, 0, 0
L 19.6646, -549.1155, -1.8938, 26.8263, -549.1154, -1.8938, 0, 0, 0
L 26.8263, -549.1154, -1.8938, 27.6185, -550.312, -1.8938, 0, 0, 0
L 27.6185, -550.312, -1.8938, 27.6208, -563.6588, -1.8928, 0, 0, 0
L 27.6187, -551.2238, -1.8928, 43.9472, -551.2206, -1.8938, 0, 0, 0
L 43.9472, -551.2206, -1.8938, 92.4937, -502.6951, -1.8938, 0, 0, 0
L 92.4937, -502.6951, -1.8938, 92.5109, -486.235, -1.8928, 0, 0, 0
L 104.8375, -486.2282, -1.8928, 91.1219, -486.2359, -1.8938, 0, 0, 0
L 91.1219, -486.2359, -1.8938, 90.2804, -485.3998, -1.8938, 0, 0, 0
L 90.2804, -485.3998, -1.8938, 90.2802, -478.216, -1.8938, 0, 0, 0
L 90.2802, -478.216, -1.8938, 91.1945, -477.4834, -1.8938, 0, 0, 0
L 91.1945, -477.4834, -1.8938, 104.8443, -477.4954, -1.8928, 0, 0, 0
L 92.511, -477.4845, -1.8928, 92.5093, -471.653, -1.8938, 0, 0, 0
L 92.5093, -471.653, -1.8938, 103.4933, -471.6524, -1.8938, 0, 0, 0
L 103.4933, -471.6524, -1.8938, 103.4886, -477.4857, -1.892, 0, 0, 0
L 105.7437, -478.2814, -1.8938, 104.8443, -477.4954, -1.8938, 0, 0, 0
L 105.7437, -478.2814, -1.8938, 105.7437, -485.4361, -1.8938, 0, 0, 0
L 105.7437, -485.4361, -1.8938, 104.8375, -486.2282, -1.8938, 0, 0, 0
L 103.5254, -486.2355, -1.8938, 103.4874, -507.2348, -1.8938, 0, 0, 0
L 103.4874, -507.2348, -1.8928, 48.5255, -562.2052, -1.8938, 0, 0, 0
L 48.5255, -562.2052, -1.8938, 27.6177, -562.2018, -1.8928, 0, 0, 0
L 27.6208, -563.6588, -1.8938, 26.823, -564.5792, -1.8938, 0, 0, 0
L 26.823, -564.5792, -1.8938, 19.6282, -564.5791, -1.8938, 0, 0, 0
L 19.6282, -564.5791, -1.8938, 18.8867, -563.6417, -1.8938, 0, 0, 0
L 18.8432, -562.2025, -1.8938, 12.9406, -562.2068, -1.8938, 0, 0, 0
L -91.1882, -439.7486, -1.8938, -104.8354, -439.7389, -1.8928, 0, 0, 0
L -92.5113, -439.7477, -1.8928, -92.5032, -445.7726, -1.8938, 0, 0, 0
L -92.5032, -445.7726, -1.8938, -103.4933, -445.7717, -1.8938, 0, 0, 0
L -103.4933, -445.7717, -1.8938, -103.4891, -439.7477, -1.8928, 0, 0, 0
L -104.8354, -439.7389, -1.8938, -105.7382, -438.9495, -1.8938, 0, 0, 0
L -105.7382, -438.9495, -1.8938, -105.7386, -431.7946, -1.8938, 0, 0, 0
L -105.7386, -431.7946, -1.8938, -104.8221, -430.9966, -1.8938, 0, 0, 0
L -104.8221, -430.9966, -1.8938, -91.1787, -431.13, -1.8938, 0, 0, 0
L -103.498, -430.9972, -1.8938, -103.492, -396.473, -1.8928, 0, 0, 0
L -91.1681, -396.4528, -1.8928, -104.8209, -396.4751, -1.8938, 0, 0, 0
L -104.8209, -396.4751, -1.8938, -105.7389, -395.6784, -1.8938, 0, 0, 0
L -105.7389, -395.6784, -1.8938, -105.7382, -388.5156, -1.8938, 0, 0, 0
L -104.8226, -387.7239, -1.8938, -105.7382, -388.5156, -1.8938, 0, 0, 0
L -104.8226, -387.7239, -1.8938, -91.1877, -387.7228, -1.8919, 0, 0, 0
L -103.4886, -387.7237, -1.8919, -103.4929, -381.6542, -1.8938, 0, 0, 0
L -103.4929, -381.6542, -1.8938, -92.5071, -381.6521, -1.8938, 0, 0, 0
L -92.5071, -381.6521, -1.8938, -92.5108, -387.7237, -1.8928, 0, 0, 0
L -91.1877, -387.7228, -1.8938, -90.2746, -388.5194, -1.8938, 0, 0, 0
L -90.2746, -388.5194, -1.8938, -90.275, -395.6797, -1.8938, 0, 0, 0
L -91.1681, -396.4528, -1.8938, -90.275, -395.6797, -1.8938, 0, 0, 0
L -92.4865, -396.4735, -1.8938, -92.5113, -430.9974, -1.8928, 0, 0, 0
L -90.2749, -431.7946, -1.8938, -90.2747, -438.9495, -1.8938, 0, 0, 0
L -90.2747, -438.9495, -1.8938, -91.1882, -439.7486, -1.8938, 0, 0, 0
L -91.1787, -431.13, -1.8938, -90.2749, -431.7946, -1.8938, 0, 0, 0
L -26.8142, -437.2486, -1.5936, -26.8195, -428.9923, -1.8938, 64, 64, 64
L -26.8195, -428.9923, -1.5932, -18.5572, -428.9839, -1.595, 64, 64, 64
L -18.5572, -428.9839, -1.5936, -18.5572, -437.2474, -1.5941, 64, 64, 64
L -18.5572, -437.2474, -1.5945, -26.8142, -437.2486, -1.5947, 64, 64, 64
L -18.5572, -397.1537, -1.5939, -26.8196, -397.1598, -1.5958, 64, 64, 64
L -26.8113, -388.9041, -1.5911, -18.5591, -388.8888, -1.5981, 64, 64, 64
L -18.5591, -388.8888, -1.5932, -18.5572, -397.1537, -1.5933, 64, 64, 64
L -26.8113, -388.9041, -1.5932, -26.8196, -397.1598, -1.5944, 64, 64, 64
L 18.5477, -388.8969, -1.5944, 26.8154, -388.8951, -1.5947, 64, 64, 64
L 26.8176, -397.151, -1.5939, 18.5609, -397.1648, -1.5965, 64, 64, 64
L 18.5609, -397.1648, -1.5935, 18.5477, -388.8969, -1.5978, 64, 64, 64
L 26.8154, -388.8951, -1.5939, 26.8176, -397.151, -1.5941, 64, 64, 64
L 18.5516, -428.9913, -1.5939, 26.8149, -428.978, -1.5967, 64, 64, 64
L 26.8149, -428.978, -1.5939, 26.8197, -437.2502, -1.5949, 64, 64, 64
L 26.8197, -437.2502, -1.5956, 18.5599, -437.2475, -1.5947, 64, 64, 64
L 18.5599, -437.2475, -1.5933, 18.5516, -428.9913, -1.5951, 64, 64, 64
L 17.882, -430.7735, -1.8938, -17.8734, -430.7771, -1.8938, 64, 64, 64
L -17.8734, -430.7771, -1.8938, -17.8764, -395.5011, -1.8938, 64, 64, 64
L -17.8764, -395.5011, -1.8938, 17.8811, -395.4981, -1.8938, 64, 64, 64
L 17.8811, -395.4981, -1.8938, 17.882, -430.7735, -1.8938, 64, 64, 64
L 11.3963, -402.3616, 4.2621, -11.4075, -402.3577, 4.2602, 64, 64, 64
L -11.4075, -402.3577, 4.2609, -11.4063, -425.2142, 4.2609, 64, 64, 64
L -11.4063, -425.2142, 4.2617, 11.395, -425.1625, 4.2617, 64, 64, 64
L 11.395, -425.1625, 4.2607, 11.3963, -402.3616, 4.2607, 64, 64, 64
P 0.818, -616.73, 1.1277, 0, 127, 0, 2, Magus
P -100.632, -672.3125, -1.998, 0, 127, 0, 2, Priest_of_Discord(to_Dranik_Scar)
P 48.7421, -623.412, -0.1414, 0, 127, 0, 2, to_Guild_Hall
P -48.4525, -623.421, -0.1318, 0, 127, 0, 2, to_Guild_Hall
P -20.2072, 61.2899, 1.7551, 0, 127, 0, 3, to_Plane_of_Knowledge
P -293.201, -981.6037, -1.4077, 0, 127, 0, 3, to_Neighborhoods
P -140, -50, -1.8938, 0, 0, 0, 1, Map_by_Goodurden
P 191, -50, -1.8938, 0, 0, 0, 1, www.tinyurl.com/eqmappack
