L -341.8876, 404.4259, -30.4979, -326.409, 375.6358, -45.9979, 0, 0, 0
L -326.409, 375.6358, -45.9979, -338.145, 287.817, -46.2102, 0, 0, 0
L -338.145, 287.817, -45.9979, -316.2332, 249.721, -45.9969, 0, 0, 0
L -316.2332, 249.721, -51.9468, -349.8732, 210.4899, -60.3344, 0, 0, 0
L -349.8732, 210.4899, -60.9979, -355.76, 191.8018, -60.9979, 0, 0, 0
L -355.76, 191.8018, -60.9979, -345.5871, 179.1383, -60.9979, 0, 0, 0
L -308.9427, 169.199, -60.3631, -345.5871, 179.1383, -60.9906, 0, 0, 0
L -308.9427, 169.199, -51.7888, -273.262, 172.73, -39.1, 0, 0, 0
L -273.262, 172.73, -39.1, -232.9778, 164.6, -40.57, 0, 0, 0
L -232.9778, 164.6, -38.9979, -196.2259, 171.9479, -38.9979, 0, 0, 0
L -196.2259, 171.9479, -38.9979, -161.6451, 150.2454, -24.4219, 0, 0, 0
L -158.3679, 145.641, -24.1626, -163.6445, 145.646, -24.43, 0, 0, 0
L -163.6445, 145.646, -25.21, -163.6444, 141.3566, -25.2, 0, 0, 0
L -163.6444, 141.3566, -23.8937, -158.3333, 141.353, -23.8937, 0, 0, 0
L -158.3679, 145.641, -17.9026, -158.3333, 141.353, -21.4183, 0, 0, 0
L -161.6441, 145.6445, -24.1632, -161.6451, 150.2454, -24.1636, 0, 0, 0
L -158.3565, 144.2323, -17.8982, -75.6435, 144.233, 7.1052, 0, 0, 0
L -75.6196, 146.6331, 7.1052, -75.6722, 141.3562, 2.4039, 0, 0, 0
L -75.6722, 141.3562, 1.1062, -69.3551, 141.3532, 1.1062, 0, 0, 0
L -69.3551, 141.3532, 0.1062, -69.3533, 146.6462, 0.1062, 0, 0, 0
L -69.3533, 146.6462, 0.1062, -75.6196, 146.6331, 0.1062, 0, 0, 0
L -70.3554, 146.6442, 0.1062, -70.3426, 150.3559, 0.1062, 0, 0, 0
L -70.3426, 150.3559, 0.1062, -49.3485, 150.3529, 0.1062, 0, 0, 0
L -49.3485, 150.3529, 2.1783, -49.356, 171.3555, 0.1062, 0, 0, 0
L -49.356, 171.3555, 0.1062, -24.6434, 171.3565, 1.5898, 0, 0, 0
L -24.6314, 176.6393, 1.5898, -24.6458, 170.3571, 2.7084, 0, 0, 0
L -24.6458, 170.3571, 0.1062, -19.3562, 170.3528, 0.1062, 0, 0, 0
L -19.3562, 170.3528, 1.1062, -19.3549, 176.6469, 1.1062, 0, 0, 0
L -19.3549, 176.6469, 1.1767, -24.6314, 176.6393, 1.1351, 0, 0, 0
L -21.3561, 176.6441, 1.1351, -21.3551, 202.3562, 24.9396, 0, 0, 0
L -21.3551, 202.3562, 24.9396, -0.6593, 184.8804, 22.6696, 0, 0, 0
L -0.6441, 176.6442, 2.76, -0.6593, 184.8804, 3.2831, 0, 0, 0
L 3.6366, 176.6461, 2.762, -1.6425, 176.644, 2.727, 0, 0, 0
L -1.6425, 176.644, 1.1062, -1.6473, 170.3572, 1.1062, 0, 0, 0
L -1.6473, 170.3572, 0.1062, 3.6455, 170.3525, 0.1062, 0, 0, 0
L 3.6455, 170.3525, 0.1062, 3.6366, 176.6461, 0.1062, 0, 0, 0
L 3.644, 171.3557, 0.1062, 9.3558, 171.3557, 0.1062, 0, 0, 0
L 9.3558, 171.3557, 0.1062, 9.3553, 162.6436, 0.13, 0, 0, 0
L 14.6387, 162.5985, 0.13, 8.3576, 162.6522, 0.14, 0, 0, 0
L 8.3576, 162.6522, -0.5493, 8.3519, 157.3565, -0.701, 0, 0, 0
L 8.3519, 157.3565, 1.1062, 14.6475, 157.3523, 1.1062, 0, 0, 0
L 14.6475, 157.3523, 1.1589, 14.6387, 162.5985, 1.1368, 0, 0, 0
L 14.6441, 159.3562, 1.1368, 40.322, 159.3554, 11.761, 0, 0, 0
L 40.3558, 157.3584, 12.1061, 46.6482, 157.3511, 12.1061, 0, 0, 0
L 46.6482, 157.3511, 12.1565, 46.6439, 159.3559, 12.1364, 0, 0, 0
L 46.6439, 159.3559, 12.1364, 71.3555, 159.3557, 22.761, 0, 0, 0
L 71.3555, 159.3557, 22.761, 71.3522, 157.3559, 22.503, 0, 0, 0
L 40.3552, 159.356, 11.761, 40.3558, 157.3584, 11.647, 0, 0, 0
L 71.3522, 157.3559, 21.9837, 82.647, 157.3528, 22.1062, 0, 0, 0
L 82.647, 157.3528, 21.1062, 82.6441, 160.3563, 21.1061, 0, 0, 0
L 82.6441, 160.3563, 21.1061, 85.6479, 160.3542, 21.1062, 0, 0, 0
L 85.6415, 163.3434, 22.107, 85.6479, 160.3542, 22.157, 0, 0, 0
L 85.6415, 163.3434, 22.1062, 104.3556, 163.3557, 22.1061, 0, 0, 0
L 104.3556, 163.3557, 22.1061, 104.3545, 160.3548, 21.1065, 0, 0, 0
L 104.3545, 160.3548, 21.1062, 107.3552, 160.3558, 21.1061, 0, 0, 0
L 107.3552, 160.3558, 21.1061, 107.3555, 157.3536, 21.1062, 0, 0, 0
L 110.3756, 157.3576, 22.1071, 107.3555, 157.3536, 21.1062, 0, 0, 0
L 110.3756, 157.3576, 22.494, 110.3443, 138.6436, 22.1062, 0, 0, 0
L 110.3443, 138.6436, 22.1062, 107.3547, 138.6484, 22.1062, 0, 0, 0
L 107.3547, 138.6484, 21.1062, 107.3558, 135.6442, 21.1061, 0, 0, 0
L 107.3558, 135.6442, 21.1061, 104.3562, 135.6463, 21.1062, 0, 0, 0
L 104.3562, 135.6463, 22.1062, 104.3532, 124.3539, 22.1062, 0, 0, 0
L 104.3532, 124.3539, 21.1062, 107.355, 124.3559, 21.1061, 0, 0, 0
L 107.355, 124.3559, 21.1061, 107.3545, 121.3521, 21.1062, 0, 0, 0
L 107.3545, 121.3521, 21.1062, 110.3401, 121.3579, 22.1071, 0, 0, 0
L 110.3401, 121.3579, 22.1062, 110.3558, 102.644, 22.1061, 0, 0, 0
L 110.3558, 102.644, 22.1061, 107.3541, 102.6466, 22.1062, 0, 0, 0
L 107.3541, 102.6466, 21.1062, 107.3558, 99.644, 21.1061, 0, 0, 0
L 107.3558, 99.644, 21.1061, 104.3532, 99.6457, 21.1062, 0, 0, 0
L 104.3532, 99.6457, 21.1062, 104.3571, 96.6509, 22.1062, 0, 0, 0
L 104.3571, 96.6509, 21.6904, 85.644, 96.6443, 22.1061, 0, 0, 0
L 85.644, 96.6443, 22.1061, 85.6487, 99.6453, 22.1062, 0, 0, 0
L 85.6487, 99.6453, 21.1062, 82.6975, 99.6437, 21.1062, 0, 0, 0
L 82.6975, 99.6437, 21.1062, 82.5874, 102.6457, 21.1062, 0, 0, 0
L 79.6449, 102.6431, 22.1071, 82.5874, 102.6457, 21.1063, 0, 0, 0
L 79.644, 121.3558, 22.1061, 79.6449, 102.6431, 21.6599, 0, 0, 0
L 79.6441, 121.3554, 22.1061, 82.646, 121.353, 22.1022, 0, 0, 0
L 82.646, 121.353, 21.1062, 82.6441, 124.3203, 21.1062, 0, 0, 0
L 82.6441, 124.3203, 21.1062, 85.6436, 124.4162, 21.1062, 0, 0, 0
L 85.6436, 124.4162, 22.1062, 85.6469, 135.6366, 22.1062, 0, 0, 0
L 85.6469, 135.6366, 21.1062, 82.6441, 135.6681, 21.1062, 0, 0, 0
L 82.6441, 135.6681, 21.1062, 82.6482, 139.6436, 21.1062, 0, 0, 0
L 82.6482, 139.6436, 22.1062, 71.3542, 139.6451, 22.1062, 0, 0, 0
L 71.3542, 139.6451, 21.1334, 71.3555, 138.644, 21.1264, 0, 0, 0
L 71.3555, 138.644, 21.1264, 46.645, 138.6442, 13.861, 0, 0, 0
L 46.645, 138.6442, 13.861, 46.6475, 139.6442, 13.822, 0, 0, 0
L 46.6475, 139.6442, 12.1061, 40.3556, 139.6458, 12.1061, 0, 0, 0
L 40.3556, 139.6458, 10.1312, 40.3556, 138.6435, 10.1265, 0, 0, 0
L 40.3556, 138.6435, 10.1265, 14.644, 138.6631, 2.767, 0, 0, 0
L 14.6212, 134.3865, 2.767, 14.6494, 139.6442, 2.752, 0, 0, 0
L 14.6494, 139.6442, 1.964, 8.356, 139.6458, 1.1062, 0, 0, 0
L 8.356, 139.6458, 0.1062, 8.3536, 134.3503, 0.1062, 0, 0, 0
L 14.6212, 134.3865, 0.1062, 8.3536, 134.3503, 0.1062, 0, 0, 0
L 9.3554, 134.2927, 0.1062, 9.3558, 115.644, 0.1062, 0, 0, 0
L 9.3558, 115.644, 0.1062, -11.6448, 115.645, -1.1361, 0, 0, 0
L -11.6448, 115.645, 0.1062, -11.6442, 94.644, 0.1062, 0, 0, 0
L -11.6442, 94.644, 0.1062, -14.3562, 94.644, 0.1062, 0, 0, 0
L -14.4642, 84.3536, 0.1062, -14.3458, 95.6443, 0.1062, 0, 0, 0
L -14.3458, 95.6443, 0.1062, -19.6434, 95.6454, 0.1062, 0, 0, 0
L -19.6434, 95.6454, 1.1062, -19.6466, 84.3563, 1.1062, 0, 0, 0
L -19.6466, 84.3563, 0.1062, -14.4642, 84.3536, 0.1062, 0, 0, 0
L -14.3554, 85.3559, 0.1062, -9.6441, 85.3558, 0.1062, 0, 0, 0
L -9.6441, 85.3558, 0.1062, -9.6453, 82.3554, 0.1062, 0, 0, 0
L -9.6453, 82.3554, 0.1062, -6.7133, 82.3555, 0.1062, 0, 0, 0
L -6.7133, 82.3555, 0.1062, -6.6589, 66.2034, 4.4119, 0, 0, 0
L -6.6589, 66.2034, 4.4119, -27.6456, 39.2212, 0.1062, 0, 0, 0
L -27.6456, 39.2212, 0.1062, -27.6474, 11.3559, 0.91, 0, 0, 0
L -27.6474, 11.3559, 0.1062, -5.6437, 11.3399, 0.1062, 0, 0, 0
L -5.6437, 11.3399, 0.1062, -5.6462, 8.3529, 0.1062, 0, 0, 0
L -5.6462, 8.3529, 1.1062, 5.6463, 8.3589, 1.1062, 0, 0, 0
L 5.6463, 8.3589, -0.8938, 5.644, 10.3559, -0.8938, 0, 0, 0
L 5.644, 10.3559, -0.8938, 31.3566, 10.3533, 23.9404, 0, 0, 0
L 31.3566, 10.3533, 23.9404, 31.3565, 9.121, 25.9561, 0, 0, 0
L 31.356, 9.921, 25.9554, 13.6752, -10.3527, 20.607, 0, 0, 0
L 13.6752, -10.3527, 20.607, 5.6437, -10.353, 0.2708, 0, 0, 0
L 5.6437, -10.353, 0.2708, 5.657, -9.3549, 0.1356, 0, 0, 0
L 5.657, -9.3549, 0.1062, -5.6471, -9.3547, 1.1062, 0, 0, 0
L -5.6471, -9.3547, 0.1062, -5.644, -11.3562, 0.1062, 0, 0, 0
L -5.644, -11.3562, 0.1062, -27.6448, -11.355, 0.1062, 0, 0, 0
L -27.6448, -11.355, 0.1062, -27.6483, -32.2132, 0.1062, 0, 0, 0
L -27.6483, -32.2132, 0.1062, -6.6433, -59.2406, 0.1062, 0, 0, 0
L -6.6433, -59.2406, 0.1062, -6.6443, -74.3247, -0.5026, 0, 0, 0
L -6.6443, -74.3247, -0.5026, -10.6427, -74.3917, -1.1774, 0, 0, 0
L -10.6427, -74.3917, -2.32, -10.6521, -78.3559, -0.2542, 0, 0, 0
L -10.6521, -78.3559, -0.2542, -19.6439, -78.3558, -0.2543, 0, 0, 0
L -19.6439, -78.3558, 1.1062, -19.6493, -88.6469, 1.1062, 0, 0, 0
L -19.6493, -88.6469, 0.1346, -17.6437, -88.6444, 0.1264, 0, 0, 0
L -17.6437, -88.6444, 0.1264, -17.6446, -113.3558, -7.9139, 0, 0, 0
L -17.6446, -113.3558, -7.9139, -18.6433, -113.3521, -7.9269, 0, 0, 0
L -18.6433, -113.3521, -8.8938, -18.6468, -119.6449, -8.8938, 0, 0, 0
L -18.6468, -119.6449, -10.859, -17.6437, -119.6444, -10.8735, 0, 0, 0
L -17.6437, -119.6444, -10.8735, -17.6442, -145.3555, -18.9139, 0, 0, 0
L -13.3712, -145.3457, -18.9139, -18.6429, -145.3576, -18.9159, 0, 0, 0
L -18.6429, -145.3576, -19.8937, -18.6467, -151.6436, -19.8937, 0, 0, 0
L -18.6467, -151.6436, -20.8937, -13.3528, -151.6467, -20.8937, 0, 0, 0
L -13.3528, -151.6467, -20.8937, -13.3712, -145.3457, -20.8937, 0, 0, 0
L -13.3558, -150.644, -20.8937, -7.6441, -150.6442, -20.8937, 0, 0, 0
L -7.6441, -150.6442, -20.8937, -7.6448, -159.3362, -20.8937, 0, 0, 0
L -8.6422, -159.3426, -21.6169, -8.6473, -164.6458, -21.7003, 0, 0, 0
L -8.6473, -164.6458, -19.8937, -2.3544, -164.6442, -19.8937, 0, 0, 0
L -2.3578, -159.4259, -20.9985, -8.6422, -159.3426, -20.9985, 0, 0, 0
L -2.3544, -164.6442, -19.8222, -2.3578, -159.4259, -19.8634, 0, 0, 0
L 23.3533, -164.6447, -8.8938, 29.6464, -164.6461, -8.8938, 0, 0, 0
L 29.6464, -164.6461, -8.843, 29.6444, -162.6435, -8.8633, 0, 0, 0
L 54.3569, -161.7684, 1.769, 54.353, -164.6436, 1.496, 0, 0, 0
L 23.3557, -162.6442, -9.9238, 23.3533, -164.6447, -9.9352, 0, 0, 0
L 54.353, -164.6436, 1.1062, 60.6452, -164.646, 1.1062, 0, 0, 0
L 60.6452, -164.646, 1.8403, 60.6433, -161.7683, 7.1074, 0, 0, 0
L 143.3545, -161.7659, 31.3015, 143.3485, -164.6432, 27.6511, 0, 0, 0
L 143.3485, -164.6432, 27.66, 148.6461, -164.6478, 27.741, 0, 0, 0
L 148.6461, -164.6478, 25.1062, 148.6433, -161.7658, 25.1061, 0, 0, 0
L 253.6447, -161.763, 25.1062, 253.6437, -143.654, 25.1062, 0, 0, 0
L 253.6437, -143.654, 25.1062, 255.6427, -143.6365, 25.1062, 0, 0, 0
L 255.6427, -143.6365, 27.741, 255.649, -134.3543, 27.74, 0, 0, 0
L 255.649, -134.3543, 25.1062, 254.6442, -134.3557, 25.1061, 0, 0, 0
L 254.6442, -134.3557, 25.1061, 254.6757, -89.6441, 25.1062, 0, 0, 0
L 254.6757, -89.6441, 25.1062, 278.3559, -89.6447, 25.1061, 0, 0, 0
L 278.3675, -85.3542, 25.1061, 278.353, -90.6457, 25.1062, 0, 0, 0
L 278.353, -90.6457, 25.1062, 282.6422, -90.644, 25.1062, 0, 0, 0
L 282.6422, -90.644, 26.1062, 282.6478, -85.3562, 26.1062, 0, 0, 0
L 282.6478, -85.3562, 25.1062, 278.3675, -85.3542, 25.1062, 0, 0, 0
L 278.3487, -86.356, 25.1062, 257.6442, -86.3558, 25.1061, 0, 0, 0
L 257.6442, -86.3558, 25.1061, 283.7303, 28.2703, 25.1062, 0, 0, 0
L 271.4538, -25.6742, 25.1062, 284.6433, -25.6405, 25.1062, 0, 0, 0
L 284.6433, -25.6405, 25.1062, 284.6458, -20.354, 25.1062, 0, 0, 0
L 284.6458, -20.354, 25.1062, 272.6641, -20.3562, 25.1061, 0, 0, 0
L 283.7303, 28.2703, 25.1062, 318.3548, 28.3557, 24.7456, 0, 0, 0
L 318.3322, 32.6486, 24.7456, 318.36, 27.3545, 24.6578, 0, 0, 0
L 318.36, 27.3545, 24.1369, 322.6431, 27.3554, 24.137, 0, 0, 0
L 322.6431, 27.3554, 26.1062, 322.6458, 32.6437, 26.1062, 0, 0, 0
L 322.6458, 32.6437, 25.1062, 318.3322, 32.6486, 25.1061, 0, 0, 0
L 321.644, 32.6448, 25.1061, 321.644, 51.3552, 25.1061, 0, 0, 0
L 321.644, 51.3552, 25.1061, 348.6442, 51.3522, 25.1062, 0, 0, 0
L 348.6442, 51.3522, 25.1062, 348.6442, 76.3101, 25.1062, 0, 0, 0
L 350.6413, 76.3461, 26.1071, 350.6462, 86.6444, 26.1062, 0, 0, 0
L 348.6442, 76.3559, 25.1061, 350.6413, 76.3461, 25.1062, 0, 0, 0
L 350.6462, 86.6444, 25.1062, 236.6441, 86.6443, 27.3169, 0, 0, 0
L 239.6441, 86.6443, 25.1061, 239.6466, 89.6319, 25.1062, 0, 0, 0
L 239.6466, 89.6319, 25.1062, 236.6442, 89.6761, 25.1062, 0, 0, 0
L 236.6441, 86.6443, 25.1062, 236.6456, 136.6422, 25.1061, 0, 0, 0
L 236.6454, 133.3557, 25.1061, 240.6444, 133.3451, 25.1062, 0, 0, 0
L 240.6444, 133.3451, 25.1062, 240.6476, 139.3106, 25.1062, 0, 0, 0
L 236.6456, 136.6422, 25.1062, 263.6467, 154.6463, 25.1062, 0, 0, 0
L 263.6467, 154.6463, 25.1062, 263.6363, 184.6742, 25.1061, 0, 0, 0
L 263.6444, 161.3557, 25.1061, 265.6456, 161.3543, 25.1062, 0, 0, 0
L 265.6456, 161.3543, 25.1062, 265.6435, 166.6462, 25.1062, 0, 0, 0
L 265.6435, 166.6462, 25.5572, 263.6438, 166.6441, 26.417, 0, 0, 0
L 263.6363, 184.6742, 29.4542, 275.3686, 194.3541, 25.1062, 0, 0, 0
L 275.3686, 194.3541, 25.1062, 321.6449, 194.3558, 25.1062, 0, 0, 0
L 321.6449, 194.3558, 26.1062, 321.6469, 204.6482, 26.1062, 0, 0, 0
L 318.641, 204.644, 26.1365, 321.6469, 204.6482, 26.1617, 0, 0, 0
L 318.6442, 259.3557, 47.76, 320.6442, 259.3521, 47.335, 0, 0, 0
L 320.6442, 259.3521, 46.9827, 320.6472, 265.6451, 47.106, 0, 0, 0
L 320.6472, 265.6451, 46.106, 318.6442, 265.6442, 46.106, 0, 0, 0
L 318.6451, 290.2296, 46.106, 318.641, 204.644, 46.106, 0, 0, 0
L 315.3598, 290.36, 46.106, 320.644, 290.353, 46.7689, 0, 0, 0
L 320.644, 290.353, 47.106, 320.6447, 296.6447, 47.106, 0, 0, 0
L 320.6447, 296.6447, 46.3704, 315.3546, 296.6451, 47.2344, 0, 0, 0
L 315.3546, 296.6451, 47.1178, 315.3598, 290.36, 46.9121, 0, 0, 0
L 315.3555, 295.644, 46.9121, 312.6442, 295.6438, 48.1632, 0, 0, 0
L 312.6442, 295.6438, 48.1632, 312.6442, 331.3557, 47.7312, 0, 0, 0
L 308.3539, 331.3645, 47.7312, 313.6431, 331.3537, 47.7182, 0, 0, 0
L 313.6431, 331.3537, 46.9493, 313.6469, 335.6428, 46.621, 0, 0, 0
L 313.6469, 335.6428, 47.106, 308.3561, 335.6469, 47.1058, 0, 0, 0
L 308.3561, 335.6469, 46.106, 308.3539, 331.3645, 46.106, 0, 0, 0
L 308.3541, 331.6442, 46.1071, 306.3525, 331.6458, 46.106, 0, 0, 0
L 306.3525, 331.6458, 46.1062, 306.3552, 328.644, 46.106, 0, 0, 0
L 306.3552, 328.644, 46.106, 298.3548, 328.6447, 46.106, 0, 0, 0
L 298.3548, 328.6447, 46.106, 298.3548, 325.3543, 46.106, 0, 0, 0
L 298.3548, 325.3543, 46.106, 309.3557, 325.3555, 46.106, 0, 0, 0
L 309.3557, 325.3555, 46.106, 309.3557, 249.2598, 46.106, 0, 0, 0
L 309.3557, 253.6442, 46.106, 306.3534, 253.6477, 46.106, 0, 0, 0
L 306.3534, 253.6477, 46.106, 306.3562, 251.4123, 46.106, 0, 0, 0
L 309.3557, 249.2598, 46.106, 264.6866, 281.3156, 47.4343, 0, 0, 0
L 267.644, 279.1934, 47.4343, 267.6476, 283.6444, 48.9365, 0, 0, 0
L 267.6476, 283.6444, 49.904, 264.6845, 283.6435, 51.3552, 0, 0, 0
L 264.6866, 281.3156, 51.3552, 264.6449, 325.3557, 46.106, 0, 0, 0
L 264.6449, 325.3557, 46.106, 279.6444, 325.3537, 46.106, 0, 0, 0
L 279.6444, 325.3537, 46.106, 279.6453, 328.6456, 46.106, 0, 0, 0
L 279.6453, 328.6456, 45.9352, 264.6435, 328.6435, 45.9356, 0, 0, 0
L 267.6988, 328.644, 45.9356, 267.5962, 331.6458, 45.5084, 0, 0, 0
L 267.5962, 331.6458, 45.789, 264.6437, 331.6442, 46.11, 0, 0, 0
L 264.6435, 328.6435, 46.11, 264.6451, 377.3559, 46.106, 0, 0, 0
L 260.3537, 377.4024, 46.106, 265.6447, 377.3451, 46.106, 0, 0, 0
L 265.6464, 381.6433, 46.106, 265.6447, 377.3451, 46.106, 0, 0, 0
L 265.6464, 381.6433, 47.106, 260.3564, 381.6458, 47.106, 0, 0, 0
L 260.3564, 381.6458, 46.106, 260.3537, 377.4024, 46.106, 0, 0, 0
L 261.3555, 377.35, 46.106, 261.3557, 353.6442, 46.106, 0, 0, 0
L 261.3557, 353.6442, 46.106, 206.3549, 353.644, 46.106, 0, 0, 0
L 206.3549, 353.644, 46.106, 206.3539, 349.3534, 46.106, 0, 0, 0
L 216.6242, 349.3777, 45.8438, 206.3539, 349.3534, 45.8427, 0, 0, 0
L 207.3558, 349.355, 45.843, 207.3557, 338.6784, 45.74, 0, 0, 0
L 207.3557, 338.6784, 45.74, 204.3541, 338.5595, 45.2239, 0, 0, 0
L 204.3541, 338.5595, 45.2205, 204.3547, 333.3535, 46.221, 0, 0, 0
L 204.3547, 333.3535, 46.106, 205.9782, 333.3562, 46.106, 0, 0, 0
L 205.9782, 333.3562, 46.106, 187.3545, 308.2923, 46.106, 0, 0, 0
L 189.1022, 310.6444, 46.106, 185.356, 310.6456, 46.106, 0, 0, 0
L 185.356, 310.6456, 46.106, 185.3532, 305.3541, 46.1069, 0, 0, 0
L 185.3532, 305.3541, 46.106, 187.3548, 305.3557, 46.106, 0, 0, 0
L 187.3545, 308.2923, 46.106, 187.3565, 287.3561, 46.106, 0, 0, 0
L 187.3565, 287.3561, 46.106, 176.8028, 277.6897, 47.2629, 0, 0, 0
L 176.8028, 277.6897, 47.2629, 90.6479, 277.608, 46.106, 0, 0, 0
L 90.6479, 277.608, 46.106, 90.6435, 310.6447, 46.106, 0, 0, 0
L 90.6441, 305.3553, 46.106, 94.6435, 305.3541, 46.106, 0, 0, 0
L 94.6435, 305.3541, 46.106, 94.647, 310.6451, 46.106, 0, 0, 0
L 94.647, 310.6451, 46.106, 86.6902, 310.6442, 46.106, 0, 0, 0
L 86.6902, 310.6442, 45.9333, 47.6452, 333.794, 45.5302, 0, 0, 0
L 47.6452, 333.794, 46.106, 47.6452, 339.6453, 46.106, 0, 0, 0
L 47.6452, 339.6453, 46.106, 43.6439, 339.6442, 46.106, 0, 0, 0
L 43.6439, 339.6442, 46.106, 43.6407, 354.6433, 46.109, 0, 0, 0
L 43.6407, 354.6433, 47.106, 33.3562, 354.6465, 47.106, 0, 0, 0
L 33.3562, 354.6465, 45.1199, 33.3537, 349.3509, 45.1195, 0, 0, 0
L 33.3537, 349.3509, 45.3958, 43.6418, 349.4033, 45.4988, 0, 0, 0
L 34.3552, 349.3559, 45.4988, 34.3558, 342.644, 46.106, 0, 0, 0
L 34.3558, 342.644, 46.106, 13.353, 342.6446, 46.106, 0, 0, 0
L 13.353, 342.6446, 46.106, 13.3557, 321.6442, 46.106, 0, 0, 0
L 13.3557, 321.6442, 46.106, 10.644, 321.6446, 46.106, 0, 0, 0
L 10.644, 321.6446, 46.106, 10.6462, 322.6449, 46.106, 0, 0, 0
L 10.6462, 322.6449, 48.1927, -17.6476, 322.644, 46.106, 0, 0, 0
L -17.6476, 322.644, 46.106, -17.6442, 321.644, 46.106, 0, 0, 0
L -17.6442, 321.644, 46.106, -21.3558, 321.644, 46.106, 0, 0, 0
L -21.3558, 321.644, 46.106, -21.3554, 342.6458, 46.106, 0, 0, 0
L -21.3554, 342.6458, 46.106, -42.356, 342.6447, 46.106, 0, 0, 0
L -42.356, 342.6447, 46.106, -42.3558, 367.3552, 46.106, 0, 0, 0
L -47.6398, 367.3441, 46.106, -41.3551, 367.3575, 46.106, 0, 0, 0
L -41.3551, 367.3575, 46.106, -41.3551, 372.6437, 46.106, 0, 0, 0
L -41.3551, 372.6437, 47.106, -47.6462, 372.6462, 47.2286, 0, 0, 0
L -47.6462, 372.6462, 47.1614, -47.6398, 367.3441, 47.137, 0, 0, 0
L -47.6439, 370.6924, 47.137, -73.3563, 370.6447, 70.9398, 0, 0, 0
L -73.3563, 370.6447, 70.9398, -55.6218, 391.3548, 67.43, 0, 0, 0
L -55.6218, 391.3548, 67.43, -47.6441, 391.3559, 48.763, 0, 0, 0
L -47.639, 395.6449, 48.763, -47.6454, 390.3548, 48.724, 0, 0, 0
L -47.6454, 390.3548, 47.106, -41.3554, 390.3541, 47.106, 0, 0, 0
L -41.3554, 390.3541, 46.106, -41.3543, 395.6442, 46.106, 0, 0, 0
L -41.3543, 395.6442, 46.106, -47.639, 395.6449, 46.106, 0, 0, 0
L -42.3558, 395.6442, 46.106, -42.3562, 401.3292, 46.106, 0, 0, 0
L -42.3562, 401.3292, 46.106, -33.6439, 401.355, 46.13, 0, 0, 0
L -33.5962, 406.6413, 46.13, -33.6529, 400.3562, 46.13, 0, 0, 0
L -33.6529, 400.3562, 45.365, -28.355, 400.3541, 45.2997, 0, 0, 0
L -28.355, 400.3541, 47.106, -28.354, 406.6458, 47.106, 0, 0, 0
L -28.354, 406.6458, 47.1741, -33.5962, 406.6413, 47.1364, 0, 0, 0
L -30.3557, 406.644, 47.1364, -30.3318, 463.3557, 68.751, 0, 0, 0
L -33.596, 463.3591, 68.751, -28.3543, 463.3537, 68.681, 0, 0, 0
L -28.3543, 463.3537, 68.106, -28.3546, 474.6474, 68.106, 0, 0, 0
L -33.6478, 474.6422, 67.106, -28.3546, 474.6474, 67.106, 0, 0, 0
L -33.6478, 474.6422, 67.106, -33.596, 463.3591, 67.106, 0, 0, 0
L -33.6433, 473.6496, 67.106, -61.6854, 473.6431, 67.106, 0, 0, 0
L -61.6854, 473.6431, 67.106, -72.2938, 483.228, 67.106, 0, 0, 0
L -72.2938, 483.228, 67.106, -72.3915, 513.3612, 67.106, 0, 0, 0
L -72.3559, 502.3552, 67.106, -67.3559, 502.3537, 67.106, 0, 0, 0
L -67.3559, 502.3537, 67.106, -67.3533, 507.6458, 67.106, 0, 0, 0
L -67.3533, 507.6458, 67.106, -72.3093, 507.6437, 67.106, 0, 0, 0
L -72.3915, 513.3612, 65.2972, -96.3558, 531.3201, 66.8979, 0, 0, 0
L -92.358, 535.6443, 67.106, -92.3511, 528.3189, 67.106, 0, 0, 0
L -92.358, 535.6443, 67.106, -96.3558, 535.644, 67.106, 0, 0, 0
L -96.3558, 531.3201, 67.106, -96.3558, 582.3586, 70.4984, 0, 0, 0
L -96.3558, 578.3558, 70.4984, -93.3387, 578.3536, 70.286, 0, 0, 0
L -93.3387, 578.3536, 69.4334, -93.3559, 582.3559, 68.692, 0, 0, 0
L -96.3558, 582.3586, 68.692, 47.356, 582.2258, 67.106, 0, 0, 0
L -62.6443, 582.3274, 67.106, -62.6445, 582.1326, 67.106, 0, 0, 0
L 47.356, 582.2258, 67.106, 47.3564, 483.2853, 68.551, 0, 0, 0
L 47.3564, 483.2853, 68.551, 36.718, 473.6433, 67.106, 0, 0, 0
L 36.718, 473.6433, 67.106, -5.3543, 473.6478, 67.106, 0, 0, 0
L -5.3631, 463.3661, 67.1059, -5.3535, 474.6469, 67.106, 0, 0, 0
L -10.6434, 474.6444, 67.106, -5.3535, 474.6469, 67.106, 0, 0, 0
L -10.6434, 474.6444, 68.106, -10.647, 463.3534, 68.106, 0, 0, 0
L -5.3631, 463.3661, 67.1263, -10.647, 463.3534, 67.1393, 0, 0, 0
L -9.6442, 463.3557, 67.1263, -9.644, 406.6614, 48.861, 0, 0, 0
L -10.644, 406.6465, 47.106, -10.6473, 400.3562, 47.106, 0, 0, 0
L -5.3692, 406.634, 48.861, -10.644, 406.6465, 48.842, 0, 0, 0
L -10.6473, 400.3562, 46.106, -5.3532, 400.3535, 46.106, 0, 0, 0
L -5.3692, 406.634, 46.106, -5.3532, 400.3535, 46.106, 0, 0, 0
L -5.3556, 401.3557, 46.106, 15.6868, 401.3562, 46.106, 0, 0, 0
L 15.6868, 401.3562, 46.106, 34.3537, 380.1091, 46.106, 0, 0, 0
L 34.3537, 380.1091, 46.106, 34.3552, 377.6437, 46.106, 0, 0, 0
L 44.6456, 377.61, 46.106, 33.3564, 377.6471, 46.106, 0, 0, 0
L 33.3564, 377.6471, 46.106, 33.3545, 372.3548, 46.106, 0, 0, 0
L 33.3545, 372.3548, 47.106, 44.6437, 372.3539, 47.106, 0, 0, 0
L 44.6437, 372.3539, 46.1071, 44.6482, 385.3561, 46.106, 0, 0, 0
L 44.6482, 385.3561, 46.106, 203.3556, 385.3319, 45.4891, 0, 0, 0
L 203.3556, 385.3319, 45.4891, 203.3492, 381.3544, 44.7134, 0, 0, 0
L 203.3492, 381.3544, 44.1486, 207.3559, 381.355, 45.7458, 0, 0, 0
L 207.3559, 381.355, 45.7458, 207.3557, 377.6435, 45.7456, 0, 0, 0
L 216.6313, 377.615, 45.7456, 206.3563, 377.6467, 45.5069, 0, 0, 0
L 206.3563, 377.6467, 45.1372, 206.3534, 372.3568, 45.1366, 0, 0, 0
L 206.3534, 372.3568, 47.106, 216.6517, 372.351, 47.106, 0, 0, 0
L 216.6444, 353.7189, 46.106, 216.6242, 349.3777, 46.106, 0, 0, 0
L 216.6313, 377.615, 46.106, 216.6517, 372.351, 46.106, 0, 0, 0
L 216.6448, 374.3559, 46.106, 241.6442, 374.355, 46.106, 0, 0, 0
L 241.6442, 374.355, 46.106, 241.6494, 401.3512, 46.106, 0, 0, 0
L 241.6494, 401.3512, 52.8564, 260.3557, 401.3557, 46.106, 0, 0, 0
L 260.362, 404.6372, 46.106, 260.3539, 400.3566, 46.106, 0, 0, 0
L 260.3539, 400.3566, 47.106, 265.6442, 400.3539, 47.878, 0, 0, 0
L 265.6442, 400.3539, 46.106, 265.6451, 404.6458, 46.106, 0, 0, 0
L 265.6451, 404.6458, 46.106, 260.362, 404.6372, 46.106, 0, 0, 0
L 264.6438, 404.6442, 46.106, 264.6458, 430.3383, 46.7, 0, 0, 0
L 264.6456, 427.3557, 46.7, 267.646, 427.3521, 45.6509, 0, 0, 0
L 267.646, 427.3521, 45.5005, 267.6442, 430.3387, 45.8937, 0, 0, 0
L 264.6458, 430.3383, 45.8937, 309.3016, 430.3442, 46.106, 0, 0, 0
L 306.3559, 430.3437, 46.106, 306.351, 427.3525, 46.106, 0, 0, 0
L 306.351, 427.3525, 47.106, 309.3038, 427.3557, 46.106, 0, 0, 0
L 309.3016, 430.3442, 46.106, 309.355, 358.644, 46.106, 0, 0, 0
L 313.6471, 358.6385, 46.106, 308.3553, 358.6453, 46.106, 0, 0, 0
L 308.3553, 358.6453, 46.106, 308.353, 354.3548, 46.106, 0, 0, 0
L 308.353, 354.3548, 47.758, 313.6435, 354.353, 47.106, 0, 0, 0
L 313.6435, 354.353, 46.106, 313.6471, 358.6385, 46.106, 0, 0, 0
L 312.644, 358.6442, 46.106, 312.6446, 360.3562, 46.106, 0, 0, 0
L 312.6446, 360.3562, 46.106, 351.3387, 360.3557, 46.106, 0, 0, 0
L 351.3387, 360.3557, 46.106, 351.3557, 334.644, 46.106, 0, 0, 0
L 350.3532, 330.3568, 47.106, 355.6464, 330.3527, 47.106, 0, 0, 0
L 354.644, 334.6258, 46.106, 354.644, 368.3555, 47.3014, 0, 0, 0
L 354.644, 365.3553, 47.3014, 357.6465, 365.3523, 46.7363, 0, 0, 0
L 357.6465, 365.3523, 45.5005, 357.6442, 368.3555, 45.8986, 0, 0, 0
L 354.644, 368.3555, 45.8986, 405.6419, 368.3555, 46.106, 0, 0, 0
L 398.3557, 368.3555, 46.106, 398.3501, 364.3561, 46.106, 0, 0, 0
L 398.3501, 364.3561, 46.106, 405.6447, 364.3539, 47.106, 0, 0, 0
L 424.3566, 338.3555, 46.106, 424.3478, 365.3523, 46.106, 0, 0, 0
L 424.3566, 338.3555, 46.106, 449.3557, 338.3557, 46.106, 0, 0, 0
L 343.6442, 296.6451, 46.106, 343.6442, 290.3559, 46.106, 0, 0, 0
L 343.6442, 295.6438, 46.106, 351.3559, 295.6444, 46.106, 0, 0, 0
L 351.3559, 295.6444, 46.106, 351.3552, 307.3559, 46.106, 0, 0, 0
L 355.6476, 307.3638, 46.106, 350.3562, 307.3539, 46.106, 0, 0, 0
L 350.3562, 307.3539, 46.106, 350.3534, 311.6446, 46.106, 0, 0, 0
L 350.3534, 311.6446, 47.106, 355.6426, 311.6465, 47.106, 0, 0, 0
L 355.6426, 311.6465, 46.106, 355.6476, 307.3638, 46.106, 0, 0, 0
L 354.6442, 307.3557, 46.106, 354.6453, 281.6442, 46.7, 0, 0, 0
L 354.6453, 284.6442, 46.7, 357.6113, 284.6462, 45.7543, 0, 0, 0
L 357.6113, 284.6462, 45.6146, 357.6673, 281.6442, 45.9363, 0, 0, 0
L 354.6453, 281.6442, 45.9363, 401.3566, 281.6444, 46.106, 0, 0, 0
L 398.2894, 281.6444, 46.106, 398.3996, 284.6471, 46.106, 0, 0, 0
L 398.3996, 284.6471, 46.106, 401.3559, 284.6438, 46.106, 0, 0, 0
L 401.3566, 281.6444, 46.106, 401.3419, 341.3559, 46.106, 0, 0, 0
L 405.6431, 341.2918, 46.106, 400.3568, 341.3706, 46.106, 0, 0, 0
L 400.3568, 341.3706, 46.106, 400.3525, 345.6442, 46.106, 0, 0, 0
L 400.3525, 345.6442, 46.106, 405.646, 345.6442, 47.106, 0, 0, 0
L 404.644, 341.3557, 46.106, 404.644, 317.644, 46.106, 0, 0, 0
L 405.6419, 368.3555, 46.106, 405.6447, 364.3539, 46.106, 0, 0, 0
L 405.6442, 365.3557, 46.106, 424.3478, 365.3523, 48.3359, 0, 0, 0
L 405.6431, 341.2918, 46.106, 405.646, 345.6442, 46.106, 0, 0, 0
L 404.644, 317.6447, 46.106, 449.3557, 317.6447, 46.106, 0, 0, 0
L 449.3557, 317.6447, 46.106, 449.3539, 318.6446, 46.106, 0, 0, 0
L 449.3539, 318.6446, 47.1347, 458.641, 318.6467, 47.106, 0, 0, 0
L 458.6447, 316.6442, 46.106, 458.641, 318.6467, 46.106, 0, 0, 0
L 458.6437, 316.6442, 46.106, 514.2925, 316.6508, 46.106, 0, 0, 0
L 514.2925, 316.6508, 46.106, 542.6455, 282.2377, 46.106, 0, 0, 0
L 542.6455, 282.2377, 46.7055, 542.6444, 220.6442, 46.106, 0, 0, 0
L 542.6444, 220.6442, 46.106, 544.644, 220.6474, 46.106, 0, 0, 0
L 544.644, 220.6474, 47.106, 544.6449, 211.3563, 47.106, 0, 0, 0
L 544.6449, 211.3563, 46.106, 543.644, 211.3552, 46.106, 0, 0, 0
L 543.644, 211.3552, 46.106, 543.6494, 155.6441, 45.1242, 0, 0, 0
L 540.4058, 155.6355, 46.106, 545.6395, 155.6494, 46.106, 0, 0, 0
L 545.6395, 155.6494, 47.106, 545.647, 145.3564, 47.106, 0, 0, 0
L 545.647, 145.3564, 46.106, 540.3501, 145.3541, 46.106, 0, 0, 0
L 516.6468, 146.3557, 46.106, 516.6476, 106.6439, 46.106, 0, 0, 0
L 516.6468, 146.3557, 46.106, 540.3306, 146.3555, 46.106, 0, 0, 0
L 540.4058, 155.6355, 46.106, 540.3501, 145.3541, 46.106, 0, 0, 0
L 511.3022, 106.6106, 48.861, 511.3652, 101.3558, 48.801, 0, 0, 0
L 511.3652, 101.3558, 47.106, 517.6488, 101.3546, 47.106, 0, 0, 0
L 517.6413, 106.65, 46.1071, 517.6488, 101.3546, 46.106, 0, 0, 0
L 511.3022, 106.6106, 50.82, 517.6413, 106.65, 50.6353, 0, 0, 0
L 511.3412, 102.3555, 48.861, 493.8337, 102.3556, 71.4714, 0, 0, 0
L 493.8337, 102.3556, 71.4714, 488.8673, 81.6432, 73.1169, 0, 0, 0
L 488.8673, 81.6432, 73.1169, 511.3559, 81.6441, 47.1364, 0, 0, 0
L 511.3666, 78.3917, 47.1364, 511.3493, 83.644, 47.1593, 0, 0, 0
L 511.3493, 83.644, 47.1062, 517.6449, 83.6458, 47.1062, 0, 0, 0
L 517.6449, 83.6458, 45.2997, 517.6438, 78.3491, 45.4136, 0, 0, 0
L 517.6438, 78.3491, 46.15, 511.3666, 78.3917, 46.15, 0, 0, 0
L 516.6439, 78.3559, 46.15, 516.6439, 69.644, 46.1062, 0, 0, 0
L 516.6439, 69.644, 46.1062, 522.356, 69.644, 46.1062, 0, 0, 0
L 522.3849, 64.3708, 46.1062, 522.3505, 70.6441, 46.1062, 0, 0, 0
L 522.3505, 70.6441, 46.1062, 527.6432, 70.6444, 46.1062, 0, 0, 0
L 527.6432, 70.6444, 47.1062, 527.6462, 64.3525, 47.1062, 0, 0, 0
L 522.3849, 64.3708, 48.76, 527.6462, 64.3525, 48.692, 0, 0, 0
L 526.644, 64.3559, 48.767, 526.6476, 56.4187, 67.314, 0, 0, 0
L 526.6476, 56.4187, 67.314, 546.249, 38.6437, 72.9573, 0, 0, 0
L 546.249, 38.6437, 72.9573, 547.3554, 38.6441, 70.938, 0, 0, 0
L 547.3554, 38.6441, 70.938, 547.3556, 64.3558, 47.1353, 0, 0, 0
L 550.6331, 64.3593, 47.1353, 545.3546, 64.3536, 47.1749, 0, 0, 0
L 545.3546, 64.3536, 47.106, 545.3532, 70.6428, 47.106, 0, 0, 0
L 545.3532, 70.6428, 46.2175, 550.6462, 70.6466, 47.4106, 0, 0, 0
L 550.6462, 70.6466, 47.9198, 550.6331, 64.3593, 47.9487, 0, 0, 0
L 550.6441, 69.6437, 47.9487, 593.3558, 69.6445, 46.106, 0, 0, 0
L 593.3558, 69.6445, 46.106, 593.3545, 73.6456, 46.106, 0, 0, 0
L 593.3545, 73.6456, 46.106, 596.356, 73.6444, 46.106, 0, 0, 0
L 596.356, 73.6444, 46.106, 596.3556, 94.3555, 46.106, 0, 0, 0
L 606.6448, 94.37, 46.106, 595.3541, 94.3542, 46.106, 0, 0, 0
L 595.357, 100.6424, 46.106, 595.3541, 94.3542, 46.106, 0, 0, 0
L 595.357, 100.6424, 47.106, 606.644, 100.6456, 47.106, 0, 0, 0
L 606.644, 100.6456, 46.106, 606.6448, 94.37, 46.106, 0, 0, 0
L 605.6461, 94.3687, 46.106, 605.6882, 75.6443, 46.106, 0, 0, 0
L 605.6882, 75.6443, 46.106, 610.644, 75.6458, 46.106, 0, 0, 0
L 610.644, 75.6458, 46.106, 610.6439, 71.644, 46.106, 0, 0, 0
L 610.6439, 71.644, 46.106, 630.3559, 71.644, 46.106, 0, 0, 0
L 630.4041, 62.3622, 46.106, 630.3508, 72.642, 46.106, 0, 0, 0
L 630.3508, 72.642, 46.106, 635.6425, 72.6477, 46.106, 0, 0, 0
L 635.6425, 72.6477, 47.106, 635.6482, 62.3517, 47.106, 0, 0, 0
L 630.4041, 62.3622, 46.106, 635.6482, 62.3517, 46.106, 0, 0, 0
L 633.6441, 62.3547, 46.106, 633.6441, 6.6879, 48.4416, 0, 0, 0
L -341.8876, 404.4259, -31.2097, -385.6386, 404.3213, -31.2267, 0, 0, 0
L -385.6386, 404.3213, -31.2267, -401.6129, 375.3546, -45.647, 0, 0, 0
L -401.6129, 375.3546, -45.8937, -441.3568, 375.3519, -46.39, 0, 0, 0
L -441.3568, 375.3519, -45.8937, -441.3507, 288.1976, -49.962, 0, 0, 0
L -441.3507, 288.1976, -45.4504, -415.7769, 248.362, -46.255, 0, 0, 0
L -415.7769, 248.362, -46.255, -396.3691, 210.1478, -57.3186, 0, 0, 0
L -396.3691, 210.1478, -57.3186, -380.2937, 158.935, -60.8937, 0, 0, 0
L -380.2937, 158.935, -60.8937, -415.4286, 104.6944, -61.686, 0, 0, 0
L -415.4286, 104.6944, -61.686, -428.2801, 72.634, -82.8232, 0, 0, 0
L -428.2801, 72.634, -82.8232, -448.2662, 33.178, -82.8937, 0, 0, 0
L -448.2662, 33.178, -82.8937, -433.3564, -5.8712, -82.8937, 0, 0, 0
L -433.3548, -93.8062, -84.602, -433.3564, -5.8712, -81.8808, 0, 0, 0
L -433.3548, -93.8062, -82.8461, -417.6091, -121.3567, -94.6055, 0, 0, 0
L -417.6091, -121.3567, -94.6055, -373.153, -120.9679, -94.599, 0, 0, 0
L -373.153, -120.9679, -94.6029, -357.644, -93.7984, -82.8447, 0, 0, 0
L -357.644, -93.7984, -82.8447, -357.6465, -6.955, -80.9782, 0, 0, 0
L -347.7216, 32.7779, -82.8937, -381.6469, 71.7635, -82.8937, 0, 0, 0
L -381.6469, 71.7635, -82.138, -381.6444, 105.3556, -61.8346, 0, 0, 0
L -347.7393, 32.8676, -82.8937, -357.6465, -6.955, -77.9235, 0, 0, 0
L -357.6433, -17.1579, -81.7814, -361.4508, -22.7494, -81.6933, 127, 127, 127
L -361.4508, -22.7494, -81.6933, -371.6313, -26.8756, -80.7407, 127, 127, 127
L -371.6313, -26.8756, -80.7407, -384.6225, -24.1823, -80.5276, 127, 127, 127
L -384.6225, -24.1823, -80.5276, -391.3174, -14.4074, -81.21, 127, 127, 127
L -391.3174, -14.4074, -81.21, -390.4238, 3.258, -82.8937, 127, 127, 127
L -390.4238, 3.258, -82.8937, -380.6197, 10.7196, -82.8937, 127, 127, 127
L -380.6197, 10.7196, -82.8937, -371.6229, 12.4328, -82.8937, 127, 127, 127
L -371.6229, 12.4328, -82.8937, -366.3575, 10.5854, -82.8937, 127, 127, 127
L -366.3575, 10.5854, -82.8937, -361.6963, 7.5308, -82.8937, 127, 127, 127
L -361.6963, 7.5308, -82.8937, -355.9768, 0.5365, -82.8969, 127, 127, 127
L -381.6444, 105.3556, -60.8937, -346.3908, 127.8713, -60.8937, 0, 0, 0
L -346.3908, 127.8713, -59.7488, -272.9309, 85.6556, -38.8937, 0, 0, 0
L -272.9309, 85.6556, -38.8937, -196.1747, 85.6778, -38.9341, 0, 0, 0
L -196.1747, 85.6778, -38.9341, -161.6444, 112.3725, -24.1552, 0, 0, 0
L -161.6444, 112.3725, -24.1552, -161.6442, 118.3556, -24.154, 0, 0, 0
L -158.3523, 118.3589, -24.154, -163.6434, 118.3537, -24.6606, 0, 0, 0
L -163.6434, 118.3537, -25.2, -163.6459, 122.6466, -25.23, 0, 0, 0
L -163.6459, 122.6466, -23.9414, -158.3546, 122.6449, -23.8937, 0, 0, 0
L -158.3546, 122.6449, -22.5521, -158.3523, 118.3589, -21.164, 0, 0, 0
L -158.3565, 119.7681, -17.8999, -75.6432, 119.7669, 7.1055, 0, 0, 0
L -75.6294, 118.3627, 7.1055, -75.6816, 123.644, 1.1062, 0, 0, 0
L -75.6816, 123.644, 1.1062, -69.3559, 123.6474, 1.1062, 0, 0, 0
L -69.3559, 123.6474, 0.1062, -69.352, 118.3543, 1.2213, 0, 0, 0
L -69.352, 118.3543, 0.1062, -75.6294, 118.3627, 0.1062, 0, 0, 0
L -70.355, 118.3558, 0.1062, -70.3556, 114.6448, 0.1062, 0, 0, 0
L -70.3556, 114.6448, 0.1062, -60.7338, 114.6467, 0.1062, 0, 0, 0
L -60.7338, 114.6467, 0.1062, -50.3526, 104.2677, 0.1062, 0, 0, 0
L -50.3526, 104.2677, 0.1062, -50.3552, 94.644, 0.1062, 0, 0, 0
L -50.3552, 94.644, 0.1062, -42.6435, 94.6445, -0.5011, 0, 0, 0
L -42.5882, 84.3524, -0.5011, -42.649, 95.6432, -0.58, 0, 0, 0
L -42.649, 95.6432, -0.8799, -37.3566, 95.6469, -0.8803, 0, 0, 0
L -37.3566, 95.6469, 1.1062, -37.3526, 84.3568, 1.1062, 0, 0, 0
L -37.3526, 84.3568, 0.1062, -42.5882, 84.3524, 0.1062, 0, 0, 0
L -42.6445, 85.3558, 0.1062, -52.3564, 85.3558, 0.1062, 0, 0, 0
L -52.3564, 85.3558, 0.1062, -52.3528, 81.3547, 0.1062, 0, 0, 0
L -52.3528, 81.3547, 0.1062, -58.9207, 81.3545, 0.1062, 0, 0, 0
L -58.9207, 81.3545, -0.4442, -81.3459, 42.3329, -0.462, 0, 0, 0
L -81.3699, 34.3654, 0.1078, -86.6463, 34.3528, 0.1062, 0, 0, 0
L -86.6443, 38.3224, 0.1062, -86.6463, 34.3528, 0.1062, 0, 0, 0
L -81.3699, 34.3654, 0.1084, -81.3459, 42.3329, -0.2609, 0, 0, 0
L -86.76, 38.3547, 0.1062, -104.7363, 38.3323, 0.1062, 0, 0, 0
L -104.7363, 38.3323, 0.1062, -114.3141, 27.7948, 0.1062, 0, 0, 0
L -114.3141, 27.7948, 0.1062, -114.3268, -20.7813, 0.1062, 0, 0, 0
L -114.3268, -20.7813, 0.1062, -104.716, -31.3552, 0.1062, 0, 0, 0
L -104.716, -31.3552, 0.1062, -86.6447, -31.2893, 0.1062, 0, 0, 0
L -86.6447, -31.2893, 0.1062, -86.6423, -27.3563, 0.1062, 0, 0, 0
L -86.6423, -27.3563, 0.1062, -81.3563, -27.3543, 0.1062, 0, 0, 0
L -81.3563, -27.3543, 0.1062, -81.3508, -35.3333, 0.1062, 0, 0, 0
L -81.3508, -35.3333, 0.1062, -58.3477, -75.3529, 0.1062, 0, 0, 0
L -58.3477, -75.3529, 0.683, -53.3526, -75.3542, -0.6196, 0, 0, 0
L -53.3526, -75.3542, -0.8989, -53.3558, -78.3558, -0.2592, 0, 0, 0
L -53.3558, -78.3558, -0.2592, -36.3588, -78.3559, -0.1537, 0, 0, 0
L -36.3588, -78.3559, 1.1062, -36.3537, -88.6456, 0.9837, 0, 0, 0
L -36.3537, -88.6456, 1.341, -38.356, -88.6441, 1.761, 0, 0, 0
L -38.356, -88.6441, 1.761, -38.3552, -113.356, -8.8635, 0, 0, 0
L -38.3552, -113.356, -8.8635, -36.3567, -113.3504, -8.8364, 0, 0, 0
L -36.3567, -113.3504, -8.8938, -36.3543, -119.6457, -8.8938, 0, 0, 0
L -36.3543, -119.6457, -9.9588, -38.356, -119.6443, -9.9238, 0, 0, 0
L -38.356, -119.6443, -9.9238, -38.3267, -145.3556, -19.8622, 0, 0, 0
L -41.64, -145.36, -19.8622, -36.3554, -145.3529, -19.8289, 0, 0, 0
L -36.3554, -145.3529, -19.8937, -36.3539, -151.6434, -19.8937, 0, 0, 0
L -36.3539, -151.6434, -20.8937, -41.6452, -151.6473, -20.8937, 0, 0, 0
L -41.9286, -150.6452, -20.8937, -67.3559, -150.6439, -20.8937, 0, 0, 0
L -67.3559, -150.6439, -20.8937, -67.3547, -160.2687, -20.8937, 0, 0, 0
L -41.64, -145.36, -20.8937, -41.6452, -151.6473, -20.8937, 0, 0, 0
L -67.3547, -160.2687, -20.8937, -77.7339, -170.6451, -20.8937, 0, 0, 0
L -77.7339, -170.6451, -20.8937, -87.3522, -170.6441, -20.8937, 0, 0, 0
L -87.3522, -170.6441, -20.8937, -87.3558, -175.3557, -20.8937, 0, 0, 0
L -97.6461, -175.3712, -20.8937, -86.3566, -175.3542, -20.8937, 0, 0, 0
L -86.3566, -175.3542, -20.8937, -86.353, -181.6427, -20.8937, 0, 0, 0
L -86.353, -181.6427, -19.8937, -97.6444, -181.6465, -19.8937, 0, 0, 0
L -97.6444, -181.6465, -20.8937, -97.6461, -175.3712, -20.8937, 0, 0, 0
L -97.4087, -176.5021, -20.8937, -121.4081, -152.5825, -20.8937, 0, 0, 0
L -172.3557, -152.6492, -20.8937, -172.3534, -156.675, -21.7596, 0, 0, 0
L -172.3534, -156.675, -21.4111, -177.6457, -156.6289, -20.8937, 0, 0, 0
L -177.6457, -156.6289, -20.8937, -177.6442, -152.644, -20.8937, 0, 0, 0
L -121.4081, -152.5825, -20.8937, -200.3556, -152.6689, -20.8937, 0, 0, 0
L -200.3556, -152.6689, -20.8937, -200.3282, -178.3557, -20.8937, 0, 0, 0
L -200.3282, -178.3557, -20.8937, -176.3545, -178.3519, -20.8937, 0, 0, 0
L -176.3545, -178.3519, -20.8937, -176.3524, -203.6457, -20.8937, 0, 0, 0
L -176.3524, -203.6457, -20.8937, -200.3558, -203.6443, -20.8937, 0, 0, 0
L -200.3558, -203.6443, -20.8937, -200.3557, -229.3563, -20.8937, 0, 0, 0
L -200.3557, -229.3563, -20.8937, -99.6437, -229.3545, -20.8937, 0, 0, 0
L -177.6555, -229.3558, -20.8937, -177.6379, -225.3572, -20.8937, 0, 0, 0
L -177.6379, -225.3572, -20.8937, -172.3513, -225.3531, -20.8937, 0, 0, 0
L -172.3513, -225.3531, -20.8937, -172.3557, -229.3557, -20.8937, 0, 0, 0
L -99.6437, -229.3545, -20.8937, -99.6466, -225.3668, -20.8937, 0, 0, 0
L -99.6466, -225.3668, -20.8937, -96.6443, -225.3403, -20.8937, 0, 0, 0
L -96.6443, -225.3403, -20.8937, -96.644, -204.6442, -20.8937, 0, 0, 0
L -86.3538, -204.623, -20.8937, -97.6436, -204.6461, -20.8937, 0, 0, 0
L -97.6436, -204.6461, -20.8937, -97.6479, -198.3508, -20.8937, 0, 0, 0
L -86.3549, -198.3571, -19.8928, -97.6479, -198.3508, -19.8937, 0, 0, 0
L -86.3549, -198.3571, -20.8937, -86.3538, -204.623, -20.8937, 0, 0, 0
L -87.3508, -204.6251, -20.8937, -87.3342, -207.7685, -20.8937, 0, 0, 0
L -87.3342, -207.7685, -20.8937, -68.7713, -227.3044, -20.8937, 0, 0, 0
L -68.7713, -227.3044, -20.8937, -59.7169, -227.355, -21.5014, 0, 0, 0
L -54.3566, -226.3565, -21.8799, -59.645, -226.3519, -21.8805, 0, 0, 0
L -54.3566, -226.3565, -19.8937, -54.3528, -237.6447, -19.8937, 0, 0, 0
L -54.3528, -237.6447, -20.8937, -59.64, -237.6443, -20.8937, 0, 0, 0
L -59.64, -237.6443, -21.5012, -59.645, -226.3519, -21.5911, 0, 0, 0
L -59.6437, -236.6441, -20.8937, -69.289, -236.6444, -20.8937, 0, 0, 0
L -69.289, -236.6444, -20.8937, -69.3773, -335.6954, -20.8937, 0, 0, 0
L -69.3555, -311.338, -20.8937, -64.3568, -311.3627, -20.8937, 0, 0, 0
L -64.3568, -311.3627, -20.8937, -64.3522, -316.648, -20.8937, 0, 0, 0
L -64.3522, -316.648, -20.8937, -69.3559, -316.6438, -20.8937, 0, 0, 0
L -69.3773, -335.6954, -20.8937, -58.6863, -345.3555, -20.8937, 0, 0, 0
L -30.6442, -345.3229, -20.8937, -58.7877, -345.3215, -20.8937, 0, 0, 0
L -30.6617, -355.6113, -20.8937, -30.6434, -344.3559, -20.8937, 0, 0, 0
L -30.6434, -344.3559, -20.8937, -25.3567, -344.3532, -20.8937, 0, 0, 0
L -25.3567, -344.3532, -19.8937, -25.3499, -355.6514, -19.8937, 0, 0, 0
L -30.6617, -355.6113, -22.2388, -25.3499, -355.6514, -22.2403, 0, 0, 0
L -24.3543, -408.9775, -47.9151, -26.3323, -355.6438, -22.2388, 0, 0, 0
L -24.3543, -408.9775, -54.8937, -24.3566, -538.6431, -54.8937, 0, 0, 0
L -24.3566, -538.6431, -54.8937, -149.3565, -538.6436, -54.8939, 0, 0, 0
L -149.3565, -538.6436, -54.8937, -149.3564, -585.2073, -57.8937, 0, 0, 0
L -149.3564, -585.2073, -56.8436, -164.7356, -584.6485, -63.7571, 0, 0, 0
L -164.7356, -584.6485, -63.7571, -218.3543, -639.4605, -63.8937, 0, 0, 0
L -218.3543, -639.4605, -63.8937, -218.3512, -699.3678, -63.8954, 0, 0, 0
L -218.3512, -699.3678, -63.8954, -194.6531, -699.3784, -63.8962, 0, 0, 0
L -194.6531, -699.3784, -63.8962, -194.6428, -638.7404, -63.8926, 0, 0, 0
L -194.6428, -638.7404, -63.8947, -165.2858, -608.3709, -63.8937, 0, 0, 0
L -165.2858, -608.3709, -62.6208, -149.3714, -608.2853, -58.1422, 0, 0, 0
L -149.3714, -608.2853, -57.8937, -149.2749, -623.7607, -57.8937, 0, 0, 0
L -149.2749, -623.7607, -57.8937, -121.7072, -646.3555, -57.8937, 0, 0, 0
L -121.7072, -646.3555, -57.8937, -69.2151, -646.3427, -57.8937, 0, 0, 0
L -69.2151, -646.3427, -57.8937, -41.6445, -623.6336, -57.8937, 0, 0, 0
L -41.6445, -623.6336, -57.8937, -41.6454, -554.3369, -55.8937, 0, 0, 0
L -8.6469, -553.5838, -54.8937, -8.6471, -521.3519, -54.8937, 0, 0, 0
L -8.6796, -554.3551, -54.8937, -41.6454, -554.3369, -54.8937, 0, 0, 0
L -55.3558, -555.6013, -55.8937, -41.6454, -555.2933, -55.8937, 127, 127, 127
L -55.3558, -555.6013, -57.8937, -55.3534, -613.3035, -57.8937, 65, 65, 65
L -41.6454, -558.5347, -56.8922, -55.3556, -558.5389, -56.8937, 127, 127, 127
L -55.3534, -613.3035, -57.8937, -78.7421, -632.6461, -57.8939, 65, 65, 65
L -78.7421, -632.6461, -57.8937, -112.2308, -632.6461, -57.8937, 65, 65, 65
L -112.2308, -632.6461, -57.8937, -135.6471, -613.3037, -57.8937, 65, 65, 65
L -135.6471, -613.3037, -57.8937, -135.6456, -555.5339, -57.8924, 65, 65, 65
L -135.6458, -561.5347, -57.8924, -149.3554, -561.5347, -57.8922, 127, 127, 127
L -135.6457, -558.5768, -56.8937, -149.3565, -558.5308, -56.8937, 127, 127, 127
L -135.6456, -555.5339, -55.8924, -149.3565, -555.5401, -55.8937, 127, 127, 127
L -41.6441, -561.5347, -57.892, -55.3556, -561.5347, -57.8922, 127, 127, 127
L -105.3538, -629.3546, -86.8705, -111.7789, -629.351, -86.871, 0, 127, 0
L -111.7789, -629.351, -86.871, -132.3515, -612.6961, -86.2875, 0, 127, 0
L -132.3515, -612.6961, -86.2875, -132.3536, -606.3342, -86.554, 0, 127, 0
L -132.3541, -586.6453, -78.237, -132.3557, -555.6453, -74.4893, 0, 127, 0
L -132.3557, -555.6453, -74.4893, -58.6441, -555.6444, -72.4973, 0, 127, 0
L -58.6441, -555.6444, -72.4973, -58.6443, -586.6463, -84.5621, 0, 127, 0
L -58.6452, -606.3527, -86.1377, -58.6439, -612.681, -86.2878, 0, 127, 0
L -58.6439, -612.681, -86.2878, -79.2326, -629.356, -86.871, 0, 127, 0
L -79.2326, -629.356, -86.871, -85.6449, -629.3515, -86.8708, 0, 127, 0
L -85.6449, -629.3515, -79.6188, -85.686, -725.3544, -79.6691, 0, 127, 0
L -85.686, -725.3544, -79.6691, -105.3559, -725.3523, -79.6176, 0, 127, 0
L -105.3559, -725.3523, -79.6176, -105.3542, -711.3554, -79.6192, 0, 127, 0
L -105.3538, -629.3546, -79.6199, -105.3519, -681.2907, -79.6223, 0, 127, 0
L -99.9906, -660.6434, -89.7912, -121.8426, -660.6431, -99.4873, 65, 65, 65
L -121.8426, -660.6431, -99.4873, -131.2779, -669.3961, -98.8722, 65, 65, 65
L -131.2779, -669.3961, -98.4415, -140.3555, -673.2332, -99.6071, 65, 65, 65
L -140.3555, -673.2332, -88.8404, -140.3565, -698.1729, -88.8716, 65, 65, 65
L -140.3565, -698.1729, -88.8716, -130.9268, -709.7423, -97.8629, 65, 65, 65
L -130.9268, -709.7423, -97.8629, -122.6274, -721.3316, -97.8794, 65, 65, 65
L -122.6274, -721.3316, -97.8794, -99.9979, -721.3546, -89.7913, 65, 65, 65
L -108.6432, -711.3554, -82.3182, -108.6475, -721.3458, -83.306, 0, 127, 0
L -108.6432, -711.3554, -80.367, -105.3542, -711.3554, -80.361, 0, 127, 0
L -99.9899, -660.6434, -89.7938, -99.9979, -721.3546, -89.7934, 65, 65, 65
L -108.6405, -681.792, -79.87, -105.3519, -681.2907, -79.3622, 0, 127, 0
L -108.6405, -681.792, -80.3504, -108.6524, -660.6432, -80.7189, 0, 127, 0
L -105.3519, -681.15, -86.2442, -102.2827, -678.3269, -87.7276, 0, 127, 0
L -102.2827, -678.3269, -87.7276, -95.8376, -682.2732, -85.995, 0, 127, 0
L -95.8376, -682.2732, -85.995, -93.6491, -685.4279, -84.3473, 0, 127, 0
L -93.6491, -685.4279, -84.3473, -96.8602, -690.652, -85.3667, 0, 127, 0
L -96.8602, -690.652, -85.3667, -95.7471, -693.1182, -84.8409, 0, 127, 0
L -95.7471, -693.1182, -84.8409, -97.7841, -697.765, -85.5614, 0, 127, 0
L -97.7841, -697.765, -85.5614, -94.6187, -701.818, -84.6453, 0, 127, 0
L -94.6187, -701.818, -84.9792, -101.254, -708.3437, -86.7798, 0, 127, 0
L -101.254, -708.3437, -86.7798, -102.2305, -708.3658, -86.9505, 65, 65, 65
L -102.2305, -708.3658, -87.2832, -106.2279, -711.3553, -87.4758, 0, 127, 0
L -135.423, -606.3546, -78.6186, -157.87, -606.3559, -69.7938, 0, 127, 0
L -157.87, -606.3559, -69.7938, -156.1677, -586.6489, -69.7921, 0, 127, 0
L -156.1677, -586.6489, -69.7921, -132.3541, -586.6453, -78.6197, 0, 127, 0
L -58.6443, -586.6463, -78.6205, 21.2646, -586.6467, -78.621, 0, 127, 0
L 21.2646, -586.6467, -78.8936, 23.6446, -584.267, -78.8936, 0, 127, 0
L 23.6446, -584.267, -78.6184, 23.6484, -504.3544, -78.6227, 0, 127, 0
L 43.353, -504.3557, -78.6214, 43.3519, -584.2625, -78.6222, 0, 127, 0
L 43.3519, -584.2625, -78.8928, 45.7327, -586.6446, -78.8937, 0, 127, 0
L 45.7327, -586.6446, -80.8306, 95.355, -586.6441, -94.406, 0, 127, 0
L 95.3555, -586.6674, -94.4351, 95.3555, -606.3558, -94.4061, 0, 127, 0
L 95.3555, -606.3558, -94.4061, 45.7379, -606.35, -79.4595, 0, 127, 0
L 45.7379, -606.35, -78.8945, 43.3536, -608.7328, -78.8979, 0, 127, 0
L 43.3536, -608.7328, -80.7764, 43.3539, -728.2658, -94.62, 0, 127, 0
L 43.3539, -728.2658, -94.8944, 45.7312, -730.6443, -94.8957, 0, 127, 0
L 45.7312, -730.6443, -94.6182, 109.2648, -730.6466, -94.6233, 0, 127, 0
L 109.2648, -730.6466, -94.8974, 111.647, -728.2649, -94.8977, 0, 127, 0
L 111.647, -728.2649, -94.623, 111.6342, -479.7216, -85.7883, 0, 127, 0
L 111.6342, -479.7216, -79.8947, 109.266, -477.3534, -79.8948, 0, 127, 0
L 109.266, -477.3534, -79.6193, 66.3464, -477.3541, -79.7724, 0, 127, 0
L 66.3558, -457.641, -79.6268, 131.3548, -457.7898, -79.618, 0, 127, 0
L 131.3548, -457.7898, -79.618, 131.3508, -629.6462, -94.6263, 0, 127, 0
L 134.6465, -629.6454, -97.7604, 131.3508, -629.6462, -97.76, 0, 127, 0
L 134.6465, -629.6454, -91.227, 134.6457, -626.6438, -91.2929, 0, 127, 0
L 134.6437, -626.6441, -91.2505, 143.7989, -626.6504, -91.245, 0, 127, 0
L 143.7989, -626.6504, -91.245, 158.3565, -637.374, -91.4128, 0, 127, 0
L 158.3565, -637.374, -91.4128, 158.3555, -640.3304, -91.3949, 0, 127, 0
L 158.3555, -640.3304, -91.3949, 157.3565, -640.3723, -91.3945, 0, 127, 0
L 157.3565, -640.3723, -91.9098, 157.3545, -645.6417, -91.9086, 0, 127, 0
L 157.3559, -663.3527, -91.9057, 157.3524, -668.6468, -91.9051, 0, 127, 0
L 158.3557, -668.644, -91.8412, 157.3524, -668.6468, -91.8409, 0, 127, 0
L 158.3488, -668.6435, -91.835, 158.3557, -672.6903, -91.8332, 0, 127, 0
L 158.3557, -672.6903, -91.8332, 141.703, -687.3555, -91.7514, 0, 127, 0
L 141.703, -687.3555, -91.7514, 134.6531, -687.3554, -91.7304, 0, 127, 0
L 134.6531, -687.3554, -91.7304, 134.6445, -684.4545, -91.7297, 0, 127, 0
L 128.6419, -686.4464, -100.2976, 134.6445, -684.4545, -100.3824, 0, 127, 0
L 128.6419, -686.4464, -100.3919, 128.6461, -682.5392, -100.3919, 0, 127, 0
L 128.6461, -682.5392, -100.4214, 124.3533, -680.7459, -98.8041, 0, 127, 0
L 131.3542, -685.5462, -94.6219, 131.3557, -750.3559, -94.62, 0, 127, 0
L 131.3557, -750.3559, -94.62, 45.7347, -750.3544, -94.6192, 0, 127, 0
L 45.7347, -750.3544, -94.8931, 43.3551, -752.7323, -94.894, 0, 127, 0
L 43.3551, -752.7323, -95.4389, 43.3549, -759.8306, -90.2742, 0, 127, 0
L 43.3549, -759.8306, -90.2742, 23.6454, -760.7876, -90.921, 0, 127, 0
L 23.6454, -760.7876, -90.921, 23.6458, -752.7362, -95.2806, 0, 127, 0
L 23.6458, -752.7362, -94.8919, 21.2713, -750.3545, -94.897, 0, 127, 0
L 21.2713, -750.3545, -94.6192, -83.2642, -750.3495, -94.6277, 0, 127, 0
L -85.6454, -752.7337, -94.8961, -83.2642, -750.3495, -94.9, 0, 127, 0
L -85.6454, -752.7337, -94.6191, -85.6431, -802.5334, -90.9732, 0, 127, 0
L -85.6431, -802.5334, -85.7935, -105.3547, -800.793, -85.7935, 0, 127, 0
L -105.3547, -800.793, -85.7935, -105.3516, -752.2634, -95.435, 0, 127, 0
L -105.3516, -752.2634, -95.5193, -107.5893, -750.181, -95.5219, 0, 127, 0
L -107.5893, -750.181, -95.1011, -216.193, -750.186, -79.97, 0, 127, 0
L -216.193, -750.186, -79.97, -215.3238, -674.335, -69.474, 0, 127, 0
L -196.6458, -673.868, -67.7373, -196.6499, -728.2635, -78.6243, 0, 127, 0
L -194.7838, -730.1269, -78.8928, -196.6499, -728.2635, -78.8944, 0, 127, 0
L -192.4773, -730.6458, -78.6196, -107.7343, -730.6445, -94.6175, 0, 127, 0
L -107.7343, -730.6445, -94.8953, -105.6967, -728.6441, -94.9373, 0, 127, 0
L -105.6967, -728.6441, -94.9373, -85.2437, -728.6666, -94.8923, 0, 127, 0
L -85.2437, -728.6666, -94.8923, -83.2678, -730.6449, -94.8957, 0, 127, 0
L -83.2678, -730.6449, -94.6217, -40.3562, -730.6485, -94.6239, 0, 127, 0
L -6.1349, -730.6467, -91.8952, -6.2582, -726.35, -91.8937, 0, 127, 0
L -6.1349, -730.6467, -94.6205, 21.2656, -730.645, -94.6189, 0, 127, 0
L 21.2656, -730.645, -94.8932, 23.646, -728.2658, -94.8937, 0, 127, 0
L 23.646, -728.2658, -94.6192, 23.6481, -681.3565, -94.6225, 0, 127, 0
L 23.6457, -663.6634, -94.6195, 23.6469, -608.7364, -80.4907, 0, 127, 0
L 23.6469, -608.7364, -78.8974, 21.271, -606.3555, -78.8982, 0, 127, 0
L 21.271, -606.3555, -78.6179, -58.6452, -606.3527, -78.6213, 0, 127, 0
L 43.353, -504.3557, -86.726, 49.6929, -504.3559, -86.2848, 0, 127, 0
L 49.6929, -504.3559, -86.2848, 66.311, -483.8265, -86.48, 0, 127, 0
L 66.311, -483.8265, -86.48, 66.3464, -477.3541, -86.3305, 0, 127, 0
L 66.3558, -457.641, -86.349, 66.3546, -451.3788, -86.808, 0, 127, 0
L 66.3546, -451.3788, -86.808, 49.6189, -430.6447, -85.9629, 0, 127, 0
L 49.6189, -430.6447, -85.9629, 43.3534, -430.6453, -86.224, 0, 127, 0
L 43.3534, -430.6453, -78.6191, 43.3566, -388.7237, -69.7938, 0, 127, 0
L 43.3566, -388.7237, -69.7938, 23.6438, -391.3627, -69.7934, 0, 127, 0
L 23.6438, -391.3627, -69.7934, 23.6484, -430.6446, -78.3859, 0, 127, 0
L 23.6484, -430.6446, -78.1576, -7.3326, -430.6433, -74.5237, 0, 127, 0
L -7.3326, -430.6433, -74.5237, -7.3554, -504.3557, -72.4972, 0, 127, 0
L -7.3554, -504.3557, -72.4972, 23.6484, -504.3544, -84.5367, 0, 127, 0
L 23.6462, -642.6434, -104.7931, -11.3558, -642.644, -116.3093, 0, 127, 0
L -11.3536, -642.6458, -115.3426, -11.3519, -650.6449, -116.6675, 0, 127, 0
L -11.3519, -650.6449, -107.8402, -14.646, -650.6429, -107.8396, 0, 127, 0
L -14.646, -650.6429, -113.2472, -14.6454, -639.3537, -116.686, 0, 127, 0
L -14.6454, -639.3537, -113.8496, 16.3557, -639.3555, -113.7436, 0, 127, 0
L 16.3557, -639.3555, -113.7436, 16.3562, -609.6461, -111.707, 0, 127, 0
L 16.3562, -609.6461, -111.707, -38.3537, -609.6431, -112.5521, 0, 127, 0
L -38.3537, -609.6431, -112.5521, -38.3507, -661.6431, -113.8726, 0, 127, 0
L -38.3507, -661.6431, -113.5478, -43.6473, -661.6473, -113.5806, 0, 127, 0
L -43.6473, -661.6473, -113.4796, -43.6454, -655.6431, -113.2967, 0, 127, 0
L -43.6454, -655.6431, -113.2967, -72.3556, -655.6721, -113.4749, 0, 127, 0
L -72.3556, -655.6721, -113.4749, -72.3559, -695.3544, -113.4578, 0, 127, 0
L -72.3559, -695.3544, -113.4578, -43.6433, -695.3528, -113.3901, 0, 127, 0
L -43.6433, -695.3528, -113.3901, -43.6467, -685.4012, -113.468, 0, 127, 0
L -38.3624, -685.2337, -113.8657, -43.6467, -685.4012, -113.8461, 0, 127, 0
L -38.3624, -685.2337, -113.8673, -38.3387, -700.3558, -113.8739, 0, 127, 0
L -38.3387, -700.3558, -113.8739, -14.6434, -700.3538, -113.8843, 0, 127, 0
L -14.6434, -700.3538, -113.8843, -14.6479, -667.6321, -113.8923, 0, 127, 0
L -11.3688, -667.7827, -116.3542, -14.6479, -667.6321, -116.4063, 0, 127, 0
L -11.3688, -667.7827, -116.2129, -11.3077, -700.3559, -116.251, 0, 127, 0
L -11.3077, -700.3559, -116.251, -2.1524, -700.3556, -116.278, 0, 127, 0
L -77.3563, -704.6984, -106.253, -2.472, -704.6339, -107.5477, 0, 127, 0
L 19.3551, -726.3558, -106.3007, 19.3571, -681.3528, -115.9498, 0, 127, 0
L 23.648, -681.4602, -101.8937, 32.7533, -681.3558, -101.7206, 240, 240, 240
L 32.7533, -681.3558, -101.7206, 35.8894, -679.285, -100.6162, 240, 240, 240
L 35.8894, -679.285, -100.6162, 33.2561, -677.4021, -101.5491, 240, 240, 240
L 33.2561, -677.4021, -101.5491, 36.3864, -673.7036, -100.454, 240, 240, 240
L 36.3864, -673.7036, -100.454, 34.245, -673.606, -100.9609, 240, 240, 240
L 34.245, -673.606, -101.1413, 35.2034, -671.1146, -101.46, 240, 240, 240
L 35.2034, -671.1146, -101.46, 31.7697, -667.8479, -102.9492, 240, 240, 240
L 31.7697, -667.8479, -102.9492, 33.862, -665.5474, -102.3669, 240, 240, 240
L 33.862, -665.5474, -102.3669, 27.3734, -661.7744, -103.626, 240, 240, 240
L 831.3556, 357.6447, 93.106, 831.3553, 392.2563, 93.106, 0, 0, 0
L 831.3553, 392.2563, 93.106, 831.3103, 403.2832, 93.106, 255, 0, 255
L 831.3103, 403.2832, 93.106, 831.3558, 452.3557, 96.6782, 0, 0, 0
L 831.3558, 452.3557, 96.6782, 766.644, 452.3548, 93.106, 0, 0, 0
L 766.644, 452.3548, 93.106, 766.6431, 442.9655, 93.106, 0, 0, 0
L 766.6539, 420.9626, 93.106, 766.6413, 357.6431, 93.895, 0, 0, 0
L 766.6539, 420.9626, 104.6436, 761.3537, 421.729, 104.629, 0, 0, 0
L 766.6431, 442.9655, 103.6437, 689.3837, 443.2828, 85.114, 0, 0, 0
L 689.3837, 443.2828, 85.114, 675.8944, 426.3765, 85.8104, 0, 0, 0
L 675.8944, 426.3765, 85.8104, 675.9293, 333.242, 69.237, 0, 0, 0
L 761.3544, 421.8032, 97.7985, 761.352, 418.8392, 99.6928, 0, 0, 0
L 700.2902, 418.8322, 85.726, 761.352, 418.8392, 95.892, 0, 0, 0
L 700.2902, 418.8322, 83.8756, 700.2459, 324.708, 61.3192, 0, 0, 0
L 700.2459, 324.708, 61.3192, 686.6344, 308.7155, 61.1216, 0, 0, 0
L 686.6344, 308.7155, 61.1216, 633.644, 309.99, 59.2475, 0, 0, 0
L -2.3527, -345.3951, -20.8937, 40.1049, -345.287, -20.8937, 0, 0, 0
L 40.1049, -345.287, -20.8937, 50.3558, -335.6866, -20.8937, 0, 0, 0
L 50.3558, -335.6866, -20.8937, 50.2847, -237.6442, -18.1061, 0, 0, 0
L 50.3427, -317.6437, -18.1061, 48.3556, -317.6487, -18.2687, 0, 0, 0
L 48.3556, -317.6487, -18.9989, 48.35, -312.3503, -18.4971, 0, 0, 0
L 48.35, -312.3503, -17.2262, 50.3554, -312.3559, -16.3431, 0, 0, 0
L 50.2847, -237.6442, -20.8937, -36.6456, -237.6444, -20.8937, 0, 0, 0
L -36.6456, -237.6444, -19.8937, -36.6443, -226.355, -19.8937, 0, 0, 0
L -36.6443, -226.355, -20.8937, -31.3462, -226.3545, -20.8937, 0, 0, 0
L -31.4559, -237.6443, -20.8937, -31.3462, -226.3545, -20.8937, 0, 0, 0
L -2.369, -355.6302, -20.8937, -2.3511, -344.3521, -20.8937, 0, 0, 0
L -7.6482, -344.3577, -20.8937, -2.3511, -344.3521, -20.8937, 0, 0, 0
L -7.6482, -344.3577, -19.8937, -7.6452, -355.6471, -20.8937, 0, 0, 0
L -2.369, -355.6302, -22.2388, -7.6452, -355.6471, -22.2401, 0, 0, 0
L -8.7348, -413.6447, -53.8451, -6.6688, -355.6437, -22.2386, 0, 0, 0
L -8.7348, -413.6447, -55.8937, 60.7197, -413.6741, -57.8937, 0, 0, 0
L 60.7197, -413.6741, -57.8937, 83.3555, -441.2966, -57.8937, 0, 0, 0
L 83.3555, -441.2966, -57.8937, 83.326, -493.805, -57.8937, 0, 0, 0
L 83.326, -493.805, -57.8937, 60.6306, -521.3553, -57.8937, 0, 0, 0
L 60.6306, -521.3553, -57.8937, -8.6471, -521.3519, -55.8937, 0, 0, 0
L 23.6432, -664.748, -93.889, 27.3734, -661.7744, -98.8927, 240, 240, 240
L 19.3554, -726.3142, -104.7874, -6.2582, -726.35, -97.4094, 0, 127, 0
L 23.6481, -681.3565, -97.8512, 19.3571, -681.3528, -97.8503, 0, 127, 0
L -2.1524, -700.3556, -110.3714, -2.472, -704.6339, -110.3714, 0, 127, 0
L -77.3563, -704.6984, -116.3562, -77.356, -726.3514, -106.3012, 0, 127, 0
L -77.356, -726.3514, -106.3012, -40.353, -726.3541, -98.9265, 0, 127, 0
L -40.3562, -730.6485, -95.2549, -40.353, -726.3541, -95.8937, 0, 127, 0
L 157.3559, -663.3527, -100.8555, 163.6471, -663.3524, -101.6535, 0, 127, 0
L 157.3545, -645.6417, -100.8536, 163.6453, -645.648, -100.8592, 0, 127, 0
L 163.6447, -644.6434, -100.8619, 163.6453, -645.648, -100.861, 0, 127, 0
L 163.6434, -664.351, -100.8555, 163.6471, -663.3524, -100.855, 0, 127, 0
L 163.6465, -664.3563, -100.8363, 185.646, -664.3541, -100.8324, 0, 127, 0
L 185.644, -668.6444, -100.8478, 185.646, -664.3541, -100.8509, 0, 127, 0
L 185.644, -668.6444, -100.8306, 166.6442, -668.6441, -103.4762, 0, 127, 0
L 166.6442, -668.6441, -103.4762, 166.6439, -697.3549, -95.5, 0, 127, 0
L 166.6439, -697.3549, -95.5, 205.3557, -697.356, -95.4321, 0, 127, 0
L 205.3557, -697.356, -95.4321, 205.3562, -610.6441, -100.7222, 0, 127, 0
L 205.3562, -610.6441, -100.7222, 166.644, -610.6439, -103.8576, 0, 127, 0
L 166.644, -610.6439, -103.8576, 166.6439, -640.3559, -103.8937, 0, 127, 0
L 166.6439, -640.3559, -103.8937, 185.718, -640.1988, -103.6349, 0, 127, 0
L 185.718, -640.1988, -103.6889, 185.604, -644.6448, -103.8542, 0, 127, 0
L 185.604, -644.6448, -103.8937, 163.644, -644.6439, -103.7034, 0, 127, 0
L 7.7279, -433.4619, -75.3359, -7.3342, -435.7721, -75.3071, 240, 240, 240
L -7.3369, -445.142, -74.4945, 7.7199, -441.8116, -75.391, 240, 240, 240
L -7.5018, -427.3559, -57.8937, 50.3034, -427.353, -57.8937, 0, 0, 0
L 50.3034, -427.353, -57.8937, 69.6457, -450.7837, -57.8937, 0, 0, 0
L 69.6457, -450.7837, -57.8937, 69.646, -484.2234, -57.8937, 0, 0, 0
L 69.646, -484.2234, -57.8935, 50.3068, -507.6458, -57.8937, 0, 0, 0
L 50.3068, -507.6458, -57.8937, -7.4652, -507.6467, -56.8937, 0, 0, 0
L -7.4652, -507.6467, -55.8915, -7.4652, -521.3555, -55.8915, 127, 127, 127
L -4.4652, -521.3555, -56.8915, -4.4652, -507.6442, -56.8915, 127, 127, 127
L -1.4652, -507.6442, -57.8915, -1.4652, -521.3563, -57.8918, 127, 127, 127
L -7.5018, -427.3559, -55.8918, -7.4649, -413.6437, -55.8928, 127, 127, 127
L -4.4652, -413.6442, -56.8915, -4.4598, -427.3546, -56.8937, 127, 127, 127
L -1.4652, -427.3555, -57.8915, -1.4652, -413.6444, -57.8915, 127, 127, 127
L -31.3557, -227.3557, -20.8937, -27.2348, -227.3361, -20.8937, 0, 0, 0
L -27.2348, -227.3361, -20.8937, -7.644, -208.7058, -20.8938, 0, 0, 0
L -7.644, -208.7058, -20.8938, -7.644, -187.6442, -20.8937, 0, 0, 0
L -2.3664, -187.6247, -20.8937, -8.6452, -187.6477, -20.8937, 0, 0, 0
L -8.6452, -187.6477, -20.8937, -8.6448, -182.3542, -20.8937, 0, 0, 0
L -8.6448, -182.3542, -19.8937, -2.3527, -182.3536, -19.8937, 0, 0, 0
L -2.3664, -187.6247, -18.9139, -2.3527, -182.3536, -18.9372, 0, 0, 0
L -2.1368, -183.3548, -18.9139, 54.3552, -183.3559, -10.8735, 0, 0, 0
L 23.3563, -183.3554, -10.8735, 23.3525, -182.3541, -10.8684, 0, 0, 0
L 23.3525, -182.3541, -8.8938, 29.6457, -182.3545, -8.8938, 0, 0, 0
L 29.6444, -183.3191, -7.915, 29.6457, -182.3545, -7.9299, 0, 0, 0
L 54.3543, -186.2305, 0.1264, 54.3556, -182.3534, 0.1371, 0, 0, 0
L 60.6462, -182.3581, 1.1063, 54.3556, -182.3534, 1.1062, 0, 0, 0
L 60.6433, -186.2317, 7.991, 60.6462, -182.3581, 1.1062, 0, 0, 0
L 54.3543, -186.2305, 7.934, 148.6439, -186.2322, 32.1011, 0, 0, 0
L 143.3565, -186.2321, 32.1011, 143.3523, -183.3558, 28.688, 0, 0, 0
L 143.3523, -183.3558, 26.1463, 148.645, -183.3531, 25.6888, 0, 0, 0
L 148.6439, -186.2322, 25.1061, 148.645, -183.3531, 25.7046, 0, 0, 0
L 148.6442, -185.3538, 25.1062, 204.3504, -185.3558, 25.1062, 0, 0, 0
L 204.3479, -186.6426, 25.1062, 204.3564, -182.3521, 25.1062, 0, 0, 0
L 253.6447, -161.763, 32.1101, 54.3569, -161.7684, 7.989, 0, 0, 0
L 54.3556, -162.6648, 1.762, -2.3557, -162.6168, -8.8635, 0, 0, 0
L 231.6427, -186.638, 25.1061, 231.6465, -182.353, 25.1062, 0, 0, 0
L 231.6427, -186.638, 24.9068, 226.3556, -186.6456, 24.9066, 0, 0, 0
L 226.3556, -186.6456, 25.1062, 226.3548, -182.3565, 25.1062, 0, 0, 0
L 227.3509, -186.6442, 24.7465, 227.3514, -255.6439, 9.1061, 0, 0, 0
L 226.3548, -182.3565, 25.1062, 231.6465, -182.353, 25.1062, 0, 0, 0
L 231.6442, -185.3557, 25.1061, 276.355, -185.3558, 27.7942, 0, 0, 0
L 276.355, -185.3558, 27.7942, 276.3557, -143.6632, 25.1062, 0, 0, 0
L 276.3557, -143.6632, 25.1062, 274.3564, -143.6328, 25.1062, 0, 0, 0
L 204.3479, -186.6426, 24.9069, 209.6451, -186.645, 24.9066, 0, 0, 0
L 209.6439, -182.3565, 25.1062, 209.6451, -186.645, 25.1062, 0, 0, 0
L 209.6439, -182.3565, 25.1062, 204.3564, -182.3521, 25.1062, 0, 0, 0
L 208.6456, -186.9312, 24.8776, 208.6476, -255.6475, 9.1061, 0, 0, 0
L 208.6476, -255.6475, 8.8718, 153.6442, -255.6444, 9.1061, 0, 0, 0
L 153.6442, -255.6444, 9.1061, 153.6805, -277.7047, 9.1061, 0, 0, 0
L 153.6805, -277.7047, 9.1061, 173.9769, -292.9286, 9.1074, 0, 0, 0
L 173.9769, -292.9286, 9.1061, 153.6467, -309.4565, 9.1061, 0, 0, 0
L 153.6467, -309.4565, 9.1061, 153.6442, -330.3555, 9.1061, 0, 0, 0
L 153.6442, -330.3555, 9.1061, 242.3559, -330.3555, 9.1061, 0, 0, 0
L 242.3559, -330.3555, 9.1061, 242.3558, -311.6438, 8.7461, 0, 0, 0
L 246.6441, -311.6211, 8.7461, 241.3541, -311.6492, 8.6682, 0, 0, 0
L 241.3541, -311.6492, 8.1364, 241.3542, -307.3528, 8.3826, 0, 0, 0
L 241.3542, -307.3528, 8.9829, 246.6465, -307.3546, 10.1061, 0, 0, 0
L 246.6465, -307.3546, 14.129, 246.6416, -316.6, 16.88, 0, 0, 0
L 246.6416, -316.6, 28.2058, 265.3552, -301.2355, 28.2058, 0, 0, 0
L 265.3552, -301.2355, 28.2058, 265.3557, -287.6952, 26.1405, 0, 0, 0
L 265.3557, -289.644, 26.1405, 263.3496, -289.6469, 24.4399, 0, 0, 0
L 263.3496, -289.6469, 24.3261, 263.3552, -287.6897, 25.2828, 0, 0, 0
L 265.3557, -287.6952, 25.2828, 246.6579, -287.6442, 9.1061, 0, 0, 0
L 246.8129, -284.3539, 9.1061, 246.6107, -288.644, 9.1061, 0, 0, 0
L 246.6107, -288.644, 10.1061, 241.3541, -288.6467, 10.1061, 0, 0, 0
L 241.3541, -288.6467, 8.1364, 241.3539, -284.3557, 8.1364, 0, 0, 0
L 242.3557, -284.3256, 8.7456, 242.3557, -255.6442, 9.1061, 0, 0, 0
L 242.3557, -255.6442, 9.1061, 227.3514, -255.6439, 9.1061, 0, 0, 0
L 246.8129, -284.3539, 8.7457, 241.3539, -284.3557, 8.6341, 0, 0, 0
L 274.3564, -143.6328, 26.1385, 274.3527, -134.3531, 27.74, 0, 0, 0
L 274.3527, -134.3531, 25.1062, 275.3557, -134.3557, 25.1062, 0, 0, 0
L 275.3557, -134.3557, 25.1062, 275.3505, -109.3564, 25.1062, 0, 0, 0
L 275.3505, -109.3564, 25.1062, 302.3496, -109.3462, 26.4738, 0, 0, 0
L 302.3496, -109.3462, 31.7406, 302.3557, -90.6441, 25.1061, 0, 0, 0
L 305.6342, -90.6414, 25.1061, 301.3543, -90.645, 25.1062, 0, 0, 0
L 301.3543, -90.645, 26.1062, 301.3548, -85.3564, 26.1062, 0, 0, 0
L 301.3548, -85.3564, 25.1062, 305.6464, -85.3539, 25.1062, 0, 0, 0
L 305.6464, -85.3539, 25.1062, 305.6342, -90.6414, 25.1061, 0, 0, 0
L 305.644, -86.3558, 25.1061, 307.3559, -86.3559, 25.1061, 0, 0, 0
L 307.3559, -86.3559, 25.1061, 307.3523, -20.3522, 25.1062, 0, 0, 0
L 307.3523, -20.3522, 28.808, 364.3559, -20.3536, 25.1061, 0, 0, 0
L 364.3559, -20.3536, 25.1061, 364.355, 28.3558, 25.1061, 0, 0, 0
L 364.355, 28.3558, 25.1061, 345.6442, 28.3557, 24.7457, 0, 0, 0
L 345.6336, 32.645, 24.7457, 345.6467, 27.3538, 24.6444, 0, 0, 0
L 345.6467, 27.3538, 24.1368, 341.3555, 27.3564, 24.2585, 0, 0, 0
L 341.3555, 27.3564, 26.1062, 341.3543, 32.6439, 26.1062, 0, 0, 0
L 341.3543, 32.6439, 25.1062, 345.6336, 32.645, 25.1062, 0, 0, 0
L 345.867, 31.6451, 25.1062, 369.3559, 31.6438, 25.1061, 0, 0, 0
L 369.3559, 31.6438, 25.1061, 369.3561, 76.352, 25.1062, 0, 0, 0
L 369.3561, 76.352, 25.1062, 368.3552, 76.3787, 25.1062, 0, 0, 0
L 368.3552, 76.3787, 26.1382, 368.353, 85.6444, 26.1062, 0, 0, 0
L 368.353, 85.6444, 25.1061, 407.3553, 85.6441, 25.1062, 0, 0, 0
L 404.338, 85.6441, 25.1062, 404.3645, 89.6431, 25.1062, 0, 0, 0
L 404.3645, 89.6431, 25.1062, 407.3555, 89.6628, 25.1062, 0, 0, 0
L 407.3553, 85.6441, 25.1062, 407.3555, 136.6787, 25.1061, 0, 0, 0
L 407.3555, 132.3557, 25.1061, 403.3527, 132.3533, 25.1062, 0, 0, 0
L 403.3527, 132.3533, 25.1062, 403.3537, 137.6459, 25.1062, 0, 0, 0
L 403.3537, 137.6459, 24.8984, 406.688, 137.6435, 24.8979, 0, 0, 0
L 407.3555, 136.6787, 24.8979, 383.3539, 154.6776, 24.135, 0, 0, 0
L 383.3539, 154.6776, 24.7771, 383.3639, 184.7072, 25.1061, 0, 0, 0
L 383.3559, 160.3548, 25.1061, 378.3534, 160.3532, 25.1062, 0, 0, 0
L 378.3534, 160.3532, 25.1062, 378.36, 165.8388, 25.1066, 0, 0, 0
L 378.36, 165.8388, 25.1062, 383.3557, 165.6441, 25.1061, 0, 0, 0
L 383.3639, 184.7072, 25.1061, 372.7703, 194.3368, 25.1062, 0, 0, 0
L 372.7703, 194.3368, 25.1062, 337.9245, 194.3606, 25.1061, 0, 0, 0
L 337.9245, 194.3606, 26.1062, 337.9245, 204.6461, 26.1062, 0, 0, 0
L 337.9245, 204.6461, 27.45, 339.3557, 204.6442, 27.867, 0, 0, 0
L 339.3557, 204.6442, 27.867, 339.3553, 259.3557, 46.1355, 0, 0, 0
L 338.3532, 259.3582, 47.1047, 338.3557, 265.6451, 46.106, 0, 0, 0
L 338.3557, 265.6451, 46.106, 340.3557, 265.644, 46.106, 0, 0, 0
L 340.3613, 259.3518, 46.106, 340.3337, 290.3555, 46.106, 0, 0, 0
L 340.3613, 259.3518, 46.1385, 338.3532, 259.3582, 46.1433, 0, 0, 0
L 343.6442, 290.3559, 46.106, 338.353, 290.3548, 46.106, 0, 0, 0
L 338.353, 290.3548, 47.106, 338.355, 296.6438, 46.1064, 0, 0, 0
L 338.355, 296.6438, 46.106, 343.6442, 296.6451, 46.106, 0, 0, 0
L 355.6442, 334.6202, 46.106, 350.3568, 334.6496, 46.106, 0, 0, 0
L 350.3568, 334.6496, 46.106, 350.3532, 330.3568, 46.106, 0, 0, 0
L 355.6442, 334.6202, 46.106, 355.6464, 330.3527, 46.106, 0, 0, 0
L 449.3498, 337.3614, 46.106, 449.3555, 338.2355, 46.106, 0, 0, 0
L 449.3498, 337.3614, 47.6274, 458.6467, 337.3494, 47.106, 0, 0, 0
L 458.6447, 339.3557, 46.106, 477.6442, 339.3444, 47.8006, 0, 0, 0
L 477.6442, 339.3444, 31.1061, 477.6442, 372.3557, 36.7492, 0, 0, 0
L 477.6442, 372.3557, 36.7492, 610.6363, 372.3566, 31.1071, 0, 0, 0
L 604.7721, 372.3566, 31.1071, 585.3527, 344.1847, 29.5529, 65, 65, 65
L 585.3527, 344.1847, 31.558, 585.3537, 298.7873, 29.4044, 65, 65, 65
L 585.3537, 298.7873, 30.172, 609.36, 269.6695, 31.574, 65, 65, 65
L 609.3396, 260.1843, 37.178, 609.36, 269.6695, 47.3507, 0, 0, 0
L 629.3574, 288.2135, 36.9403, 594.6894, 239.6726, 34.8183, 0, 0, 0
L 594.6894, 239.6726, 34.8183, 565.35, 239.6677, 31.1061, 0, 0, 0
L 567.644, 239.6682, 31.1061, 567.6453, 290.2427, 30.961, 65, 65, 65
L 567.6453, 290.2427, 31.1061, 522.2504, 341.6478, 31.1079, 65, 65, 65
L 522.2504, 341.6478, 30.9486, 477.6442, 341.6442, 31.1061, 65, 65, 65
L 580.6242, 328.8238, 31.82, 585.3529, 329.2683, 31.1002, 240, 240, 240
L 580.4032, 319.4019, 29.5181, 585.3532, 319.7551, 29.5283, 240, 240, 240
L 602.7499, 277.6915, 31.579, 599.5421, 271.3347, 29.9974, 65, 65, 65
L 599.5421, 271.3347, 29.9974, 600.6926, 260.9384, 29.2471, 65, 65, 65
L 600.6926, 260.9384, 29.2471, 605.6013, 254.9544, 30.9512, 127, 127, 127
L 629.3574, 288.2135, 43.106, 629.3558, 307.3557, 43.106, 0, 0, 0
L 633.6399, 307.3784, 43.106, 628.3564, 307.3503, 43.106, 0, 0, 0
L 628.3564, 307.3503, 43.106, 628.3538, 311.6442, 43.106, 0, 0, 0
L 628.3538, 311.6442, 45.106, 633.6506, 311.6453, 45.106, 0, 0, 0
L 633.6399, 307.3784, 51.989, 633.6506, 311.6453, 47.8659, 0, 0, 0
L 633.6422, 334.6311, 51.81, 633.6467, 330.3548, 48.588, 0, 0, 0
L 633.6467, 330.3548, 45.106, 628.3573, 330.3543, 45.106, 0, 0, 0
L 628.3573, 330.3543, 43.4256, 628.3522, 334.6469, 43.4262, 0, 0, 0
L 628.3522, 334.6469, 43.2593, 633.6422, 334.6311, 43.2299, 0, 0, 0
L 629.3558, 334.644, 43.2299, 629.857, 344.218, 43.1062, 0, 0, 0
L 629.857, 344.218, 43.1062, 610.6363, 372.3566, 43.1052, 0, 0, 0
L 620.8327, 356.8054, 43.1052, 616.4317, 355.6558, 43.444, 65, 65, 65
L 616.4317, 355.6558, 43.444, 610.128, 357.9646, 43.106, 65, 65, 65
L 610.128, 357.9646, 43.106, 604.6608, 367.8761, 40.3682, 65, 65, 65
L 604.6608, 367.8761, 40.3682, 606.4195, 372.3566, 39.499, 65, 65, 65
L 633.6435, 333.2318, 51.891, 675.9293, 333.242, 60.4684, 0, 0, 0
L 766.6413, 357.6431, 93.1034, 791.8754, 357.6433, 93.106, 0, 0, 0
L 813.428, 357.6456, 93.106, 831.3558, 357.6444, 93.106, 0, 0, 0
L 813.428, 357.6456, 104.655, 812.9104, 352.6096, 104.6077, 0, 0, 0
L 812.9104, 352.6096, 104.9519, 814.937, 352.3344, 105.2931, 0, 0, 0
L 814.937, 352.3344, 105.2931, 815.1277, 334.5676, 112.668, 0, 0, 0
L 831.3556, 333.645, 115.9269, 815.1277, 334.5676, 115.306, 0, 0, 0
L 831.3556, 333.645, 115.81, 831.3414, 309.2171, 115.7771, 0, 0, 0
L 831.3414, 309.2171, 115.7771, 805.9681, 308.7826, 115.21, 0, 0, 0
L 805.9681, 308.7826, 115.21, 789.8689, 323.1114, 115.927, 0, 0, 0
L 790.9586, 352.2429, 107.5371, 789.8689, 323.1114, 108.2446, 0, 0, 0
L 790.9586, 352.2429, 105.296, 791.9765, 352.6822, 104.926, 0, 0, 0
L 791.8754, 357.6433, 101.7316, 791.9765, 352.6822, 101.6932, 0, 0, 0
L 591.515, 311.8464, 43.3055, 561.2835, 296.3713, 46.106, 240, 240, 240
L 561.2835, 296.3713, 46.106, 566.3614, 290.7563, 46.1062, 240, 240, 240
L 566.3614, 290.7563, 46.1062, 592.8798, 303.2187, 43.5471, 240, 240, 240
L 592.8798, 303.2187, 43.5471, 591.515, 311.8464, 43.1334, 240, 240, 240
L 458.6442, 339.3557, 46.106, 458.6467, 337.3494, 46.106, 0, 0, 0
L 565.35, 239.6677, 46.106, 565.3556, 220.6442, 46.106, 0, 0, 0
L 565.3556, 220.6442, 46.106, 563.3555, 220.6451, 46.106, 0, 0, 0
L 563.3555, 220.6451, 47.106, 563.3538, 211.3519, 47.106, 0, 0, 0
L 563.3538, 211.3519, 45.1471, 564.3561, 211.3557, 45.1456, 0, 0, 0
L 564.3561, 211.3557, 45.1456, 564.3556, 155.6444, 46.106, 0, 0, 0
L 568.6273, 155.6414, 46.106, 563.3537, 155.6451, 46.106, 0, 0, 0
L 563.3537, 155.6451, 47.106, 563.3541, 145.3564, 47.106, 0, 0, 0
L 563.3541, 145.3564, 45.1201, 568.6458, 145.3533, 45.1197, 0, 0, 0
L 568.6458, 145.3533, 45.4868, 568.6273, 155.6414, 45.4992, 0, 0, 0
L 568.644, 146.3558, 45.4992, 575.3555, 146.356, 46.106, 0, 0, 0
L 575.3555, 146.356, 46.106, 575.3527, 125.3552, 46.106, 0, 0, 0
L 575.3527, 125.3552, 46.106, 596.3556, 125.3558, 46.106, 0, 0, 0
L 596.3556, 125.3558, 46.106, 596.3555, 122.6441, 46.106, 0, 0, 0
L 606.6434, 122.618, 46.106, 595.3553, 122.6466, 46.106, 0, 0, 0
L 595.3553, 122.6466, 46.106, 595.3531, 117.3516, 46.106, 0, 0, 0
L 606.6434, 122.618, 46.106, 606.6463, 117.3599, 46.106, 0, 0, 0
L 606.6463, 117.3599, 47.106, 595.3531, 117.3516, 47.106, 0, 0, 0
L 605.6436, 122.6205, 46.106, 605.6448, 148.3557, 46.106, 0, 0, 0
L 605.6448, 148.3557, 46.106, 665.3558, 148.355, 46.106, 0, 0, 0
L 665.3558, 148.355, 46.106, 665.3546, 138.734, 46.106, 0, 0, 0
L 665.3546, 138.734, 46.106, 675.7322, 128.3522, 46.106, 0, 0, 0
L 675.7322, 128.3522, 46.2105, 685.3156, 128.3552, 48.9624, 0, 0, 0
L 685.3156, 128.3552, 48.9624, 685.3556, 71.6595, 50.3036, 0, 0, 0
L 685.3556, 71.6595, 50.3036, 658.6441, 71.6441, 48.3158, 0, 0, 0
L 658.6393, 62.341, 48.3158, 658.6448, 72.6987, 48.1871, 0, 0, 0
L 658.6448, 72.6987, 46.9947, 653.3573, 72.6069, 46.5446, 0, 0, 0
L 653.3573, 72.6069, 47.626, 653.3515, 62.3581, 47.106, 0, 0, 0
L 658.6393, 62.341, 46.106, 653.3515, 62.3581, 46.106, 0, 0, 0
L 654.3558, 62.3113, 46.106, 654.3568, 6.6441, 46.2492, 0, 0, 0
L 633.6888, 6.6444, 48.4472, 654.3568, 6.6441, 48.3855, 0, 0, 0
P 500, -200, 0, 0, 0, 0, 2, Map_by_Goodurden
P 830.8674, 396.7509, 93.106, 0, 127, 0, 3, to_Innothule_Swamp
