L -189.3155, 279.4594, 49.2023, -189.355, 246.6442, 52.3965, 0, 0, 0
L -189.355, 246.6442, 52.3965, -164.915, 246.6434, 48.106, 0, 0, 0
L -164.915, 246.6434, 56.743, -164.1577, 241.3537, 56.7728, 0, 0, 0
L -165.1422, 241.3556, 60.2034, -164.1577, 241.3537, 59.5807, 0, 0, 0
L -165.1422, 241.3556, 62.6114, -165.1091, 221.1582, 69.9779, 0, 0, 0
L -165.1091, 221.1582, 69.9779, -164.6559, 216.3752, 70.673, 0, 0, 0
L -164.6559, 216.3752, 70.673, -165.2805, 211.3851, 70.1029, 0, 0, 0
L -165.2805, 211.3851, 70.1029, -150.1379, 197.9398, 70.3177, 0, 0, 0
L -124.644, 197.8722, 70.8901, -150.1379, 197.9398, 70.8024, 0, 0, 0
L -124.644, 197.8722, 70.7954, -124.6436, 222.1593, 70.7909, 0, 0, 0
L -124.6436, 222.1593, 70.7864, -140.9132, 222.192, 69.8693, 0, 0, 0
L -140.9132, 222.192, 68.8944, -140.8603, 237.6605, 62.612, 0, 0, 0
L -140.8603, 237.6605, 62.612, -141.668, 241.3562, 60.2794, 0, 0, 0
L -141.668, 241.3562, 54.6396, -142.9979, 241.3558, 52.7058, 0, 0, 0
L -142.9979, 241.3558, 59.6388, -143.167, 246.6448, 59.6317, 0, 0, 0
L -143.167, 246.6448, 50.8222, -124.6437, 246.6445, 48.106, 0, 0, 0
L -124.6437, 246.6445, 48.106, -124.644, 341.3562, 51.6818, 0, 0, 0
L -124.644, 341.3562, 51.6818, -189.3415, 341.3555, 48.106, 0, 0, 0
L -189.3415, 341.3555, 48.106, -189.3617, 329.3437, 49.294, 0, 0, 0
L -194.6482, 329.2078, 59.1026, -189.3617, 329.3437, 58.9812, 0, 0, 0
L -194.6482, 329.2078, 59.6662, -194.6419, 331.9719, 60.831, 0, 0, 0
L -194.6419, 331.9719, 46.3654, -266.8913, 331.9205, 40.4095, 0, 0, 0
L -266.8913, 331.9205, 40.925, -280.2524, 316.9653, 40.3162, 0, 0, 0
L -280.2524, 316.9653, 40.3162, -280.2031, 222.4759, 39.2068, 0, 0, 0
L -328.1388, 222.1333, 15.9944, -383.3604, 222.2454, 5.5496, 0, 0, 0
L -322.3566, 197.7676, 6.1021, -269.4096, 197.7202, 15.238, 0, 0, 0
L -269.4096, 197.7202, 16.522, -255.7569, 212.9902, 16.2754, 0, 0, 0
L -255.7569, 212.9902, 16.2754, -255.8675, 308.688, 40.2781, 0, 0, 0
L -194.6507, 308.552, 58.6985, -255.8675, 308.688, 45.2794, 0, 0, 0
L -194.6463, 309.9655, 59.6527, -189.3546, 310.471, 59.634, 0, 0, 0
L -189.3546, 310.471, 48.106, -189.3559, 297.1329, 48.106, 0, 0, 0
L -189.3559, 297.1329, 48.106, -189.3155, 279.4612, 49.2012, 255, 0, 255
L -194.6448, 308.48, 58.7171, -194.6463, 309.9655, 52.6465, 0, 0, 0
L -383.3604, 222.2454, -0.8938, -383.3534, 219.3524, -0.8938, 0, 0, 0
L -383.3534, 219.3524, 0.1062, -393.6444, 219.3543, 0.1062, 0, 0, 0
L -393.6444, 219.3543, -0.8938, -393.6447, 224.6453, -0.8938, 0, 0, 0
L -393.6447, 224.6453, -0.8938, -392.6442, 224.6441, -0.8938, 0, 0, 0
L -392.6442, 224.6441, -0.8938, -392.6442, 251.3562, -0.8938, 0, 0, 0
L -392.6442, 251.3562, -0.8938, -417.2959, 251.3552, -0.8938, 0, 0, 0
L -417.3559, 251.355, -0.8938, -417.3516, 250.3557, -0.8938, 0, 0, 0
L -417.3516, 250.3557, -0.8938, -422.6517, 250.3538, -0.8938, 0, 0, 0
L -422.6517, 250.3538, 5.2042, -422.6438, 253.3556, 5.2041, 0, 0, 0
L -422.6438, 253.3556, 5.2041, -440.3557, 253.3549, 6.8495, 0, 0, 0
L -440.3557, 253.3549, 0.1062, -440.35, 250.3548, 0.1062, 0, 0, 0
L -440.35, 250.3548, 1.4892, -445.6462, 250.355, 1.3774, 0, 0, 0
L -445.6462, 250.355, -0.8938, -445.644, 251.356, -0.8938, 0, 0, 0
L -445.644, 251.356, -0.8938, -448.3561, 251.3558, -0.8938, 0, 0, 0
L -448.3561, 251.3558, -0.8938, -448.3532, 230.3612, -0.8938, 0, 0, 0
L -448.3532, 230.3612, -0.8938, -469.3552, 230.3186, -0.8938, 0, 0, 0
L -469.3552, 230.3186, -0.8938, -469.3557, 223.6444, -1.5011, 0, 0, 0
L -469.3557, 223.6444, -1.5011, -468.3562, 223.6458, -1.6508, 0, 0, 0
L -468.3562, 223.6458, -1.8798, -468.3535, 218.3545, -1.8185, 0, 0, 0
L -468.3535, 218.3545, 0.1062, -471.3557, 218.3557, 0.1062, 0, 0, 0
L -471.3557, 218.3557, 0.1062, -471.3548, 200.644, 0.1062, 0, 0, 0
L -471.3548, 200.644, 0.1062, -468.3575, 200.6482, 0.1062, 0, 0, 0
L -468.3575, 200.6482, 1.4316, -468.3532, 195.3536, 1.1835, 0, 0, 0
L -468.3532, 195.3536, -0.8938, -469.3559, 195.3558, -0.8938, 0, 0, 0
L -469.3559, 195.3558, -0.8938, -469.3557, 191.2949, -0.8938, 0, 0, 0
L -469.3557, 191.2949, -0.8938, -450.7531, 171.6744, -0.8938, 0, 0, 0
L -450.7531, 171.6744, -0.8938, -444.6438, 171.6447, -0.8938, 0, 0, 0
L -444.6272, 166.3568, -0.8938, -444.6471, 172.6443, -0.8938, 0, 0, 0
L -444.6471, 172.6443, -0.8938, -439.3568, 172.6456, -0.8938, 0, 0, 0
L -439.3568, 172.6456, 0.1062, -439.3532, 166.3551, 0.1062, 0, 0, 0
L -439.3532, 166.3551, -1.8938, -444.6272, 166.3568, -1.8938, 0, 0, 0
L -441.3561, 166.3558, -1.8938, -441.3485, 147.3557, -1.8938, 0, 0, 0
L -441.3485, 147.3557, -2.1581, -448.6553, 147.3526, -2.1587, 0, 0, 0
L -448.6553, 147.3526, -2.1587, -475.5645, 112.509, -16.2774, 0, 0, 0
L -475.5645, 112.509, -16.7727, -510.3543, 90.6445, -2.1724, 0, 0, 0
L -510.3543, 90.6445, -2.1585, -510.3543, 79.3512, -2.1585, 0, 0, 0
L -353.644, 78.3616, -2.1577, -353.6433, 85.639, -2.1591, 0, 0, 0
L -353.6433, 85.639, -2.1591, -388.5058, 112.597, -15.6541, 0, 0, 0
L -388.5058, 112.597, -14.747, -410.3912, 147.3555, -2.1589, 0, 0, 0
L -410.3912, 147.3555, -2.1589, -418.6451, 147.3525, -2.1587, 0, 0, 0
L -418.6451, 147.3525, -1.8938, -418.644, 166.3557, -1.8938, 0, 0, 0
L -416.3822, 166.3576, -1.8938, -421.6449, 166.3531, -1.8938, 0, 0, 0
L -421.6449, 166.3531, 0.1062, -421.6455, 172.6439, 0.1062, 0, 0, 0
L -421.6455, 172.6439, -0.8938, -416.3507, 172.6451, -0.8938, 0, 0, 0
L -416.3507, 172.6451, -0.8938, -416.3822, 166.3576, -0.8938, 0, 0, 0
L -416.3557, 171.6435, -0.8938, -412.3172, 171.6434, -0.8938, 0, 0, 0
L -412.3172, 171.6434, -0.8938, -392.6612, 190.2618, -1.1059, 0, 0, 0
L -392.6612, 190.2618, -1.1059, -392.6447, 196.2591, -0.8938, 0, 0, 0
L -392.6447, 196.2591, -0.8938, -393.644, 197.5074, -0.8938, 0, 0, 0
L -393.644, 197.5074, -0.8938, -393.6478, 201.6458, -0.8938, 0, 0, 0
L -393.6478, 201.6458, 0.1062, -383.3482, 201.6452, 0.1062, 0, 0, 0
L -383.3482, 201.6452, -0.8938, -383.3557, 199.644, -0.8938, 0, 0, 0
L -383.3557, 199.644, -0.8938, -327.6438, 199.644, -1.8545, 0, 0, 0
L -327.6438, 199.644, -1.8545, -327.6462, 200.6443, -1.852, 0, 0, 0
L -327.6462, 200.6443, 0.1062, -322.355, 200.6453, 0.1062, 0, 0, 0
L -322.355, 200.6453, 2.7014, -322.3546, 197.9045, 5.4169, 0, 0, 0
L -322.3561, 222.1217, 6.107, -322.3505, 219.3579, 2.5333, 0, 0, 0
L -322.3505, 219.3579, 0.1062, -327.47, 219.3514, 0.1062, 0, 0, 0
L -328.1388, 222.1333, -0.8938, -327.47, 219.3514, -0.8938, 0, 0, 0
L -322.3566, 222.2313, 6.971, -280.2031, 222.4759, 7.2469, 0, 0, 0
L -445.3516, -9.3559, -2.1581, -453.6308, -9.3542, -2.1585, 0, 0, 0
L -453.6308, -9.3542, -2.1585, -510.3312, 52.2969, -2.168, 0, 0, 0
L -510.3312, 52.2969, -2.168, -510.3899, 61.633, -2.1585, 0, 0, 0
L -422.6462, -9.3539, -2.1581, -415.357, -9.356, -2.1581, 0, 0, 0
L -353.6335, 55.6443, -2.1577, -353.6761, 47.335, -2.1709, 0, 0, 0
L -353.6761, 47.335, -2.1709, -388.4028, 25.5063, -13.5287, 0, 0, 0
L -388.4028, 25.5063, -13.4063, -415.3731, -9.3562, -2.1577, 0, 0, 0
L -510.3543, 79.3512, 0.1062, -535.6448, 79.356, 0.1062, 0, 0, 0
L -510.3899, 61.633, 0.1062, -535.645, 61.6469, 0.1062, 0, 0, 0
L -535.645, 61.6469, -0.8938, -535.6444, 56.4461, -0.8938, 0, 0, 0
L -535.6448, 79.356, -0.8938, -535.6435, 84.6471, -0.8938, 0, 0, 0
L -535.6435, 84.6471, -0.8938, -532.6441, 84.644, -0.8938, 0, 0, 0
L -532.6441, 84.644, -0.8938, -532.6446, 89.356, 7.4668, 0, 0, 0
L -532.6446, 89.356, 7.4668, -534.6417, 89.3528, 7.4638, 0, 0, 0
L -534.6417, 89.3528, 2.1046, -534.6657, 126.7734, 0.8513, 0, 0, 0
L -534.6657, 126.7734, 0.8513, -544.2563, 137.3249, -0.8938, 0, 0, 0
L -544.2563, 137.3249, -0.8938, -562.3559, 137.3557, -0.8938, 0, 0, 0
L -562.3559, 137.3557, -0.8938, -562.3511, 135.3551, -0.8938, 0, 0, 0
L -562.3511, 135.3551, -0.8938, -567.493, 135.3545, -0.8938, 0, 0, 0
L -574.3468, 137.3539, -0.8938, -590.3563, 161.3632, -0.8938, 0, 0, 0
L -590.3438, 160.3548, -0.8938, -595.6453, 160.3547, -0.8938, 0, 0, 0
L -595.6453, 160.3547, -0.8938, -595.644, 164.3559, -0.8938, 0, 0, 0
L -595.644, 164.3559, -0.8938, -639.3556, 164.3557, -0.8938, 0, 0, 0
L -639.3556, 164.3557, -0.8938, -639.3513, 161.3531, -0.8938, 0, 0, 0
L -642.3555, 161.3557, -0.8938, -642.355, 133.3413, -0.8938, 0, 0, 0
L -642.355, 133.3413, 5.2041, -645.3559, 133.3557, 5.2041, 0, 0, 0
L -645.3559, 133.3557, 5.2041, -645.2702, 115.6437, 6.8507, 0, 0, 0
L -645.2702, 115.6437, 0.9467, -642.355, 115.6431, -0.8928, 0, 0, 0
L -642.355, 115.6431, 1.4752, -642.3555, 111.4245, 1.1627, 0, 0, 0
L -642.3555, 111.4245, 1.1627, -619.3541, 99.3905, -0.8938, 0, 0, 0
L -619.3541, 99.3905, -0.8938, -619.3549, 64.5309, -0.8938, 0, 0, 0
L -619.3549, 64.5309, -1.7282, -642.3291, 56.551, -0.8938, 0, 0, 0
L -642.3291, 56.551, -0.8938, -642.364, 50.3534, 1.4762, 0, 0, 0
L -642.364, 50.3534, -0.8933, -645.356, 50.3558, 0.1062, 0, 0, 0
L -645.356, 50.3558, 0.1062, -645.3501, 32.6439, 0.92, 0, 0, 0
L -645.3501, 32.6439, 0.1062, -642.3565, 32.6443, -0.8933, 0, 0, 0
L -642.3531, 27.3514, -0.8938, -643.355, 27.3558, -0.8938, 0, 0, 0
L -643.355, 27.3567, -0.8938, -643.3554, -3.3561, -0.8938, 0, 0, 0
L -643.3554, -3.3561, -0.8938, -639.3531, -3.354, -0.8938, 0, 0, 0
L -642.3565, 32.6443, -0.8938, -642.3531, 27.3514, -0.8938, 0, 0, 0
L -639.3531, -3.354, -0.8938, -639.3556, -6.3558, -0.8938, 0, 0, 0
L -639.3556, -6.3558, -0.8938, -596.6441, -6.3559, 2.2545, 0, 0, 0
L -596.6441, -6.3559, 2.2545, -596.6453, -2.3336, 0.4716, 0, 0, 0
L -596.6453, -2.3336, -0.6974, -591.3524, -2.3647, -0.8333, 0, 0, 0
L -591.3524, -2.3647, -0.1825, -591.3565, -5.7, 0.7022, 0, 0, 0
L -591.3565, -5.7, 0.7022, -574.3338, 17.6269, -1.9158, 0, 0, 0
L -568.6858, 17.6434, -0.8938, -568.6413, 22.6443, -0.8938, 0, 0, 0
L -568.6413, 22.6443, -0.8938, -563.3519, 22.6464, -0.8938, 0, 0, 0
L -642.3556, 161.3557, -0.893, -639.3513, 161.3531, -0.8938, 0, 0, 0
L -590.3563, 161.3632, -0.8938, -590.3555, 161.2446, -0.8938, 0, 0, 0
L -567.6919, 137.3552, -0.8938, -567.493, 135.3545, -0.8938, 0, 0, 0
L -567.6919, 137.3552, -0.8938, -574.3468, 137.3539, -0.8938, 0, 0, 0
L -563.3519, 22.6464, -0.8938, -563.3555, 17.6442, -0.8938, 0, 0, 0
L -574.3338, 17.6269, -0.8938, -544.2585, 17.6741, -0.8938, 0, 0, 0
L -544.2585, 17.6741, -0.8938, -534.6435, 28.2674, -0.8938, 0, 0, 0
L -534.6435, 28.2674, -0.8938, -534.6434, 56.3235, -0.8938, 0, 0, 0
L -445.3516, -9.3559, -1.8938, -445.3559, -28.3555, -1.8938, 0, 0, 0
L -445.3559, -28.3555, -1.8938, -443.3568, -28.3546, -1.8938, 0, 0, 0
L -443.3568, -28.3546, 1.741, -443.3539, -33.645, -0.893, 0, 0, 0
L -443.3539, -33.645, -0.8938, -445.3557, -33.6441, -0.8938, 0, 0, 0
L -445.3557, -33.6441, -0.8938, -445.3528, -52.6445, -0.8938, 0, 0, 0
L -445.3528, -52.6445, -0.8938, -550.3559, -52.6443, -0.8938, 0, 0, 0
L -550.3559, -52.6443, -0.8938, -550.3523, -54.6439, -0.8938, 0, 0, 0
L -550.3523, -54.6439, 1.741, -559.6497, -54.6456, -0.8938, 0, 0, 0
L -559.6439, -53.6636, -0.8938, -559.6497, -54.6456, -0.8938, 0, 0, 0
L -559.644, -53.6439, -0.8938, -615.3559, -53.6441, 1.4417, 0, 0, 0
L -615.3559, -53.6441, 1.4417, -615.3523, -54.6518, 1.5159, 0, 0, 0
L -615.3523, -54.6518, 0.1062, -618.3556, -54.6441, 0.1062, 0, 0, 0
L -618.3556, -54.6441, 0.1062, -618.3493, -73.3563, 0.966, 0, 0, 0
L -618.3493, -73.3563, 0.1065, -615.5019, -73.355, -0.8937, 0, 0, 0
L -615.5019, -73.355, -0.8938, -615.3057, -76.3554, -0.8938, 0, 0, 0
L -615.3057, -76.3554, -0.8938, -601.3559, -76.3533, 0.1062, 0, 0, 0
L -601.3559, -76.3533, 0.1062, -601.3541, -79.6445, 0.1062, 0, 0, 0
L -601.3541, -79.6445, -1.4822, -611.3558, -79.6441, -1.4814, 0, 0, 0
L -611.3558, -79.6441, -1.4814, -611.3558, -108.3555, -1.4819, 0, 0, 0
L -611.3558, -108.3555, -1.4819, -571.6441, -108.3559, -1.4818, 0, 0, 0
L -571.6441, -108.3559, -1.4818, -571.6443, -79.6441, -1.4823, 0, 0, 0
L -571.6443, -79.6441, -1.4823, -577.6444, -79.6465, -1.4838, 0, 0, 0
L -577.6444, -79.6465, 0.1062, -577.6441, -76.3592, 0.1062, 0, 0, 0
L -577.6441, -76.3592, -0.8938, -559.6439, -76.3388, -0.8938, 0, 0, 0
L -559.6439, -76.3388, -0.8938, -559.6471, -73.3563, -0.8938, 0, 0, 0
L -559.6471, -73.3563, 0.1062, -550.3559, -73.3525, 0.1387, 0, 0, 0
L -550.3559, -73.3525, -0.8938, -550.3547, -75.3556, -0.8118, 0, 0, 0
L -550.3547, -75.3556, -0.8118, -494.6442, -75.3559, -0.8938, 0, 0, 0
L -494.6442, -76.6475, -0.8938, -494.6447, -72.3529, -0.8938, 0, 0, 0
L -494.6447, -72.3529, -0.8938, -489.3559, -72.3558, -0.8938, 0, 0, 0
L -489.3559, -72.3558, -0.8938, -489.3541, -76.6431, -0.8938, 0, 0, 0
L -489.3541, -76.6431, -1.93, -494.6442, -76.6475, -1.932, 0, 0, 0
L -490.3557, -76.644, -1.932, -490.3566, -145.6431, -16.8937, 0, 0, 0
L -490.3566, -145.6431, -16.8942, -497.3557, -145.6442, -17.1266, 0, 0, 0
L -497.3557, -145.6442, -17.1266, -497.355, -223.6428, -14.755, 0, 0, 0
L -497.355, -223.6428, -14.4434, -500.3335, -223.6436, -16.8928, 0, 0, 0
L -500.3335, -223.6436, -16.8928, -500.3557, -265.3557, -12.6105, 0, 0, 0
L -500.3557, -265.3557, -12.6105, -476.6433, -265.3043, -11.7964, 0, 0, 0
L -476.6433, -265.3043, -11.7964, -476.6592, -223.644, -16.8937, 0, 0, 0
L -476.6592, -223.644, -16.8937, -477.7262, -223.6432, -16.8937, 0, 0, 0
L -477.8018, -220.3543, -9.7207, -477.7262, -223.6432, -9.6914, 0, 0, 0
L -477.8018, -220.3543, -16.8937, -456.6437, -220.3557, -16.8937, 0, 0, 0
L -456.6437, -220.3557, -16.8937, -456.6442, -201.644, -17.2543, 0, 0, 0
L -457.6449, -201.6334, -17.8628, -457.6446, -197.3541, -17.639, 0, 0, 0
L -452.353, -197.355, -15.3421, -457.6446, -197.3541, -15.8938, 0, 0, 0
L -453.3537, -205.4112, -5.7622, -453.3557, -201.6436, -7.1284, 0, 0, 0
L -457.6449, -201.6334, -7.1284, -452.3564, -201.646, -6.5519, 0, 0, 0
L -452.3564, -201.646, -8.5596, -452.353, -197.355, -9.1346, 0, 0, 0
L -453.3537, -205.4112, -0.2983, -433.6684, -191.2334, 2.2063, 0, 0, 0
L -433.6684, -191.2334, 2.2063, -433.6524, -179.6434, 0.1268, 0, 0, 0
L -433.6524, -179.6434, 0.1268, -435.6435, -179.6471, -1.4795, 0, 0, 0
L -435.6435, -179.6471, -2.9, -435.646, -177.6444, -0.6562, 0, 0, 0
L -435.646, -177.6444, -0.6562, -452.3559, -177.6439, -16.8937, 0, 0, 0
L -452.3716, -174.3659, -16.8937, -452.3512, -178.6447, -16.8937, 0, 0, 0
L -452.3512, -178.6447, -15.8938, -457.6442, -178.6439, -15.8938, 0, 0, 0
L -457.6442, -178.6439, -17.8628, -457.646, -174.3533, -17.8632, 0, 0, 0
L -457.646, -174.3533, -17.3339, -452.3716, -174.3659, -17.254, 0, 0, 0
L -456.6451, -174.3557, -17.254, -456.6442, -145.7016, -16.8937, 0, 0, 0
L -471.6442, -145.646, -16.8937, -456.644, -145.6442, -16.8937, 0, 0, 0
L -471.6442, -145.646, -16.8937, -471.6442, -76.6449, -1.931, 0, 0, 0
L -467.3568, -76.6641, -1.931, -472.6428, -76.6406, -1.932, 0, 0, 0
L -472.6428, -76.6406, -0.8938, -472.6467, -72.3555, -0.8938, 0, 0, 0
L -472.6467, -72.3555, -0.8938, -467.3539, -72.3541, -0.8938, 0, 0, 0
L -467.3539, -72.3541, -0.8938, -467.3568, -76.6641, -0.8938, 0, 0, 0
L -467.3559, -75.3554, -0.8938, -422.644, -75.3559, 1.4218, 0, 0, 0
L -422.644, -75.3559, 1.4218, -422.6442, -33.6441, -0.8938, 0, 0, 0
L -422.6442, -33.6441, -0.8938, -424.6442, -33.6469, -0.8938, 0, 0, 0
L -424.6442, -33.6469, 0.1386, -424.6451, -28.3552, 0.1386, 0, 0, 0
L -424.6451, -28.3552, -1.8938, -422.644, -28.3554, -1.8938, 0, 0, 0
L -422.644, -28.3554, -1.8938, -422.6462, -9.3539, -1.8938, 0, 0, 0
L -353.6335, 55.6443, -1.8938, -334.6535, 55.6443, -1.8938, 0, 0, 0
L -334.6664, 53.3639, -1.8938, -334.6367, 58.6437, -1.8938, 0, 0, 0
L -353.644, 78.3616, -1.8938, -334.6442, 78.3348, -1.8938, 0, 0, 0
L -334.6419, 81.6312, -1.8938, -334.6456, 76.3571, -1.8938, 0, 0, 0
L -334.6367, 58.6437, 0.1062, -328.3543, 58.6477, 0.1062, 0, 0, 0
L -334.6456, 76.3571, 0.1062, -328.3544, 76.3516, 0.1062, 0, 0, 0
L -328.3543, 58.6477, -0.8938, -328.3546, 53.3541, -0.8938, 0, 0, 0
L -328.3546, 53.3541, -0.8938, -334.6664, 53.3639, -0.8938, 0, 0, 0
L -329.3552, 53.3558, -0.8938, -329.3555, 33.6441, -0.8938, 0, 0, 0
L -329.3555, 33.6441, -0.8938, -325.3553, 33.6477, -0.8938, 0, 0, 0
L -325.3553, 33.6477, -0.8938, -325.3557, 29.6437, -0.8938, 0, 0, 0
L -325.3557, 29.6437, -0.8938, -253.6442, 29.6438, -0.8937, 0, 0, 0
L -253.6442, 29.6438, -0.8937, -253.6482, 33.6445, -1.3547, 0, 0, 0
L -253.6482, 33.6445, -1.353, -248.355, 33.6458, -0.8938, 0, 0, 0
L -248.355, 33.6458, -0.8938, -248.3555, 29.6439, -0.8938, 0, 0, 0
L -248.3555, 29.6439, -0.8938, -225.6442, 29.6451, -0.8938, 0, 0, 0
L -225.6442, 29.6451, -0.8938, -225.6475, 33.6458, -0.8938, 0, 0, 0
L -225.6475, 33.6458, 0.1062, -222.6427, 33.643, 0.1062, 0, 0, 0
L -222.6427, 33.643, 0.666, -222.6439, 51.356, 0.1062, 0, 0, 0
L -222.6439, 51.356, 0.1062, -225.6456, 51.3526, 0.1062, 0, 0, 0
L -225.6456, 51.3526, -0.8938, -225.6443, 55.3562, -0.8938, 0, 0, 0
L -225.6443, 55.3562, -0.8938, -249.6444, 55.3558, -0.8938, 0, 0, 0
L -249.6444, 55.3558, -0.8938, -249.6468, 80.6444, -0.8938, 0, 0, 0
L -249.6468, 80.6444, -0.8938, -225.6673, 80.6441, -0.8938, 0, 0, 0
L -225.6467, 84.6362, -0.8938, -225.6442, 80.6441, -0.8938, 0, 0, 0
L -215.3913, 102.3495, 1.9894, -225.6461, 102.3563, 1.8738, 0, 0, 0
L -225.6461, 102.3563, 2.8567, -225.6442, 106.3558, 4.1603, 0, 0, 0
L -225.6442, 106.3558, 4.1603, -248.3548, 106.3559, -0.8938, 0, 0, 0
L -248.3548, 106.3559, -0.8938, -248.3542, 102.3563, -0.8938, 0, 0, 0
L -248.3542, 102.3563, -0.8938, -253.6456, 102.3541, -0.8938, 0, 0, 0
L -253.6456, 102.3541, -0.8938, -253.6444, 106.3559, -0.8938, 0, 0, 0
L -253.6444, 106.3559, -0.8938, -326.3557, 106.3378, 3.806, 0, 0, 0
L -326.3557, 106.3378, 3.806, -326.3535, 102.3533, 2.9192, 0, 0, 0
L -326.3535, 102.3533, 0.9605, -329.3559, 102.3558, 0.64, 0, 0, 0
L -329.3559, 102.3558, 0.64, -329.3557, 81.644, -0.8938, 0, 0, 0
L -334.6419, 81.6312, -0.8938, -328.3555, 81.6466, -0.8938, 0, 0, 0
L -328.3555, 81.6466, -0.8938, -328.3544, 76.3516, -0.8938, 0, 0, 0
L -225.6467, 84.6362, 2.741, -215.3555, 84.6486, 2.739, 0, 0, 0
L -215.3555, 84.6486, 0.1062, -215.3552, 83.6439, 0.1062, 0, 0, 0
L -215.3552, 83.6439, 0.1062, -192.644, 83.6449, 0.1062, 0, 0, 0
L -192.6385, 81.3559, 0.1062, -192.6486, 85.6444, 0.1062, 0, 0, 0
L -192.6486, 85.6444, 0.1062, -188.3565, 85.6463, 0.1062, 0, 0, 0
L -188.3565, 85.6463, 0.1062, -188.3533, 81.3552, 0.1062, 0, 0, 0
L -188.3533, 81.3552, 0.1062, -192.6385, 81.3559, 0.1062, 0, 0, 0
L -190.3559, 81.3555, 0.1062, -190.3557, 58.6443, 0.1062, 0, 0, 0
L -190.3557, 58.6443, 0.1062, -188.3565, 58.646, 0.1062, 0, 0, 0
L -188.3565, 58.646, 0.1062, -188.3552, 56.6846, 0.1062, 0, 0, 0
L -188.3552, 56.6846, 0.1062, -171.6441, 56.6009, 0.4301, 0, 0, 0
L -181.6451, 63.3254, 0.1062, -181.6499, 56.651, 0.1062, 65, 65, 65
L -178.3728, 63.3239, 0.1062, -178.3033, 56.6343, 0.1062, 65, 65, 65
L -181.6451, 63.3254, 0.1071, -178.3728, 63.3239, 0.1071, 65, 65, 65
L -171.6362, 53.3641, 2.5503, -171.6467, 57.643, 2.4502, 0, 0, 0
L -171.6467, 57.643, 2.4133, -166.3571, 57.6475, 2.6114, 0, 0, 0
L -166.3571, 57.6475, 3.3237, -166.3531, 53.3539, 4.3419, 0, 0, 0
L -166.3531, 53.3539, 4.9504, -171.6362, 53.3641, 5.1352, 0, 0, 0
L -167.3552, 53.3558, 5.1352, -167.3557, 51.6443, 6.1744, 0, 0, 0
L -167.3557, 51.6443, 6.1744, -101.3521, 51.6471, 0.1062, 0, 0, 0
L -101.3521, 51.6471, 0.1062, -101.3558, -5.3558, 0.1066, 0, 0, 0
L -101.3558, -5.3558, 0.1066, -52.6439, -5.3558, 0.1062, 0, 0, 0
L -52.6439, -5.3558, 0.1062, -52.6792, 13.3557, -0.2742, 0, 0, 0
L -48.3554, 13.3719, -0.2742, -53.6445, 13.352, -0.4019, 0, 0, 0
L -53.6445, 13.352, -0.8629, -53.6454, 17.6423, -0.5717, 0, 0, 0
L -53.6454, 17.6423, 1.1062, -48.3543, 17.6492, 1.1062, 0, 0, 0
L -48.3543, 36.3564, 1.1062, -53.6426, 36.3519, 1.1062, 0, 0, 0
L -53.6426, 36.3519, -0.8626, -53.6478, 40.6452, -0.8635, 0, 0, 0
L -52.6441, 40.6608, -0.2542, -52.6439, 69.5414, 0.1062, 0, 0, 0
L -101.356, 85.7673, 0.1062, -101.3556, 74.3473, 0.1062, 0, 0, 0
L -101.3556, 74.3473, 0.1062, -106.6325, 74.3576, 0.1062, 0, 0, 0
L -106.6325, 74.3576, 0.1062, -106.6975, 87.5534, 0.1062, 0, 0, 0
L -52.6439, 69.5414, 0.1062, -148.1194, 101.3563, 4.846, 0, 0, 0
L -148.1194, 101.3563, 4.846, -167.3557, 101.3549, 0.1062, 0, 0, 0
L -167.3557, 101.3549, 0.1062, -167.3558, 80.644, 0.1062, 0, 0, 0
L -166.3547, 80.635, 0.1062, -166.3558, 76.3551, 0.1062, 0, 0, 0
L -166.3558, 76.3551, 1.1062, -171.6447, 76.355, 1.1062, 0, 0, 0
L -171.6447, 76.355, 0.1062, -171.6443, 80.6462, 0.1062, 0, 0, 0
L -171.6443, 80.6462, 0.1062, -166.3547, 80.635, 0.1062, 0, 0, 0
L -170.6442, 80.6441, 0.1062, -170.6441, 81.3558, 0.1062, 0, 0, 0
L -170.6441, 81.3558, 0.1062, -172.644, 81.3533, 0.1062, 0, 0, 0
L -172.644, 81.3533, 0.1062, -172.6463, 85.6456, 0.1062, 0, 0, 0
L -172.6463, 85.6456, 0.1062, -170.6441, 85.6441, 0.1062, 0, 0, 0
L -170.6441, 85.6441, 0.1062, -170.6726, 102.3555, 0.1062, 0, 0, 0
L -170.6726, 102.3555, 0.1062, -172.6456, 102.3555, 0.1062, 0, 0, 0
L -172.6456, 102.3555, 0.1062, -172.6442, 104.3558, 0.1062, 0, 0, 0
L -172.6442, 104.3558, 0.1062, -188.3557, 104.3555, 0.1062, 0, 0, 0
L -188.3557, 104.3555, 0.1062, -188.3542, 102.3564, 0.1062, 0, 0, 0
L -188.3542, 102.3564, 0.1062, -192.6459, 102.3537, 0.1062, 0, 0, 0
L -192.6459, 102.3537, 0.1062, -192.6442, 104.3558, 0.1062, 0, 0, 0
L -192.6442, 104.3558, 0.1062, -215.3557, 104.3555, 3.8788, 0, 0, 0
L -215.3557, 104.3555, 3.8788, -215.3913, 102.3495, 3.4727, 0, 0, 0
L -48.3543, 36.3564, 0.1062, -48.3605, 40.64, 0.1062, 0, 0, 0
L -48.3558, 37.3551, 0.1062, -31.6439, 37.3549, 0.1062, 0, 0, 0
L -31.6439, 37.3549, 0.1062, -31.6447, 35.3551, 0.1062, 0, 0, 0
L -31.6447, 35.3551, 0.1062, -29.6441, 35.3554, 0.1062, 0, 0, 0
L -29.6441, 35.3554, 0.1062, -29.6444, 12.6997, 0.1062, 0, 0, 0
L -31.645, 12.6448, 0.1062, -31.6458, 8.3564, 0.1062, 0, 0, 0
L -31.6458, 8.3564, 0.1062, -27.3516, 8.3542, 0.1062, 0, 0, 0
L -27.3516, 8.3542, 0.1062, -27.3606, 12.644, 0.1062, 0, 0, 0
L -27.3557, 10.3562, 0.1062, -4.6444, 10.3559, 0.1062, 0, 0, 0
L -4.6444, 10.3559, 0.1062, -4.6454, 9.3498, 0.1062, 0, 0, 0
L 4.6463, 9.3648, 2.741, -4.6454, 9.3498, 2.739, 0, 0, 0
L -4.6444, 10.3158, 0.1062, -4.6441, 10.356, 0.1062, 0, 0, 0
L 4.6463, 9.3648, 0.1062, 4.6441, 10.3559, 0.1062, 0, 0, 0
L 4.6441, 10.3559, 0.1062, 27.3558, 10.3559, 0.1062, 0, 0, 0
L 27.3558, 10.3559, 0.1062, 27.353, 8.3572, 0.1062, 0, 0, 0
L 27.353, 8.3572, 0.1062, 31.6463, 8.3535, 0.1062, 0, 0, 0
L 31.6463, 8.3535, 0.1062, 31.6442, 10.3562, 0.1062, 0, 0, 0
L 31.6442, 10.3562, 0.1062, 47.3558, 10.3553, 0.1062, 0, 0, 0
L 47.3558, 10.3553, 0.1062, 47.3498, 8.3572, 0.1062, 0, 0, 0
L 47.3498, 8.3572, 0.1062, 49.3556, 8.347, 0.1062, 0, 0, 0
L 49.3556, 8.347, 0.1062, 49.3554, -8.319, 0.1062, 0, 0, 0
L 49.3554, -8.319, 0.1062, 47.3537, -8.3108, 0.1062, 0, 0, 0
L 47.3537, -8.3108, 0.1062, 47.3607, -12.6461, 0.1062, 0, 0, 0
L 47.3607, -12.6461, 0.1062, 49.3558, -12.644, 0.1062, 0, 0, 0
L 49.3558, -12.644, 0.1062, 49.3558, -13.356, 0.1062, 0, 0, 0
L 53.6462, -13.3649, 0.1062, 48.3564, -13.3541, 0.1062, 0, 0, 0
L 48.3564, -13.3541, 0.1062, 48.353, -17.6435, 0.1062, 0, 0, 0
L 48.353, -17.6435, 1.1071, 53.6445, -17.646, 1.1062, 0, 0, 0
L 53.643, -36.3551, 1.1062, 48.3481, -36.356, 1.1062, 0, 0, 0
L 48.3481, -36.356, 0.1062, 48.3806, -40.6313, 0.1062, 0, 0, 0
L 48.3558, -37.3562, 0.1062, 31.6445, -37.3558, 16.3517, 0, 0, 0
L 31.6445, -37.3558, 16.3517, 31.6437, -35.353, 14.9009, 0, 0, 0
L 31.6437, -35.353, 16.5133, 29.6438, -35.3554, 17.1387, 0, 0, 0
L 29.6438, -35.3554, 17.1387, 29.6446, -12.6437, 0.1062, 0, 0, 0
L 27.3591, -12.6379, 0.1062, 31.6439, -12.6487, 0.1062, 0, 0, 0
L 31.6439, -12.6487, 0.1062, 31.6469, -8.3559, 0.1062, 0, 0, 0
L 31.6469, -8.3559, 0.1062, 27.353, -8.3538, 0.1062, 0, 0, 0
L 27.353, -8.3538, 0.1062, 27.3591, -12.6379, 0.1062, 0, 0, 0
L 27.3557, -10.356, 0.1062, 4.6734, -10.3556, 4.9038, 0, 0, 0
L 4.6421, -9.3559, 4.8788, 4.6445, -10.356, 4.8968, 0, 0, 0
L 4.6421, -9.3559, 4.701, -4.6459, -9.3531, 4.3127, 0, 0, 0
L -4.6459, -9.3531, 5.899, -4.6444, -10.3558, 6.1028, 0, 0, 0
L -4.6444, -10.3558, 6.1028, -27.3556, -10.3558, 0.1062, 0, 0, 0
L -27.3556, -10.3558, 0.1062, -27.3538, -8.3567, 0.1062, 0, 0, 0
L -27.3538, -8.3567, 0.1062, -31.6452, -8.3533, 0.1062, 0, 0, 0
L -31.6452, -8.3533, 0.1062, -31.6442, -10.3558, 0.1062, 0, 0, 0
L -31.6442, -10.3558, 0.1062, -47.3558, -10.3553, 0.1062, 0, 0, 0
L -47.3558, -10.3553, 0.1062, -47.3526, -8.3547, 0.1062, 0, 0, 0
L -47.3526, -8.3547, 0.1062, -49.356, -8.3558, 0.1062, 0, 0, 0
L -49.356, -8.3558, 0.1062, -49.3554, 8.2858, 0.1062, 0, 0, 0
L -49.3558, 8.3552, 0.1062, -47.3547, 8.3553, 0.1062, 0, 0, 0
L -47.3547, 8.3553, 0.1062, -47.3558, 12.6471, 0.1062, 0, 0, 0
L -47.3558, 12.6471, 0.1062, -49.3558, 12.6441, 0.1062, 0, 0, 0
L -49.3558, 12.6441, 0.1062, -49.3547, 13.3559, 0.1062, 0, 0, 0
L -48.3554, 13.3719, 0.1062, -48.3543, 17.6492, 0.1062, 0, 0, 0
L -48.3605, 40.64, -0.2543, -53.6478, 40.6452, -0.2646, 0, 0, 0
L -31.645, 12.6448, 0.1062, -27.3606, 12.644, 0.1062, 0, 0, 0
L 53.643, -36.3551, 0.1062, 53.6467, -40.6473, 0.1062, 0, 0, 0
L 53.6467, -40.6473, 0.1062, 48.3806, -40.6313, 0.1062, 0, 0, 0
L 52.6441, -40.6443, 0.1062, 52.6441, -69.3551, 0.1062, 0, 0, 0
L 53.8913, -69.3536, 0.2, 53.8926, -73.8917, 0.2, 0, 0, 0
L 53.8926, -73.8917, 1.2, 48.3537, -73.893, 1.2, 0, 0, 0
L 48.3537, -73.893, 0.1062, 48.3605, -69.3632, 0.1062, 0, 0, 0
L 48.3556, -72.6436, 0.1062, 29.6539, -72.6529, 0.1062, 0, 0, 0
L 48.3605, -69.3632, 0.1062, 53.8913, -69.3536, 0.1062, 0, 0, 0
L 94.3555, -98.3812, 0.1062, 52.6437, -98.3305, 0.1062, 0, 0, 0
L 52.6437, -98.3305, 0.1062, 52.6443, -96.7035, 0.1062, 0, 0, 0
L 53.6445, -96.645, 0.1062, 53.6441, -92.3554, 0.1062, 0, 0, 0
L 53.6441, -92.3554, 1.1062, 48.3558, -92.3547, 1.1062, 0, 0, 0
L 48.3558, -92.3547, 0.1062, 48.3547, -96.6439, 0.1062, 0, 0, 0
L 48.3547, -96.6439, 0.1062, 53.6445, -96.645, 0.1062, 0, 0, 0
L 49.3547, -96.644, 0.1062, 49.3558, -97.304, 0.1062, 0, 0, 0
L 49.3558, -97.3559, 0.1062, 47.3547, -97.3508, 0.1062, 0, 0, 0
L 47.3547, -97.3508, 0.1062, 47.3554, -101.6456, 0.1062, 0, 0, 0
L 47.3554, -101.6456, 0.1062, 49.2881, -101.6444, 0.1062, 0, 0, 0
L 49.3562, -118.3297, 0.1062, 49.3558, -101.6441, 0.1062, 0, 0, 0
L 49.3554, -118.3558, 0.1062, 47.3528, -118.3526, 0.1062, 0, 0, 0
L 47.3528, -118.3526, 0.1062, 47.3554, -120.3558, 0.1062, 0, 0, 0
L 47.3554, -120.3558, 0.1062, 31.6444, -120.3558, 0.1062, 0, 0, 0
L 31.6444, -120.3558, 0.1062, 31.6461, -118.3572, 0.1062, 0, 0, 0
L 31.6461, -118.3572, 0.1062, 27.3551, -118.3516, 0.1062, 0, 0, 0
L 27.3551, -118.3516, 0.1062, 27.3557, -120.3558, 0.1062, 0, 0, 0
L 27.3557, -120.3558, 0.1062, 4.6441, -120.3552, 0.1062, 0, 0, 0
L 4.6393, -124.6102, 0.1062, 4.6454, -119.3559, 0.1062, 0, 0, 0
L 4.6454, -119.3559, 0.1062, -5.6455, -119.353, 1.1062, 0, 0, 0
L -5.6455, -119.353, 0.1062, -5.6444, -124.6475, 0.1062, 0, 0, 0
L -5.6444, -124.6475, 0.1062, 4.6393, -124.6102, 0.1062, 0, 0, 0
L -4.644, -124.6439, 0.1062, -4.6448, -126.3559, 0.1062, 0, 0, 0
L -4.6448, -126.3559, 0.1062, -7.6501, -126.347, 0.1062, 0, 0, 0
L -7.6501, -126.347, 0.1062, -7.6441, -129.3558, 0.1062, 0, 0, 0
L -7.6441, -129.3558, 0.1062, -35.3558, -129.3552, 0.1062, 0, 0, 0
L -35.3558, -129.3552, 0.1062, -35.3537, -127.3559, 0.1062, 0, 0, 0
L -35.3537, -127.3559, 0.1062, -40.646, -127.3543, 0.1062, 0, 0, 0
L -40.646, -127.3543, 0.1062, -40.6447, -130.6117, 0.1062, 0, 0, 0
L -40.6447, -130.6117, 0.1062, -113.2793, -185.3555, 0.1062, 0, 0, 0
L -113.2793, -185.3555, 0.1062, -116.6463, -185.3511, 0.1062, 0, 0, 0
L -116.6463, -185.3511, 0.1062, -116.6441, -189.3551, 0.1062, 0, 0, 0
L -116.6441, -189.3551, 0.1062, -152.3559, -189.3554, 0.1062, 0, 0, 0
L -152.3559, -189.3554, 0.1062, -152.3536, -186.3559, 0.1062, 0, 0, 0
L -152.3536, -186.3559, 0.1062, -155.3558, -186.3555, 0.1062, 0, 0, 0
L -155.3558, -186.3555, 0.1062, -155.3556, -185.6439, 0.1062, 0, 0, 0
L -165.6426, -185.6188, 0.1062, -154.3557, -185.6462, 0.1062, 0, 0, 0
L -154.3557, -185.6462, 0.1062, -154.3539, -180.3573, 0.1062, 0, 0, 0
L -154.3539, -180.3573, 1.1062, -165.6484, -180.3515, 0.1062, 0, 0, 0
L -165.6484, -180.3515, -0.8938, -165.6426, -185.6188, -0.8938, 0, 0, 0
L -165.6441, -184.3563, -0.8938, -189.645, -184.3548, -0.8938, 0, 0, 0
L -189.645, -184.3548, -0.8938, -189.6493, -209.6443, -0.8938, 0, 0, 0
L -189.6493, -209.6443, -0.8938, -165.6441, -209.6453, -0.8938, 0, 0, 0
L -165.6441, -209.6453, -0.8938, -165.6459, -213.645, -0.8938, 0, 0, 0
L -165.6459, -213.645, 0.1062, -162.707, -213.6445, 0.1062, 0, 0, 0
L -162.7824, -231.3567, 0.1062, -162.6443, -213.7153, 0.1062, 0, 0, 0
L -162.7824, -231.3567, 0.1062, -165.6476, -231.3534, 0.1062, 0, 0, 0
L -165.6476, -231.3534, -0.8938, -165.6442, -235.3559, -0.8938, 0, 0, 0
L -165.6442, -235.3559, -0.8938, -188.3557, -235.3557, -0.8938, 0, 0, 0
L -188.3557, -235.3557, -0.8938, -188.3528, -231.3565, -0.8938, 0, 0, 0
L -188.3528, -231.3565, -0.8938, -193.6237, -231.3517, -1.59, 0, 0, 0
L -193.6237, -231.3517, -1.439, -193.6611, -235.3555, -0.8938, 0, 0, 0
L -193.6611, -235.3555, -0.8938, -265.3557, -235.3548, 0.8667, 0, 0, 0
L -265.3557, -235.3548, 0.8667, -265.3521, -231.3566, 0.9537, 0, 0, 0
L -265.3521, -231.3566, 1.6714, -269.3143, -231.3551, 3.8978, 0, 0, 0
L -269.3143, -231.3551, 3.8978, -269.271, -211.6443, 3.5314, 0, 0, 0
L -268.3548, -211.6456, 3.5314, -269.3557, -211.6442, 3.5386, 0, 0, 0
L -268.3548, -211.6456, 3.1638, -268.3575, -206.3633, 1.9173, 0, 0, 0
L -268.3575, -206.3633, 1.2085, -271.3559, -206.3471, 0.1062, 0, 0, 0
L -271.3559, -206.3471, 0.1062, -271.3383, -188.6442, 0.1062, 0, 0, 0
L -271.3383, -188.6442, 0.1062, -268.3577, -188.6434, -0.8938, 0, 0, 0
L -268.3577, -188.6434, -0.8938, -268.3525, -183.2632, -0.8938, 0, 0, 0
L -268.3525, -183.2632, -0.8938, -243.7764, -158.6895, -0.8938, 0, 0, 0
L -243.7764, -158.6895, 3.9618, -193.6444, -158.644, -0.8938, 0, 0, 0
L -193.6444, -158.644, -0.8938, -193.6451, -162.6434, -0.8938, 0, 0, 0
L -193.6451, -162.6434, -0.8938, -188.3534, -162.6465, -0.8938, 0, 0, 0
L -188.3534, -162.6465, -0.8938, -188.3558, -158.6439, -0.8938, 0, 0, 0
L -188.3558, -158.6439, -0.8938, -165.645, -158.6439, -0.8938, 0, 0, 0
L -165.6451, -157.3106, -0.8938, -165.6443, -162.6445, -0.8938, 0, 0, 0
L -165.6443, -162.6445, 0.1062, -154.3557, -162.6475, 1.1062, 0, 0, 0
L -154.3557, -162.6475, 0.1062, -154.3541, -157.3574, 0.1062, 0, 0, 0
L -154.3541, -157.3574, 0.1062, -165.6451, -157.3106, 0.1062, 0, 0, 0
L -155.3557, -157.3533, 0.1062, -155.3565, -156.6654, 0.1062, 0, 0, 0
L -155.3565, -156.6654, 0.1062, -152.355, -156.6276, 0.1062, 0, 0, 0
L -152.355, -156.6276, 0.1062, -152.3559, -153.6448, 0.1062, 0, 0, 0
L -152.3559, -153.6448, 0.1062, -118.6443, -153.667, 0.1062, 0, 0, 0
L -118.6443, -153.667, 0.1062, -118.6479, -155.644, 0.1062, 0, 0, 0
L -118.6479, -155.644, 0.1062, -113.3717, -155.6465, 0.1062, 0, 0, 0
L -113.3717, -155.6465, 0.1062, -113.3391, -152.2907, 0.1062, 0, 0, 0
L -113.3391, -152.2907, 0.1062, -40.7727, -92.645, 0.1062, 0, 0, 0
L -40.7727, -92.645, 0.1062, -37.3515, -92.6443, 0.1062, 0, 0, 0
L -37.3515, -92.6443, 0.1062, -37.3558, -88.644, 0.1062, 0, 0, 0
L -37.3558, -88.644, 0.1062, -7.6443, -88.644, 0.1062, 0, 0, 0
L -7.6443, -88.644, 0.1062, -7.6481, -91.646, 0.1062, 0, 0, 0
L -7.6481, -91.646, 0.1062, -4.6441, -91.6441, 0.1062, 0, 0, 0
L -4.6441, -91.6441, 0.1062, -4.6448, -96.3559, 0.1062, 0, 0, 0
L 4.6397, -96.3936, 0.1062, -5.6468, -96.3517, 0.1062, 0, 0, 0
L -5.6468, -96.3517, 0.1062, -5.6459, -101.6466, 0.1062, 0, 0, 0
L 4.6397, -96.3936, 0.1062, 4.6474, -101.6415, 0.1062, 0, 0, 0
L 4.6474, -101.6415, 1.1062, -5.6459, -101.6466, 1.1062, 0, 0, 0
L 4.644, -99.644, 0.1062, 27.356, -99.6441, 0.1062, 0, 0, 0
L 27.3593, -97.3558, 0.1062, 27.3532, -101.6462, 0.1062, 0, 0, 0
L 27.3532, -101.6462, 0.1062, 31.6433, -101.6456, 0.1062, 0, 0, 0
L 31.6433, -101.6456, 0.1062, 31.646, -97.355, 0.1062, 0, 0, 0
L 31.646, -97.355, 0.1062, 27.3593, -97.3558, 0.1062, 0, 0, 0
L 29.6441, -97.3554, 0.1062, 29.6539, -72.6529, 0.1062, 0, 0, 0
L 53.6445, -17.646, 0.1062, 53.6462, -13.3649, 0.1062, 0, 0, 0
L 52.6441, -13.3558, 0.1062, 52.6439, -4.3052, 0.1062, 0, 0, 0
L 52.6439, -4.3052, 0.1062, 75.2978, 18.3565, 0.1062, 0, 0, 0
L 75.2978, 18.3565, 0.1062, 94.3558, 18.3533, 0.1062, 0, 0, 0
L 94.3558, 18.3533, -13.4496, 94.352, 4.3516, -13.4475, 0, 0, 0
L 98.6447, 4.3602, -15.9672, 94.352, 4.3516, -15.504, 0, 0, 0
L 118.3534, 4.3559, -16.7271, 122.6478, 4.3545, -15.8942, 0, 0, 0
L 122.6453, 18.3882, 0.1062, 141.7546, 18.3342, 0.1062, 0, 0, 0
L 141.7546, 18.3342, 0.1062, 164.3346, -4.245, 4.9119, 0, 0, 0
L 164.3346, -4.245, 4.9119, 164.3557, -33.3558, 1.1875, 0, 0, 0
L 168.6469, -33.3793, 1.1875, 163.3552, -33.3504, 1.174, 0, 0, 0
L 163.3552, -33.3504, 0.2744, 163.3551, -37.6428, 0.1062, 0, 0, 0
L 163.3551, -37.6428, 1.1062, 168.6441, -37.6456, 1.1062, 0, 0, 0
L 168.6441, -37.6456, 0.1062, 168.6469, -33.3793, 0.1062, 0, 0, 0
L 168.6448, -36.6439, 0.1062, 185.3557, -36.6768, 16.3036, 0, 0, 0
L 185.3557, -36.6768, 16.3036, 185.3567, -38.6477, 15.4709, 0, 0, 0
L 185.3567, -38.6477, 16.213, 187.3563, -38.6443, 17.1407, 0, 0, 0
L 187.3563, -38.6443, 17.1407, 187.3529, -50.4162, 14.6607, 0, 0, 0
L 187.3529, -50.4162, 20.3789, 176.3377, -59.1567, 20.3948, 0, 0, 0
L 176.3377, -59.1567, 20.3948, 169.6437, -63.1486, 17.871, 0, 0, 0
L 169.6399, -61.3507, 12.1714, 167.6445, -61.3447, 11.219, 0, 0, 0
L 169.6437, -63.1486, 16.7014, 169.6399, -61.3507, 16.7018, 0, 0, 0
L 167.644, -61.3556, 11.2388, 167.6442, -60.6441, 9.8711, 0, 0, 0
L 168.6411, -60.6403, 8.2592, 168.6503, -56.3567, 6.5823, 0, 0, 0
L 168.6503, -56.3567, 1.1062, 163.3557, -56.3537, 1.1062, 0, 0, 0
L 163.3557, -56.3537, 0.1062, 163.3541, -60.6452, 0.1062, 0, 0, 0
L 163.3541, -60.6452, 0.1062, 168.6411, -60.6403, 0.1062, 0, 0, 0
L 164.3536, -60.6443, 0.1062, 164.3559, -75.6893, 0.1062, 0, 0, 0
L 164.3559, -75.6893, 0.1062, 141.6777, -98.3558, 0.1062, 0, 0, 0
L 141.6777, -98.3558, 0.1062, 121.6565, -98.3532, 0.1062, 0, 0, 0
L 121.641, -97.3564, -16.1739, 117.3555, -97.3513, -16.8037, 0, 0, 0
L 117.3555, -97.3513, -24.8937, 117.3549, -102.6436, -24.8937, 0, 0, 0
L 99.6433, -97.3534, -24.8942, 99.6461, -102.6465, -24.8937, 0, 0, 0
L 99.6433, -97.3534, -25.8937, 94.355, -97.3661, -25.8937, 0, 0, 0
L 98.6437, -97.3559, -25.8937, 98.6461, 4.3604, -25.8937, 127, 127, 127
L 98.6458, 22.6441, -25.8937, 78.6452, 22.6513, -25.8937, 0, 0, 0
L 118.3549, 4.3559, -25.8937, 118.3555, -97.3559, -25.8937, 127, 127, 127
L 109.5545, -98.3676, -27.3798, 105.5754, -70.4393, -27.4891, 240, 240, 240
L 102.2066, -98.3571, -27.3486, 98.3358, -70.4365, -27.127, 240, 240, 240
L 98.3358, -70.4365, -25.8937, 105.5754, -70.4393, -26.8488, 240, 240, 240
L 109.5545, -98.3676, -26.1188, 102.2066, -98.3571, -26.1214, 240, 240, 240
L 83.1543, -61.7483, -3.6135, 134.182, -55.1597, -4.3, 240, 240, 240
L 83.1432, -45.5379, -3.3927, 134.1699, -40.4264, -4.266, 240, 240, 240
L 122.6453, 18.3882, -13.4469, 122.6478, 4.3545, -13.4469, 0, 0, 0
L 134.1213, 18.3553, 0.1062, 134.2177, -98.3555, 0.1062, 127, 127, 127
L 121.6584, -102.6458, -14.6457, 121.641, -97.3564, -14.6463, 0, 0, 0
L 94.3576, -102.6401, -13.4488, 94.355, -97.3661, -13.4488, 0, 0, 0
L 83.1794, -98.3555, -0.346, 83.995, 18.3555, 0.635, 127, 127, 127
L 98.6447, 4.3602, -25.8937, 98.6458, 22.6441, -25.8937, 0, 0, 0
L 78.6452, 22.6513, -22.9825, 78.641, 61.3554, -25.9421, 0, 0, 0
L 78.641, 61.3554, -25.8937, 138.3555, 61.3558, -25.8937, 0, 0, 0
L 138.3555, 61.3558, -25.8937, 138.3031, 22.6446, -25.8937, 0, 0, 0
L 138.3031, 22.6446, -25.8937, 118.3556, 22.6452, -25.8937, 0, 0, 0
L 118.3556, 22.6452, -25.8937, 118.3534, 4.3559, -25.8937, 0, 0, 0
L 99.6461, -102.6465, -25.8937, 94.3576, -102.6401, -25.8937, 0, 0, 0
L 97.6873, -102.644, -25.8937, 97.644, -119.3558, -25.8937, 0, 0, 0
L 97.644, -119.3558, -25.8937, 99.6449, -119.3546, -25.8937, 0, 0, 0
L 99.6449, -119.3546, -25.8937, 99.6445, -121.3559, -25.8937, 0, 0, 0
L 99.6445, -121.3559, -25.8937, 122.3559, -121.356, -25.8937, 0, 0, 0
L 122.3581, -123.6418, -25.8937, 122.3538, -119.3555, -25.8937, 0, 0, 0
L 117.3549, -102.6436, -25.8928, 121.6584, -102.6458, -25.8937, 0, 0, 0
L 121.644, -101.644, -25.8937, 122.356, -101.6439, -25.8937, 0, 0, 0
L 122.356, -101.6439, -25.8937, 122.353, -103.643, -25.8937, 0, 0, 0
L 122.353, -103.643, -25.8937, 126.6461, -103.6469, -25.8937, 0, 0, 0
L 126.6461, -103.6469, -25.8937, 126.644, -101.6439, -25.8937, 0, 0, 0
L 126.644, -101.6439, -25.8937, 143.3557, -101.6441, -25.8937, 0, 0, 0
L 143.3557, -101.6441, -25.8937, 143.355, -103.6461, -25.8937, 0, 0, 0
L 143.355, -103.6461, -25.8937, 145.3557, -103.6447, -25.8937, 0, 0, 0
L 145.3557, -103.6447, -25.8937, 145.3477, -119.3558, -25.8937, 0, 0, 0
L 145.3477, -119.3558, -25.8937, 143.3558, -119.3528, -25.8937, 0, 0, 0
L 143.3558, -119.3528, -25.8937, 143.3532, -123.6463, -25.8937, 0, 0, 0
L 143.3532, -123.6463, -25.8937, 145.356, -123.6441, -25.8937, 0, 0, 0
L 145.356, -123.6441, -25.8937, 145.3557, -146.3555, -25.8937, 0, 0, 0
L 148.6272, -146.3601, -25.8937, 143.354, -146.3525, -25.8937, 0, 0, 0
L 143.354, -146.3525, -24.8937, 143.3541, -156.6445, -24.8937, 0, 0, 0
L 143.3541, -156.6445, -25.8937, 148.6459, -156.6459, -25.8937, 0, 0, 0
L 148.6459, -156.6459, -25.8937, 148.6272, -146.3601, -25.8937, 0, 0, 0
L 148.6442, -155.6436, -25.8937, 168.3559, -155.6448, -25.8937, 0, 0, 0
L 168.3559, -155.6448, -25.8937, 168.354, -159.6451, -25.8937, 0, 0, 0
L 168.354, -159.6451, -25.8937, 173.3558, -159.6441, -25.8937, 0, 0, 0
L 173.3558, -159.6441, -25.8937, 173.3557, -179.3557, -25.8937, 0, 0, 0
L 173.3557, -179.3557, -25.8937, 172.3552, -179.353, -25.8937, 0, 0, 0
L 172.3552, -179.353, -25.8937, 172.3532, -184.644, -25.8937, 0, 0, 0
L 172.3532, -184.644, -25.8937, 175.3551, -184.6449, -24.8937, 0, 0, 0
L 175.3551, -184.6449, -24.8937, 175.3557, -202.3559, -24.8937, 0, 0, 0
L 175.3557, -202.3559, -24.8937, 172.3548, -202.3499, -24.8937, 0, 0, 0
L 172.3548, -202.3499, -25.8937, 172.3539, -207.6458, -25.8937, 0, 0, 0
L 173.3558, -207.6442, -25.8937, 172.3539, -207.6458, -25.8937, 0, 0, 0
L 173.3558, -207.6439, -25.8937, 173.3575, -212.3499, -25.8937, 0, 0, 0
L 173.3575, -212.3499, -25.8937, 163.7353, -212.3537, -25.8937, 0, 0, 0
L 163.7353, -212.3537, -27.414, 153.3543, -222.7324, -27.5385, 0, 0, 0
L 153.3543, -222.7324, -25.8937, 153.3555, -232.356, -25.8937, 0, 0, 0
L 153.3555, -232.356, -25.8937, 149.6441, -232.3555, -25.8937, 0, 0, 0
L 149.5825, -242.6445, -25.8937, 149.6501, -231.3538, -25.8937, 0, 0, 0
L 144.3542, -231.3567, -25.8937, 149.6501, -231.3538, -25.8937, 0, 0, 0
L 144.3542, -231.3567, -24.8937, 144.3557, -242.6445, -24.8937, 0, 0, 0
L 126.6422, -242.6452, -24.8937, 126.6474, -231.355, -24.8937, 0, 0, 0
L 126.6474, -231.355, -26.5503, 121.352, -231.3548, -26.88, 0, 0, 0
L 121.352, -231.3548, -26.562, 121.3945, -242.6439, -26.501, 0, 0, 0
L 121.3559, -232.356, -26.501, 113.644, -232.3552, -25.8937, 0, 0, 0
L 113.644, -232.3552, -25.8937, 113.6474, -222.736, -25.8937, 0, 0, 0
L 113.6474, -222.736, -25.8937, 103.2768, -212.3529, -25.8937, 0, 0, 0
L 103.2768, -212.3529, -25.8937, 93.644, -212.3557, -25.8937, 0, 0, 0
L 93.644, -212.3557, -25.8937, 93.644, -208.6443, -25.8937, 0, 0, 0
L 93.644, -208.6443, -25.8937, 94.6436, -208.6454, -25.8937, 0, 0, 0
L 94.6436, -208.6454, -23.7813, 94.6466, -203.3661, -23.5044, 0, 0, 0
L 94.6466, -203.3661, -24.8937, 91.6441, -203.3526, -24.8937, 0, 0, 0
L 91.6441, -203.3526, -24.8937, 91.6414, -185.6477, -24.9253, 0, 0, 0
L 94.6461, -185.6408, -22.2194, 94.6437, -180.3583, -21.9746, 0, 0, 0
L 91.6414, -185.6477, -21.7069, 94.6461, -185.6408, -21.8476, 0, 0, 0
L 94.6437, -180.3583, -21.119, 93.644, -180.3549, -21.59, 0, 0, 0
L 93.644, -180.3549, -21.59, 93.644, -155.6441, -23.491, 0, 0, 0
L 93.644, -155.6441, -23.491, 120.3555, -155.6596, -25.8937, 0, 0, 0
L 120.3764, -146.3625, -25.8937, 120.3533, -156.6468, -25.8937, 0, 0, 0
L 120.3533, -156.6468, -25.8937, 125.6453, -156.6428, -25.8937, 0, 0, 0
L 125.6453, -156.6428, -25.8931, 125.6441, -146.3539, -25.8929, 0, 0, 0
L 125.6441, -146.3539, -25.8937, 120.3764, -146.3625, -25.8937, 0, 0, 0
L 124.6441, -146.3556, -25.8937, 124.6687, -123.644, -25.8937, 0, 0, 0
L 122.3581, -123.6418, -25.8937, 126.644, -123.6461, -25.8937, 0, 0, 0
L 126.644, -123.6461, -25.8937, 126.6454, -119.3556, -25.8937, 0, 0, 0
L 122.3538, -119.3555, -25.8937, 126.6454, -119.3556, -25.8937, 0, 0, 0
L 144.3557, -242.6445, -25.8937, 149.5825, -242.6445, -25.8937, 0, 0, 0
L 149.6442, -241.6441, -25.8937, 149.6442, -241.8239, -25.8937, 0, 0, 0
L 149.6442, -241.6441, -25.8937, 154.3558, -241.66, -25.8937, 0, 0, 0
L 154.3558, -241.66, -25.8937, 154.3532, -244.6463, -25.8937, 0, 0, 0
L 154.3532, -244.6463, -25.8937, 157.3163, -244.6436, -25.8937, 0, 0, 0
L 157.3163, -244.6436, -25.8937, 157.3556, -260.7273, -21.2496, 0, 0, 0
L 157.3556, -260.7273, -21.2496, 136.3419, -287.7939, -25.8937, 0, 0, 0
L 158.3505, -318.6462, -23.12, 158.3557, -315.6446, -22.2595, 0, 0, 0
L 158.3557, -315.6446, -22.2595, 136.358, -315.6451, -25.8937, 0, 0, 0
L 136.3419, -287.7939, -16.4991, 136.358, -315.6451, -17.112, 0, 0, 0
L 158.3537, -336.3528, -25.8937, 158.3558, -338.3546, -25.8937, 0, 0, 0
L 158.3558, -338.3546, -25.8937, 136.3552, -338.3535, -25.8937, 0, 0, 0
L 136.3552, -338.3535, -25.8937, 136.3517, -359.2185, -25.8937, 0, 0, 0
L 136.3517, -359.2185, -25.8937, 157.3558, -386.2509, -25.8937, 0, 0, 0
L 157.3558, -386.2509, -25.8937, 157.3555, -401.3265, -26.5027, 0, 0, 0
L 157.3555, -401.3265, -26.5027, 153.3531, -401.3888, -27.1629, 0, 0, 0
L 153.3531, -401.3888, -27.3648, 153.3557, -405.3555, -26.2543, 0, 0, 0
L 153.3557, -405.3555, -26.2543, 149.6454, -405.3557, -26.2542, 0, 0, 0
L 149.7169, -415.6419, -26.2542, 149.6384, -404.3546, -26.3499, 0, 0, 0
L 149.6384, -404.3546, -26.8634, 144.3521, -404.353, -26.8639, 0, 0, 0
L 144.3521, -404.353, -24.8937, 144.3577, -415.6503, -24.8937, 0, 0, 0
L 126.6436, -415.6465, -24.8937, 126.649, -404.3555, -24.8937, 0, 0, 0
L 126.649, -404.3555, -25.8937, 121.3549, -404.3543, -25.8937, 0, 0, 0
L 121.3549, -404.3543, -26.157, 121.3627, -415.6415, -26.157, 0, 0, 0
L 121.3555, -405.3249, -26.157, 110.6439, -405.3557, -26.26, 0, 0, 0
L 110.6439, -405.3557, -26.26, 110.6462, -402.3546, -27.2542, 0, 0, 0
L 110.6462, -402.3546, -26.6514, 105.6529, -402.3541, -26.601, 0, 0, 0
L 105.6529, -402.3541, -25.8937, 81.6757, -360.6431, -23.8896, 0, 0, 0
L 77.3559, -360.6215, -23.8896, 82.6457, -360.648, -23.8416, 0, 0, 0
L 82.6457, -360.648, -24.535, 82.6435, -354.3548, -25.4141, 0, 0, 0
L 82.6435, -354.3548, -25.8937, 77.3546, -354.3534, -25.8937, 0, 0, 0
L 77.3546, -354.3534, -25.8937, 77.3559, -360.6215, -25.8937, 0, 0, 0
L 77.3555, -358.3561, -25.8937, 59.3186, -358.3566, -25.8937, 0, 0, 0
L 59.3186, -358.3566, -25.8937, 49.6614, -347.7687, -23.6367, 0, 0, 0
L 49.6614, -347.7687, -23.6367, 49.6623, -299.23, -25.8937, 0, 0, 0
L 49.6623, -299.23, -25.8937, 59.2618, -288.6705, -25.8937, 0, 0, 0
L 59.2618, -288.6705, -25.8937, 77.3559, -288.6786, -25.8937, 0, 0, 0
L 77.3585, -286.3725, -25.8937, 77.3516, -292.6431, -25.8937, 0, 0, 0
L 77.3516, -292.6431, -25.8937, 82.645, -292.6467, -25.8937, 0, 0, 0
L 82.645, -292.6467, -25.8937, 82.6449, -286.3532, -25.8937, 0, 0, 0
L 77.3585, -286.3725, -26.439, 82.6449, -286.3532, -26.5881, 0, 0, 0
L 81.7754, -286.1911, -26.44, 106.3564, -243.4129, -26.102, 0, 0, 0
L 106.3564, -243.4129, -26.102, 106.3492, -245.6437, -26.1019, 0, 0, 0
L 106.3492, -245.6437, -25.8937, 111.647, -245.6462, -25.8937, 0, 0, 0
L 111.647, -245.6462, -25.8937, 111.6439, -241.644, -25.8937, 0, 0, 0
L 111.6439, -241.644, -25.8937, 121.3558, -241.6442, -25.8937, 0, 0, 0
L 121.3945, -242.6439, -25.8937, 126.6422, -242.6452, -25.8937, 0, 0, 0
L 149.7169, -415.6419, -25.8937, 144.3577, -415.6503, -25.8937, 0, 0, 0
L 148.3558, -415.644, -25.8937, 148.3539, -418.6544, -25.8937, 0, 0, 0
L 151.3525, -418.6379, -24.8928, 148.3539, -418.6544, -24.8937, 0, 0, 0
L 151.3525, -418.6379, -24.8937, 151.3558, -437.3559, -24.8937, 0, 0, 0
L 151.3558, -437.3559, -24.8937, 150.4852, -437.3541, -24.8937, 0, 0, 0
L 150.5892, -437.3548, -24.8937, 148.3907, -437.3543, -25.8936, 0, 0, 0
L 148.3907, -437.3543, -25.8937, 148.3234, -440.3555, -25.8937, 0, 0, 0
L 149.6277, -440.3557, -25.8937, 144.3583, -440.3546, -25.8937, 0, 0, 0
L 144.3583, -440.3546, -24.8937, 144.3531, -451.6456, -25.8936, 0, 0, 0
L 144.3531, -451.6456, -25.8937, 149.6457, -451.6447, -25.8937, 0, 0, 0
L 149.6457, -451.6447, -25.8937, 149.6277, -440.3557, -25.8937, 0, 0, 0
L 149.6441, -450.6442, -25.8937, 169.3555, -450.675, -25.8937, 0, 0, 0
L 169.3555, -450.675, -25.8937, 169.3533, -454.6458, -25.8937, 0, 0, 0
L 169.3533, -454.6458, -25.8937, 174.3558, -454.6447, -25.8937, 0, 0, 0
L 174.3558, -454.6447, -25.8937, 174.3562, -474.3559, -25.8937, 0, 0, 0
L 174.3562, -474.3559, -25.8937, 173.3579, -474.3505, -25.8937, 0, 0, 0
L 173.3579, -474.3505, -25.8937, 173.3514, -479.627, -25.8937, 0, 0, 0
L 173.3514, -479.627, -25.8933, 176.3555, -479.6716, -24.8937, 0, 0, 0
L 176.3479, -497.3582, -24.9136, 176.3554, -479.644, -24.8937, 0, 0, 0
L 176.3479, -497.3582, -24.8928, 173.3557, -497.3514, -25.8937, 0, 0, 0
L 173.3557, -497.3514, -25.8937, 173.3523, -502.6455, -25.8937, 0, 0, 0
L 173.3523, -502.6455, -25.8937, 174.356, -502.6447, -25.8937, 0, 0, 0
L 174.356, -502.6447, -25.8937, 174.3449, -507.3562, -25.8937, 0, 0, 0
L 174.3449, -507.3562, -25.8937, 164.7339, -507.3535, -25.8937, 0, 0, 0
L 164.7339, -507.3535, -26.9897, 154.354, -517.736, -26.2242, 0, 0, 0
L 154.354, -517.736, -25.8937, 154.3558, -527.3556, -25.8937, 0, 0, 0
L 154.3558, -527.3556, -25.8937, 150.6613, -527.3563, -25.8937, 0, 0, 0
L 150.6483, -526.3537, -25.8937, 145.3569, -526.355, -25.8937, 0, 0, 0
L 145.3569, -526.355, -24.8937, 145.3509, -532.6426, -24.8937, 0, 0, 0
L 95.6474, -503.648, -21.1641, 94.6453, -503.644, -21.625, 0, 0, 0
L 94.6453, -503.644, -21.625, 94.6441, -527.3551, -25.131, 0, 0, 0
L 94.6441, -527.3551, -25.131, 122.3555, -527.3556, -26.5013, 0, 0, 0
L 122.2826, -532.639, -26.5013, 122.3692, -526.356, -26.6906, 0, 0, 0
L 122.3692, -526.356, -26.8798, 127.6424, -526.3536, -26.88, 0, 0, 0
L 127.6424, -526.3536, -24.8937, 127.6494, -532.648, -24.8937, 0, 0, 0
L 127.6494, -532.648, -22.159, 122.2826, -532.639, -18.8918, 0, 0, 0
L 125.1009, -532.6438, -23.9949, 124.9672, -615.3553, -44.756, 0, 0, 0
L 123.3594, -615.3644, -43.8967, 127.6441, -615.3402, -48.1131, 0, 0, 0
L 127.647, -620.6439, -51.2415, 123.3536, -620.6453, -51.2415, 0, 0, 0
L 123.3536, -620.6453, -50.4442, 123.3594, -615.3644, -50.2087, 0, 0, 0
L 123.3558, -618.6441, -50.2087, 113.3735, -618.6594, -50.2092, 0, 0, 0
L 113.3735, -618.6594, -50.2092, 97.6698, -647.1177, -64.8937, 0, 0, 0
L 97.6698, -647.1177, -64.8937, 109.6666, -735.1284, -66.2948, 0, 0, 0
L 109.6666, -735.1284, -63.1381, 87.7907, -773.9086, -64.8953, 0, 0, 0
L 87.7907, -773.9086, -67.2469, 121.5849, -812.6938, -78.5687, 0, 0, 0
L 121.5849, -812.6938, -79.8937, 126.7068, -831.1339, -79.8937, 0, 0, 0
L 126.7068, -831.1339, -79.8937, 117.3824, -843.5652, -79.8937, 0, 0, 0
L 117.3824, -843.5652, -79.5655, 81.477, -853.6536, -73.2614, 0, 0, 0
L 81.477, -853.6536, -72.2955, 44.9998, -850.6566, -57.8947, 0, 0, 0
L 44.9998, -850.6566, -57.8947, 4.9969, -858.653, -58.6899, 0, 0, 0
L 4.9969, -858.653, -57.8937, -31.8848, -850.6888, -58.243, 0, 0, 0
L -31.8848, -850.6888, -57.8937, -66.3195, -872.3324, -43.1728, 0, 0, 0
L -66.3195, -872.3324, -43.1728, -66.4012, -910.6583, -40.6901, 0, 0, 0
L -66.4012, -910.6583, -45.1584, -31.7084, -937.3554, -57.9615, 0, 0, 0
L -31.7084, -937.3554, -57.9615, 44.9733, -937.33, -57.8937, 0, 0, 0
L 44.9733, -937.33, -57.8937, 80.7079, -925.402, -72.76, 0, 0, 0
L 80.7079, -925.402, -72.76, 116.9423, -894.2019, -78.408, 0, 0, 0
L 116.9423, -894.2019, -79.8937, 153.6461, -917.6385, -79.8937, 0, 0, 0
L 153.6461, -917.6385, -84.9509, 153.6434, -951.2457, -99.1753, 0, 0, 0
L 153.6434, -951.2457, -100.9937, 119.7305, -990.1404, -97.6038, 0, 0, 0
L 119.7305, -990.1404, -97.6038, 129.6452, -1028.9592, -96.6311, 0, 0, 0
L 129.6452, -1028.9592, -101.6505, 129.644, -1116.7988, -101.8572, 0, 0, 0
L 129.644, -1116.7988, -101.8572, 145.3226, -1144.2854, -107.5387, 0, 0, 0
L 189.5499, -1144.4855, -109.1316, 205.3448, -1116.8483, -101.8542, 0, 0, 0
L 145.3226, -1144.2854, -113.6054, 189.5499, -1144.4855, -113.6055, 0, 0, 0
L 205.3387, -1116.8584, -101.8569, 205.3542, -1028.8904, -101.4876, 0, 0, 0
L 205.3542, -1028.8904, -101.8937, 220.282, -990.123, -94.7246, 0, 0, 0
L 220.282, -990.123, -94.7246, 200.3874, -951.2042, -101.8906, 0, 0, 0
L 200.3874, -951.2042, -97.113, 187.4266, -918.3001, -80.622, 0, 0, 0
L 187.4266, -918.3001, -80.622, 152.314, -864.1099, -79.8927, 0, 0, 0
L 152.314, -864.1099, -79.8948, 168.3928, -812.7693, -79.8927, 0, 0, 0
L 168.3928, -812.7693, -78.9617, 188.3819, -773.7732, -70.651, 0, 0, 0
L 188.3819, -773.7732, -64.8952, 213.69, -735.2646, -64.8987, 0, 0, 0
L 213.69, -735.2646, -64.998, 213.3556, -647.644, -64.8937, 0, 0, 0
L 213.3556, -647.644, -64.8937, 173.629, -647.6431, -64.8937, 0, 0, 0
L 173.629, -647.6431, -60.7073, 157.573, -618.6444, -50.2192, 0, 0, 0
L 157.573, -618.6444, -50.2192, 150.6442, -618.6443, -50.218, 0, 0, 0
L 150.651, -615.3681, -50.218, 150.64, -620.6435, -50.4622, 0, 0, 0
L 150.64, -620.6435, -51.2413, 146.3565, -620.6482, -51.2421, 0, 0, 0
L 146.3565, -620.6482, -49.8937, 146.3528, -615.3333, -49.8937, 0, 0, 0
L 150.651, -615.3681, -43.896, 146.3528, -615.3333, -45.243, 0, 0, 0
L 127.6441, -615.3402, -49.8937, 127.647, -620.6439, -49.8937, 0, 0, 0
L 149.2316, -615.3565, -43.901, 149.2312, -532.6435, -18.9035, 0, 0, 0
L 150.6223, -532.6436, -18.9035, 145.3509, -532.6426, -22.5827, 0, 0, 0
L 150.6223, -532.6436, -25.8937, 150.6483, -526.3537, -25.8937, 0, 0, 0
L 94.6436, -503.6442, -21.625, 94.7827, -503.6444, -21.1409, 0, 0, 0
L 95.6474, -503.648, -21.8091, 95.6355, -498.3476, -21.9577, 0, 0, 0
L 92.6201, -498.3698, -21.6892, 95.6355, -498.3476, -21.7847, 0, 0, 0
L 92.668, -480.6453, -24.8937, 92.6201, -498.3698, -24.8937, 0, 0, 0
L 95.6439, -480.6453, -24.8937, 92.668, -480.6453, -24.8937, 0, 0, 0
L 95.6439, -480.6453, -25.8929, 95.6453, -475.4218, -25.8937, 0, 0, 0
L 95.6453, -475.4218, -25.8937, 94.644, -475.3473, -25.8937, 0, 0, 0
L 94.644, -475.3473, -25.8937, 94.6444, -469.3204, -25.8937, 0, 0, 0
L 94.6444, -469.3204, -25.8937, 114.2781, -450.6437, -25.8937, 0, 0, 0
L 114.2781, -450.6437, -25.8937, 121.3558, -450.644, -25.8937, 0, 0, 0
L 121.4334, -440.3575, -25.8937, 121.3481, -451.6662, -25.8937, 0, 0, 0
L 121.3481, -451.6662, -25.8937, 126.6432, -451.6311, -25.8937, 0, 0, 0
L 126.6432, -451.6311, -24.8937, 126.6469, -440.3534, -24.8937, 0, 0, 0
L 126.6469, -440.3534, -25.8937, 121.4334, -440.3575, -25.8937, 0, 0, 0
L 123.644, -440.3557, -25.8937, 123.6478, -437.3514, -25.8937, 0, 0, 0
L 120.6466, -437.3582, -24.8937, 123.6478, -437.3514, -25.8933, 0, 0, 0
L 120.6466, -437.3582, -24.8989, 120.6441, -418.6442, -24.8937, 0, 0, 0
L 120.6441, -418.6442, -24.8937, 123.6452, -418.6469, -24.9344, 0, 0, 0
L 123.6452, -418.6469, -25.8937, 123.644, -415.6437, -25.8937, 0, 0, 0
L 121.3627, -415.6415, -25.8937, 126.6436, -415.6465, -25.8937, 0, 0, 0
L 158.3537, -336.3528, -24.8937, 168.6339, -336.3535, -23.9259, 0, 0, 0
L 168.6339, -336.3535, -25.8937, 168.6447, -337.3559, -25.8937, 0, 0, 0
L 168.6447, -337.3559, -25.8937, 191.3556, -337.3385, -25.8937, 0, 0, 0
L 191.3622, -339.6406, -25.8937, 191.3498, -335.3541, -25.8937, 0, 0, 0
L 191.3498, -335.3541, -25.8937, 195.6442, -335.3541, -25.8937, 0, 0, 0
L 195.6442, -335.3541, -25.8937, 195.6462, -339.6469, -25.8937, 0, 0, 0
L 195.6462, -339.6469, -25.8937, 191.3622, -339.6406, -25.8937, 0, 0, 0
L 193.6447, -339.644, -25.8937, 193.6478, -364.3476, -25.7109, 0, 0, 0
L 212.3568, -344.644, -25.8937, 212.3534, -340.3535, -25.8937, 0, 0, 0
L 212.3534, -340.3535, -25.8937, 217.6475, -340.365, -25.8937, 0, 0, 0
L 213.3557, -340.3557, -25.8937, 213.3557, -339.6442, -25.8937, 0, 0, 0
L 213.3557, -339.6442, -25.8937, 211.3568, -339.6451, -25.8937, 0, 0, 0
L 211.3568, -339.6451, -25.8937, 211.3529, -335.3521, -25.8937, 0, 0, 0
L 211.3529, -335.3521, -25.8937, 213.3563, -335.3555, -25.8937, 0, 0, 0
L 213.3563, -335.3555, -25.8937, 213.3559, -318.644, -25.8937, 0, 0, 0
L 213.3559, -318.644, -25.8937, 211.3542, -318.6467, -25.8937, 0, 0, 0
L 211.3542, -318.6467, -25.8937, 211.3557, -316.644, -25.8937, 0, 0, 0
L 211.3557, -316.644, -25.8937, 195.6447, -316.6442, -25.8937, 0, 0, 0
L 195.6447, -316.6442, -25.8937, 195.6456, -318.6431, -25.8937, 0, 0, 0
L 195.6456, -318.6431, -25.8937, 191.3515, -318.6465, -25.7796, 0, 0, 0
L 191.3515, -318.6465, -24.6694, 191.3557, -316.644, -24.6126, 0, 0, 0
L 191.3557, -316.644, -24.6126, 168.6442, -316.6598, -21.5598, 0, 0, 0
L 168.6442, -316.6598, -21.5598, 168.6471, -318.6453, -21.5759, 0, 0, 0
L 158.3505, -318.6462, -23.335, 168.6471, -318.6453, -23.1363, 0, 0, 0
L 212.3568, -344.644, -24.8937, 217.6425, -344.6447, -24.8937, 0, 0, 0
L 217.6425, -344.6447, -25.8937, 217.6475, -340.365, -25.8937, 0, 0, 0
L 216.705, -340.3552, -25.8937, 216.6451, -319.6438, -25.8937, 0, 0, 0
L 216.6451, -319.6438, -25.8937, 331.3188, -345.8029, -25.8937, 0, 0, 0
L 277.3555, -333.4929, -25.8937, 277.3528, -346.6456, -25.8937, 0, 0, 0
L 277.3528, -346.6456, -25.8937, 282.6449, -346.6428, -25.8937, 0, 0, 0
L 282.6449, -346.6428, -25.8937, 282.6437, -335.2325, -25.8937, 0, 0, 0
L 331.3188, -345.8029, -21.3931, 331.3559, -380.3561, -26.2543, 0, 0, 0
L 330.3584, -380.3437, -26.8619, 330.3512, -384.6447, -26.8632, 0, 0, 0
L 193.6478, -364.3476, -23.8937, 212.3558, -364.3557, -25.8937, 0, 0, 0
L 205.6431, -357.6512, -25.8937, 205.6491, -364.3528, -23.8953, 127, 127, 127
L 202.3661, -364.3514, -25.8937, 202.3486, -357.6924, -25.8937, 127, 127, 127
L 202.3486, -357.6924, -25.8929, 205.6431, -357.6512, -25.8937, 127, 127, 127
L 212.3533, -363.3575, -24.8937, 217.6486, -363.351, -24.8937, 0, 0, 0
L 216.6441, -369.3559, -25.8937, 282.6433, -369.3562, -25.8937, 0, 0, 0
L 282.6433, -369.3562, -25.8937, 282.644, -426.3562, -25.8937, 0, 0, 0
L 282.644, -426.3562, -25.8937, 331.3136, -426.3552, -25.8937, 0, 0, 0
L 331.3559, -426.3559, -25.8937, 331.3376, -407.6442, -25.8937, 0, 0, 0
L 335.6453, -407.6367, -26.2536, 330.36, -407.646, -26.345, 0, 0, 0
L 330.36, -407.646, -26.8619, 330.3509, -403.3, -26.7695, 0, 0, 0
L 330.3509, -403.3, -24.8964, 335.6449, -403.3879, -24.8937, 0, 0, 0
L 335.6449, -403.3879, -25.8937, 335.6453, -407.6367, -25.8937, 0, 0, 0
L 334.6435, -407.6442, -25.8937, 334.6444, -408.3559, -25.8937, 0, 0, 0
L 334.6444, -408.3559, -25.8937, 336.6431, -408.3507, -25.8937, 0, 0, 0
L 336.6431, -408.3507, -25.8937, 336.6431, -412.7352, -25.8937, 0, 0, 0
L 336.6431, -412.7352, -25.8937, 334.6442, -412.6442, -25.8937, 0, 0, 0
L 334.6442, -412.6442, -25.8937, 334.6447, -429.3557, -25.8937, 0, 0, 0
L 334.6447, -429.3557, -25.8937, 336.6542, -429.3552, -25.8937, 0, 0, 0
L 336.6542, -429.3552, -25.8937, 336.6442, -431.3557, -25.8937, 0, 0, 0
L 336.6442, -431.3557, -25.8937, 352.3561, -431.3559, -25.8937, 0, 0, 0
L 352.3561, -431.3559, -25.8937, 352.3571, -429.3566, -25.8937, 0, 0, 0
L 352.3571, -429.3566, -25.8937, 356.6483, -429.3528, -25.8937, 0, 0, 0
L 356.6483, -429.3528, -25.8937, 356.644, -431.3557, -25.8937, 0, 0, 0
L 356.644, -431.3557, -25.8937, 379.3274, -431.3555, -25.8937, 0, 0, 0
L 379.3274, -431.3555, -25.8937, 379.3919, -430.3543, -25.8937, 0, 0, 0
L 379.3919, -430.3543, -24.8613, 384.6435, -430.3543, -24.8613, 0, 0, 0
L 384.6435, -430.3543, -26.8937, 384.6442, -432.3559, -26.8937, 0, 0, 0
L 384.6442, -432.3559, -26.8937, 403.6426, -432.3537, -26.8937, 0, 0, 0
L 403.6426, -432.3537, -27.1575, 403.6444, -439.6245, -27.159, 0, 0, 0
L 403.6444, -439.6245, -27.159, 438.4984, -466.5887, -38.856, 0, 0, 0
L 438.4984, -466.5887, -39.8729, 460.3471, -501.3417, -27.1646, 0, 0, 0
L 460.3471, -501.3417, -27.1646, 468.6444, -501.362, -27.1578, 0, 0, 0
L 468.6444, -501.362, -26.8937, 468.6431, -520.3556, -26.8937, 0, 0, 0
L 466.3763, -520.3577, -26.8937, 471.6419, -520.3529, -26.8937, 0, 0, 0
L 471.6419, -520.3529, -24.8937, 471.6472, -526.6438, -25.8937, 0, 0, 0
L 471.6472, -526.6438, -25.8937, 466.3521, -526.6448, -25.8937, 0, 0, 0
L 466.3552, -525.6439, -25.8937, 442.644, -525.644, -25.8937, 0, 0, 0
L 442.644, -525.644, -25.8937, 442.6442, -565.3559, -25.8937, 0, 0, 0
L 437.3654, -565.3458, -25.8937, 443.6433, -565.3577, -25.8937, 0, 0, 0
L 443.6433, -565.3577, -25.8937, 443.6456, -570.647, -25.8937, 0, 0, 0
L 437.3342, -569.6439, -23.9139, 411.6768, -569.6441, -15.8735, 0, 0, 0
L 411.648, -570.6394, -13.8938, 405.353, -570.6517, -13.8938, 0, 0, 0
L 405.353, -570.6517, -12.9214, 405.3553, -569.644, -12.9139, 0, 0, 0
L 405.3553, -569.644, -12.9139, 380.644, -569.6439, -4.8735, 0, 0, 0
L 380.644, -569.6439, -4.8735, 380.6451, -570.6369, -4.8465, 0, 0, 0
L 380.6451, -570.6369, -3.8938, 369.2898, -570.6586, -3.8938, 0, 0, 0
L 369.3546, -587.36, -2.8938, 380.6476, -587.34, -2.8938, 0, 0, 0
L 405.3464, -590.3556, -13.8635, 405.3897, -588.3568, -13.8413, 0, 0, 0
L 405.3897, -588.3568, -13.8938, 411.6472, -588.3564, -13.8938, 0, 0, 0
L 411.6472, -588.3564, -14.9377, 411.644, -590.3559, -14.9236, 0, 0, 0
L 411.644, -590.3559, -14.9236, 437.3353, -590.3556, -24.8634, 0, 0, 0
L 437.3523, -588.3568, -24.8937, 443.6435, -588.3555, -24.8937, 0, 0, 0
L 443.6435, -588.3555, -26.6998, 443.6453, -593.6468, -26.7001, 0, 0, 0
L 442.644, -593.6441, -25.9985, 442.6442, -602.3561, -25.8937, 0, 0, 0
L 442.6442, -602.3561, -25.8937, 448.3559, -602.3554, -25.8937, 0, 0, 0
L 448.3709, -607.6285, -25.8937, 448.353, -601.3568, -25.8937, 0, 0, 0
L 448.353, -601.3568, -25.8937, 453.6415, -601.3561, -25.8937, 0, 0, 0
L 453.6415, -601.3561, -24.8937, 453.6471, -607.6475, -24.8937, 0, 0, 0
L 452.6437, -607.7368, -23.9139, 452.6435, -633.3556, -15.8735, 0, 0, 0
L 452.6435, -633.3556, -15.8735, 453.6397, -633.3515, -15.8643, 0, 0, 0
L 453.6397, -633.3515, -13.8938, 453.6494, -639.6915, -13.8938, 0, 0, 0
L 453.6494, -639.6915, -12.9222, 452.6438, -639.6689, -12.9139, 0, 0, 0
L 452.6438, -639.6689, -12.9139, 452.6567, -664.3558, -4.8731, 0, 0, 0
L 452.6567, -664.3558, -4.8731, 453.6422, -664.3574, -4.8685, 0, 0, 0
L 453.6422, -664.3574, -3.8938, 453.646, -670.9022, -3.8938, 0, 0, 0
L 453.646, -670.9022, -5.2179, 452.6438, -670.6441, -5.1935, 0, 0, 0
L 452.6438, -670.6441, -5.1935, 452.6442, -719.3556, -29.361, 0, 0, 0
L 453.6456, -719.3535, -28.8937, 453.6422, -725.6434, -28.8937, 0, 0, 0
L 453.6422, -725.6434, -29.8937, 448.3374, -725.6463, -29.8937, 0, 0, 0
L 448.3374, -725.6463, -29.8937, 448.3937, -719.365, -29.8937, 0, 0, 0
L 448.3553, -723.644, -29.8937, 432.2864, -723.6439, -29.8937, 0, 0, 0
L 432.2864, -723.6439, -29.8937, 413.6616, -744.2283, -29.8937, 0, 0, 0
L 413.6616, -744.2283, -29.8937, 413.6166, -764.6453, -26.3965, 0, 0, 0
L 389.3394, -764.6426, -27.3751, 413.6166, -764.6453, -29.8937, 0, 0, 0
L 395.1904, -764.6431, -27.3752, 413.6451, -792.8055, -29.8937, 65, 65, 65
L 413.6451, -792.8055, -28.8151, 413.6465, -838.2314, -29.8937, 65, 65, 65
L 413.6465, -838.2314, -29.8937, 394.2264, -866.3561, -29.8937, 65, 65, 65
L 388.3729, -866.3559, -29.8937, 402.2653, -866.3564, -29.8937, 0, 0, 0
L 402.2653, -866.3564, -29.8937, 413.6431, -877.7311, -29.8937, 0, 0, 0
L 413.6431, -891.6521, -29.8928, 413.6431, -877.7311, -29.8937, 0, 0, 0
L 413.6437, -885.7753, -29.8937, 441.7989, -866.3546, -29.8937, 65, 65, 65
L 441.7989, -866.3546, -29.6602, 487.18, -866.3549, -29.5166, 65, 65, 65
L 487.18, -866.3549, -29.8937, 515.3531, -884.7282, -29.8937, 65, 65, 65
L 515.3501, -877.664, -27.9521, 531.5203, -866.5483, -25.6378, 0, 0, 0
L 531.5203, -866.5483, -25.6378, 542.6739, -850.3428, -27.1966, 0, 0, 0
L 542.6739, -850.3428, -23.4075, 556.6449, -850.3664, -24.8079, 0, 0, 0
L 550.8663, -850.4863, -24.8079, 531.3522, -822.1956, -26.8698, 65, 65, 65
L 531.3522, -822.1956, -29.8937, 531.351, -777.647, -29.8937, 65, 65, 65
L 575.355, -777.6527, -22.4235, 519.3563, -777.6426, -21.4481, 0, 0, 0
L 519.3563, -777.6426, -21.7423, 519.3565, -748.2012, -29.8937, 0, 0, 0
L 519.3565, -748.2012, -29.8937, 502.6583, -723.6453, -29.8937, 0, 0, 0
L 502.6583, -723.6453, -29.8937, 476.6813, -723.6438, -29.8937, 0, 0, 0
L 476.6462, -725.6453, -29.8937, 471.3532, -725.6418, -29.8937, 0, 0, 0
L 471.3532, -725.6418, -28.8937, 471.3534, -719.3564, -29.4989, 0, 0, 0
L 471.3534, -719.3564, -29.625, 476.6419, -719.3517, -29.625, 0, 0, 0
L 472.3561, -719.3555, -29.625, 472.3552, -670.644, -5.1932, 0, 0, 0
L 472.3552, -670.644, -5.1932, 471.3546, -670.6463, -5.194, 0, 0, 0
L 471.3546, -670.6463, -3.8938, 471.3543, -664.3528, -4.171, 0, 0, 0
L 471.3543, -664.3528, -3.9506, 473.3557, -664.3556, -3.923, 0, 0, 0
L 473.3557, -664.3556, -3.923, 473.3552, -639.644, -13.8635, 0, 0, 0
L 473.3552, -639.644, -13.8635, 471.3573, -639.6468, -13.8329, 0, 0, 0
L 471.3573, -639.6468, -13.8938, 471.3503, -633.3527, -13.8938, 0, 0, 0
L 471.3503, -633.3527, -14.9479, 473.3557, -633.3558, -14.923, 0, 0, 0
L 473.3557, -633.3558, -14.923, 473.355, -607.6441, -24.8634, 0, 0, 0
L 476.6322, -607.6405, -24.8634, 471.3559, -607.6463, -24.8278, 0, 0, 0
L 471.3559, -607.6463, -24.8937, 471.3528, -601.3564, -24.8937, 0, 0, 0
L 471.3528, -601.3564, -25.8937, 476.6462, -601.3537, -25.8937, 0, 0, 0
L 476.6462, -601.3537, -25.8937, 476.6322, -607.6405, -25.8937, 0, 0, 0
L 476.644, -602.3556, -25.8937, 519.3559, -602.3559, -20.9204, 0, 0, 0
L 519.3559, -602.3559, -20.9204, 519.3427, -598.3535, -21.6804, 0, 0, 0
L 519.3427, -598.3535, -24.16, 522.356, -598.3556, -24.801, 0, 0, 0
L 522.356, -598.3556, -24.801, 522.3559, -577.644, -25.8937, 0, 0, 0
L 521.3581, -572.3558, -25.8931, 524.352, -572.3556, -24.8937, 0, 0, 0
L 524.352, -572.3556, -24.8937, 524.3558, -554.6436, -24.8937, 0, 0, 0
L 524.3558, -554.6436, -24.8937, 521.3555, -554.6471, -24.8937, 0, 0, 0
L 522.3556, -549.3556, -25.8937, 522.3558, -546.6439, -25.8937, 0, 0, 0
L 522.3558, -546.6439, -25.8937, 501.3532, -546.6444, -25.8928, 0, 0, 0
L 501.3532, -546.6444, -25.8937, 501.3537, -525.6444, -25.8937, 0, 0, 0
L 501.3537, -525.6444, -25.8937, 494.6895, -525.6441, -26.5012, 0, 0, 0
L 494.6458, -526.6712, -26.8844, 489.3553, -526.6063, -26.8798, 0, 0, 0
L 494.634, -520.3586, -26.5011, 494.6458, -526.6712, -26.5706, 0, 0, 0
L 489.3553, -526.6063, -24.8937, 489.3537, -520.354, -24.8937, 0, 0, 0
L 489.3537, -520.354, -26.8937, 494.634, -520.3586, -26.8937, 0, 0, 0
L 491.3557, -520.3558, -26.8937, 491.3548, -501.3657, -26.8937, 0, 0, 0
L 491.3548, -501.3657, -27.1579, 498.6988, -501.336, -27.1656, 0, 0, 0
L 498.6988, -501.336, -27.1656, 525.5481, -466.524, -39.1689, 0, 0, 0
L 525.5481, -466.524, -36.8969, 560.3558, -444.6123, -27.1575, 0, 0, 0
L 560.3558, -444.6123, -27.1575, 560.3442, -406.2988, -27.1596, 0, 0, 0
L 560.3442, -406.2988, -30.1666, 525.4831, -379.3937, -39.9891, 0, 0, 0
L 525.4831, -379.3937, -40.8397, 503.632, -344.644, -27.158, 0, 0, 0
L 503.632, -344.644, -27.158, 465.3478, -344.6435, -27.1579, 0, 0, 0
L 465.3478, -344.6435, -27.1579, 438.4361, -379.4866, -38.85, 0, 0, 0
L 438.4361, -379.4866, -37.4844, 403.6716, -401.3383, -27.169, 0, 0, 0
L 403.6716, -401.3383, -27.169, 403.62, -409.6429, -27.1587, 0, 0, 0
L 403.62, -409.6429, -26.8937, 384.644, -409.6447, -26.8937, 0, 0, 0
L 384.644, -409.6447, -26.8937, 384.6471, -411.6424, -26.8937, 0, 0, 0
L -151, 260, 49.5397, -151, 260, 48.3, 0, 0, 0
L 476.6419, -719.3517, -29.8937, 476.6462, -725.6453, -29.8937, 0, 0, 0
L 431.1277, -873.7151, -11.8938, 423.9164, -864.2269, -11.8938, 240, 240, 240
L 423.9164, -864.2269, -11.8938, 411.4624, -854.85, -11.8938, 240, 240, 240
L 411.4624, -854.85, -11.8938, 406.7264, -848.2531, -13.5271, 240, 240, 240
L 399.9839, -858.179, -13.3621, 405.5681, -862.4489, -12.129, 240, 240, 240
L 405.5681, -862.4489, -12.129, 417.386, -875.822, -11.8938, 240, 240, 240
L 417.386, -875.822, -11.8938, 422.3813, -879.7482, -11.8938, 240, 240, 240
L 388.3729, -866.3559, -11.8938, 369.6616, -837.8351, -11.8596, 0, 0, 0
L 369.6616, -837.8351, -11.8596, 369.644, -828.6444, -11.7706, 0, 0, 0
L 615.3558, -808.3558, -7.8274, 615.3546, -776.3547, -10.8938, 0, 0, 0
L 615.3546, -776.3547, -10.8938, 630.3559, -776.3559, -10.8938, 0, 0, 0
L 630.3791, -780.6402, -10.8938, 630.3505, -775.3538, -10.8938, 0, 0, 0
L 636.6446, -757.6446, -9.8938, 630.3533, -757.6445, -9.8938, 0, 0, 0
L 630.3533, -757.6445, -10.8938, 630.3659, -752.3555, -10.8938, 0, 0, 0
L 630.3558, -756.6439, -10.8938, 594.6444, -756.6811, -10.8938, 0, 0, 0
L 594.6444, -756.6811, -10.8938, 594.6443, -788.6458, -10.8938, 0, 0, 0
L 594.6443, -788.6458, -10.8938, 579.6438, -788.6444, -10.8938, 0, 0, 0
L 579.6417, -784.361, -10.8938, 579.6443, -789.6438, -10.8938, 0, 0, 0
L 579.6443, -789.6438, -9.8938, 573.3568, -789.6458, -9.8938, 0, 0, 0
L 573.3568, -789.6458, -11.8938, 573.3528, -784.3532, -11.8938, 0, 0, 0
L 573.3528, -784.3532, -11.8938, 579.6417, -784.361, -11.8938, 0, 0, 0
L 575.3559, -784.3558, -11.8938, 575.355, -777.6527, -11.8938, 0, 0, 0
L 573.3564, -812.6443, -11.6785, 579.6389, -812.6435, -11.7703, 0, 0, 0
L 575.3559, -812.644, -11.7703, 575.3295, -821.8474, -11.8619, 0, 0, 0
L 575.3295, -821.8474, -11.8619, 556.6449, -850.3664, -11.8938, 0, 0, 0
L 573.3564, -812.6443, -11.3562, 573.354, -807.3563, -11.356, 0, 0, 0
L 573.354, -807.3563, -9.8938, 579.6453, -807.3537, -9.8938, 0, 0, 0
L 579.6453, -807.3537, -10.8938, 579.6389, -812.6435, -10.8938, 0, 0, 0
L 579.644, -808.3556, -10.8938, 615.3556, -808.3553, -7.828, 0, 0, 0
L 630.3558, -776.3556, -10.8938, 630.3554, -776.1382, -10.8938, 0, 0, 0
L 630.3505, -775.3538, -9.8938, 636.644, -775.3556, -9.8938, 0, 0, 0
L 636.644, -775.3556, -11.3562, 636.6454, -780.6458, -11.356, 0, 0, 0
L 636.6454, -780.6458, -11.6803, 630.3791, -780.6402, -11.7705, 0, 0, 0
L 634.6441, -780.644, -11.7705, 634.6439, -789.783, -11.8518, 0, 0, 0
L 634.6439, -789.783, -11.8518, 653.3442, -818.3563, -11.8938, 0, 0, 0
L 653.3442, -818.3563, -29.8937, 707.6834, -818.3546, -26.6568, 0, 0, 0
L 707.6834, -818.3546, -26.6568, 737.3555, -789.6856, -23.6069, 0, 0, 0
L 737.3555, -789.6856, -23.6069, 737.3261, -745.2449, -24.6162, 0, 0, 0
L 737.3261, -745.2449, -24.6162, 707.692, -716.6445, -29.7593, 0, 0, 0
L 707.692, -716.6445, -29.7593, 654.3757, -716.6435, -29.8937, 0, 0, 0
L 660.1912, -716.6436, -29.8937, 678.6462, -744.8106, -29.8937, 65, 65, 65
L 678.6462, -744.8106, -27.7748, 678.6436, -790.1984, -27.6979, 65, 65, 65
L 678.6436, -790.1984, -29.8984, 659.2261, -818.3561, -29.8937, 65, 65, 65
L 690.3491, -765.7435, -29.8937, 677.9063, -765.309, -16.7432, 240, 240, 240
L 677.9063, -765.309, -16.7432, 677.8667, -761.9226, -16.7045, 240, 240, 240
L 677.8667, -761.9226, -16.7045, 690.5655, -762.4012, -29.8937, 240, 240, 240
L 690.5655, -762.4012, -29.8937, 690.3491, -765.7435, -29.5735, 240, 240, 240
L 654.3757, -716.6435, -11.8938, 634.6431, -745.2587, -11.8938, 0, 0, 0
L 634.6431, -745.2587, -11.8938, 634.6439, -752.355, -11.8938, 0, 0, 0
L 630.3659, -752.3555, -11.8938, 636.644, -752.3547, -11.8938, 0, 0, 0
L 636.644, -752.3547, -11.8938, 636.6446, -757.6446, -11.8938, 0, 0, 0
L 475.4508, -871.2419, -28.1314, 473.6657, -856.6398, -28.9221, 240, 240, 240
L 465.8124, -871.2762, -27.5211, 464.4768, -856.3612, -27.9495, 240, 240, 240
L 464.4768, -856.3612, -29.8937, 473.6657, -856.6398, -29.679, 240, 240, 240
L 465.8124, -871.2762, -12.5715, 475.4508, -871.2419, -12.5884, 240, 240, 240
L 413.6431, -891.6521, -10.884, 442.2456, -910.3567, -11.8459, 0, 0, 0
L 442.2456, -910.3567, -11.8459, 451.3561, -910.3558, -11.7705, 0, 0, 0
L 451.3596, -914.6344, -11.7705, 451.3543, -908.3555, -11.6163, 0, 0, 0
L 451.3543, -908.3555, -11.3562, 456.6435, -908.3541, -11.3561, 0, 0, 0
L 456.6435, -908.3541, -9.8938, 456.6451, -914.6463, -9.8939, 0, 0, 0
L 456.6451, -914.6463, -10.8938, 451.3596, -914.6344, -10.8938, 0, 0, 0
L 455.6442, -914.644, -10.8938, 455.644, -924.3556, -10.8938, 0, 0, 0
L 455.644, -924.3556, -10.8938, 456.6437, -924.3544, -10.8938, 0, 0, 0
L 456.6437, -924.3544, -9.8938, 456.6456, -930.6454, -9.8938, 0, 0, 0
L 456.6456, -930.6454, -11.6536, 455.6438, -930.6441, -11.6537, 0, 0, 0
L 455.6438, -930.6441, -11.6537, 455.6453, -967.3132, -28.3106, 0, 0, 0
L 455.6453, -967.3132, -28.8937, 447.2144, -973.6462, -28.8937, 0, 0, 0
L 447.2144, -973.6462, -28.8937, 422.6442, -973.6444, -28.8937, 0, 0, 0
L 422.6442, -973.6444, -28.8937, 422.6446, -974.6441, -28.8937, 0, 0, 0
L 422.6446, -974.6441, -28.8932, 416.3557, -974.6458, -27.8937, 0, 0, 0
L 416.3557, -974.6458, -29.8937, 416.3539, -969.114, -29.8937, 0, 0, 0
L 416.3539, -969.114, -29.8937, 403.658, -953.6434, -28.8755, 0, 0, 0
L 403.658, -953.6434, -28.8755, 339.3544, -953.6461, -21.4463, 0, 0, 0
L 339.3544, -953.6461, -21.685, 339.3539, -941.3633, -21.1251, 0, 0, 0
L 339.3539, -941.3633, -20.8529, 365.7219, -941.3211, -26.3092, 0, 0, 0
L 365.7219, -941.3211, -26.3092, 378.3217, -925.8117, -26.2702, 0, 0, 0
L 378.3217, -925.8117, -26.2702, 378.322, -878.1856, -29.8937, 0, 0, 0
L 378.322, -878.1856, -29.8937, 365.6906, -862.6431, -29.8957, 0, 0, 0
L 365.6906, -862.6431, -29.884, 312.6442, -862.6441, -29.8937, 0, 0, 0
L 312.6352, -857.3717, -29.8937, 312.6458, -863.6449, -29.8937, 0, 0, 0
L 312.6458, -863.6449, -29.8937, 307.3552, -863.6434, -29.8937, 0, 0, 0
L 307.3552, -863.6434, -27.8937, 307.3543, -857.352, -27.909, 0, 0, 0
L 307.3543, -857.352, -28.8937, 312.6352, -857.3717, -28.8937, 0, 0, 0
L 308.3559, -857.3558, -28.8937, 308.3552, -832.7748, -28.8937, 0, 0, 0
L 308.3552, -832.7748, -27.4244, 314.6831, -824.355, -28.8937, 0, 0, 0
L 314.6831, -824.355, -27.2394, 351.3559, -824.3558, -11.6532, 0, 0, 0
L 351.3559, -824.3558, -11.6532, 351.3528, -823.3556, -11.6538, 0, 0, 0
L 351.3528, -823.3556, -9.8938, 357.6447, -823.3538, -10.8937, 0, 0, 0
L 357.6447, -823.3538, -10.8938, 357.644, -824.3558, -10.8938, 0, 0, 0
L 357.644, -824.3558, -10.8938, 365.3552, -824.3558, -10.8938, 0, 0, 0
L 365.3315, -828.6434, -10.8938, 365.3607, -823.3564, -10.8938, 0, 0, 0
L 371.6469, -823.3529, -9.8938, 365.3607, -823.3564, -9.8938, 0, 0, 0
L 371.6422, -828.6441, -11.3564, 371.6469, -823.3529, -11.3562, 0, 0, 0
L 365.3315, -828.6434, -11.7705, 371.6422, -828.6441, -11.6938, 0, 0, 0
L 389.3394, -764.6426, -11.8938, 369.6433, -793.2113, -11.8938, 0, 0, 0
L 369.6433, -793.2113, -11.8938, 369.644, -800.3559, -11.8938, 0, 0, 0
L 365.3593, -800.3594, -11.8938, 371.644, -800.3541, -11.8938, 0, 0, 0
L 371.644, -800.3541, -11.8938, 371.6451, -805.6436, -11.8938, 0, 0, 0
L 371.6451, -805.6436, -9.8938, 365.3543, -805.6462, -10.8934, 0, 0, 0
L 365.3543, -805.6462, -10.8938, 365.3593, -800.3594, -10.8938, 0, 0, 0
L 365.3552, -804.6439, -10.8938, 357.665, -804.644, -10.8938, 0, 0, 0
L 357.665, -804.644, -10.8938, 357.5991, -805.6444, -10.8938, 0, 0, 0
L 357.5991, -805.6444, -9.8938, 351.3487, -805.6455, -9.8938, 0, 0, 0
L 351.3557, -804.6439, -11.6531, 351.3487, -805.6455, -11.6537, 0, 0, 0
L 351.3557, -804.644, -11.6536, 315.2112, -804.6432, -28.7816, 0, 0, 0
L 315.2112, -804.6432, -28.7816, 291.6433, -820.3834, -27.4359, 0, 0, 0
L 291.6433, -820.3834, -27.4359, 291.6437, -857.3499, -28.8937, 0, 0, 0
L 292.6433, -857.3514, -27.8937, 292.6458, -863.6446, -27.8937, 0, 0, 0
L 292.6458, -863.6446, -29.2327, 287.353, -863.6458, -29.2326, 0, 0, 0
L 287.3466, -862.644, -29.4786, 281.2909, -862.6634, -29.4747, 0, 0, 0
L 281.2909, -862.6634, -29.4747, 268.6442, -878.2731, -29.4818, 0, 0, 0
L 268.6442, -878.2731, -29.4818, 268.6591, -925.7897, -29.8937, 0, 0, 0
L 268.6591, -925.7897, -29.8937, 281.2995, -941.3473, -29.8937, 0, 0, 0
L 281.2995, -941.3473, -29.8937, 318.6435, -941.3568, -29.2837, 0, 0, 0
L 318.6435, -941.3568, -26.988, 318.6456, -948.6413, -25.5165, 0, 0, 0
L 287.3706, -857.374, -28.8937, 292.6433, -857.3514, -28.8937, 0, 0, 0
L 287.353, -863.6458, -29.46, 287.3706, -857.374, -29.4786, 0, 0, 0
L 290.8949, -914.141, -26.8546, 294.568, -917.2305, -26.8314, 127, 127, 127
L 294.568, -917.2305, -26.8314, 300.331, -920.8339, -26.1403, 127, 127, 127
L 300.331, -920.8339, -26.1403, 304.4006, -921.1832, -23.6015, 127, 127, 127
L 304.4006, -921.1832, -23.6015, 314.9968, -920.4471, -26.2343, 127, 127, 127
L 314.9968, -920.4471, -26.2343, 323.5625, -912.596, -25.5445, 127, 127, 127
L 323.5625, -912.596, -25.5445, 325.5163, -899.2767, -25.6976, 127, 127, 127
L 325.5163, -899.2767, -25.6976, 320.6243, -889.5587, -26.975, 127, 127, 127
L 320.6243, -889.5587, -26.975, 309.615, -887.347, -23.9804, 127, 127, 127
L 309.615, -887.347, -23.9804, 303.1207, -889.7226, -22.8794, 127, 127, 127
L 303.1207, -889.7226, -22.8794, 291.65, -896.4275, -24.181, 127, 127, 127
L 291.65, -896.4275, -24.181, 288.6988, -899.3075, -24.5941, 127, 127, 127
L 288.6988, -899.3075, -24.5941, 288.3167, -908.6059, -26.2226, 127, 127, 127
L 288.3167, -908.6059, -26.2226, 290.6433, -913.8733, -26.8822, 127, 127, 127
L 318.6456, -948.6413, -29.76, 300.6723, -969.2095, -24.1395, 0, 0, 0
L 300.6723, -969.2095, -24.1395, 300.6908, -989.7952, -27.4695, 0, 0, 0
L 300.6908, -989.7952, -27.4695, 314.326, -1004.3555, -29.8937, 0, 0, 0
L 314.326, -1004.3555, -29.8937, 403.7529, -1004.3558, -24.2861, 0, 0, 0
L 403.7529, -1004.3558, -24.2861, 416.3552, -994.4688, -29.8937, 0, 0, 0
L 416.3552, -994.4688, -29.8937, 416.3557, -989.356, -29.8937, 0, 0, 0
L 416.3557, -989.356, -27.8937, 422.6435, -989.3532, -27.8937, 0, 0, 0
L 422.6435, -989.3532, -28.8937, 422.644, -990.3558, -28.8937, 0, 0, 0
L 422.644, -990.3558, -28.8937, 459.6018, -990.3558, -28.8937, 0, 0, 0
L 459.6018, -990.3558, -28.8937, 475.3448, -966.8246, -21.7303, 0, 0, 0
L 475.3448, -966.8246, -21.7303, 475.3559, -930.6439, -11.6533, 0, 0, 0
L 475.3559, -930.6439, -11.6533, 474.3555, -930.6462, -11.6538, 0, 0, 0
L 474.3555, -930.6462, -9.8938, 474.353, -924.3382, -9.8938, 0, 0, 0
L 474.353, -924.3382, -10.8938, 475.3559, -924.3559, -10.8938, 0, 0, 0
L 475.3559, -924.3559, -10.8938, 475.3559, -914.6438, -10.8938, 0, 0, 0
L 475.3559, -914.6438, -10.8938, 475.2952, -914.6439, -10.8938, 0, 0, 0
L 479.6424, -914.6449, -10.8938, 474.3546, -914.644, -10.8938, 0, 0, 0
L 474.3546, -914.644, -10.8938, 474.3546, -908.3559, -9.8938, 0, 0, 0
L 474.3546, -908.3559, -11.8938, 479.6449, -908.3541, -11.8938, 0, 0, 0
L 479.6449, -908.3541, -11.8938, 479.6424, -914.6449, -11.8938, 0, 0, 0
L 479.644, -910.3556, -11.8938, 486.8288, -910.3355, -11.8938, 0, 0, 0
L 486.8288, -910.3355, -11.8938, 515.3556, -890.6446, -11.8938, 0, 0, 0
L 515.3556, -890.6381, -11.8938, 515.3501, -877.664, -20.23, 0, 0, 0
L 521.4669, -813.5326, -29.8919, 521.4583, -804.2433, -29.8936, 240, 240, 240
L 521.4669, -813.5326, -29.8937, 536.4729, -812.59, -29.8937, 240, 240, 240
L 521.4583, -804.2433, -29.8937, 536.5036, -803.2712, -29.8937, 240, 240, 240
L 536.5036, -803.2712, -12.3374, 536.4729, -812.59, -12.3623, 240, 240, 240
L 448.3937, -719.365, -29.625, 453.6456, -719.3535, -29.625, 0, 0, 0
L 448.3709, -607.6285, -23.9139, 453.6471, -607.6475, -23.9196, 0, 0, 0
L 437.3616, -593.6287, -25.9985, 443.6453, -593.6468, -25.9985, 0, 0, 0
L 437.3616, -593.6287, -24.8633, 437.3523, -588.3568, -24.8378, 0, 0, 0
L 437.3535, -570.6431, -24.8937, 443.6456, -570.647, -24.8937, 0, 0, 0
L 437.3654, -565.3458, -23.9129, 437.3535, -570.6431, -23.9186, 0, 0, 0
L 411.6438, -569.6441, -15.8735, 411.648, -570.6394, -15.8701, 0, 0, 0
L 372.3501, -486.6403, -3.8938, 372.3552, -504.3557, -3.8938, 0, 0, 0
L 372.3552, -504.3557, -3.8938, 369.3573, -504.3441, -3.8938, 0, 0, 0
L 369.3573, -504.3441, -2.5103, 369.2898, -570.6586, -2.629, 0, 0, 0
L 370.3557, -450.6442, -4.6382, 366.3543, -450.6451, -4.43, 0, 0, 0
L 366.3543, -450.6451, -2.2391, 366.3555, -447.644, -2.1133, 0, 0, 0
L 366.3555, -447.644, -2.1133, 323.6442, -447.644, -4.8937, 0, 0, 0
L 323.6442, -447.644, -4.8937, 323.6458, -451.644, -4.8937, 0, 0, 0
L 323.6458, -451.644, -4.8937, 318.3537, -451.6458, -4.8937, 0, 0, 0
L 318.3537, -451.6458, -5.1016, 318.3564, -448.9306, -5.1021, 0, 0, 0
L 318.3564, -448.9306, -5.1021, 301.3222, -471.6442, -5.7298, 0, 0, 0
L 301.3222, -471.6442, -5.4565, 295.6442, -471.644, -4.8937, 0, 0, 0
L 295.6442, -471.644, -4.8937, 295.6476, -476.646, -4.8937, 0, 0, 0
L 295.6476, -476.646, -4.8937, 292.4897, -476.6435, -4.8937, 0, 0, 0
L 292.4897, -476.6435, -4.8937, 307.6451, -492.7355, -5.7786, 0, 0, 0
L 307.6451, -492.7355, -4.8937, 307.6458, -563.1771, -4.4238, 0, 0, 0
L 307.6458, -563.1771, -2.3559, 291.2606, -589.3504, -1.9097, 0, 0, 0
L 291.2606, -589.3504, -1.9097, 294.6444, -589.3626, -2.6606, 0, 0, 0
L 294.6444, -589.3626, -3.7568, 294.644, -591.3559, -4.323, 0, 0, 0
L 294.644, -591.3559, -4.323, 301.3564, -591.3515, -4.8937, 0, 0, 0
L 301.3564, -591.3515, -4.8937, 316.6856, -614.3568, -4.3913, 0, 0, 0
L 317.3564, -615.3633, -4.3913, 317.3552, -615.22, -4.5145, 0, 0, 0
L 316.6856, -614.3568, -4.8937, 322.6447, -614.3537, -4.8937, 0, 0, 0
L 322.6447, -614.3537, -4.8937, 322.644, -618.3558, -4.8937, 0, 0, 0
L 322.644, -618.3558, -4.8937, 366.3559, -618.3496, -4.8937, 0, 0, 0
L 366.3559, -618.3496, -4.8937, 366.3541, -615.3535, -4.8937, 0, 0, 0
L 366.3541, -615.3535, -4.8937, 369.3557, -615.3558, -4.8937, 0, 0, 0
L 369.3557, -615.3558, -4.8937, 369.3546, -587.36, -4.8937, 0, 0, 0
L 370.3546, -481.3559, -1.1235, 369.3561, -481.3476, -1.1434, 0, 0, 0
L 369.3561, -481.3476, -2.4516, 369.3535, -486.6494, -3.39, 0, 0, 0
L 370.3555, -481.3557, -1.1232, 370.3555, -450.644, -4.6388, 0, 0, 0
L 372.3501, -486.6403, -3.882, 369.3535, -486.6494, -3.2006, 0, 0, 0
L 380.6476, -587.34, -3.9428, 380.6442, -590.3556, -3.9241, 0, 0, 0
L 380.6442, -590.3556, -3.9241, 405.3559, -590.3555, -13.8635, 0, 0, 0
L 379.3557, -410.6435, -25.8937, 356.6437, -410.644, -25.8937, 0, 0, 0
L 379.3559, -410.6438, -25.8937, 379.3423, -411.646, -25.8937, 0, 0, 0
L 379.3423, -411.646, -23.9258, 384.6471, -411.6424, -23.9258, 0, 0, 0
L 352.3573, -408.3543, -25.8937, 352.3519, -412.6453, -25.8937, 0, 0, 0
L 352.3573, -408.3543, -25.8937, 356.641, -408.3568, -25.8937, 0, 0, 0
L 356.6469, -412.6433, -25.8937, 356.641, -408.3568, -25.8937, 0, 0, 0
L 356.6469, -412.6433, -25.8937, 352.3519, -412.6453, -25.8937, 0, 0, 0
L 354.3557, -408.3559, -25.8937, 354.3512, -383.6442, -25.8937, 0, 0, 0
L 354.3512, -383.6442, -25.8937, 335.644, -383.6449, -25.8937, 0, 0, 0
L 335.636, -380.4082, -25.8937, 335.6465, -384.6447, -25.8937, 0, 0, 0
L 335.6465, -384.6447, -24.8937, 330.3512, -384.6447, -24.8937, 0, 0, 0
L 335.636, -380.4082, -26.2542, 330.3584, -380.3437, -26.2815, 0, 0, 0
L 217.6385, -367.644, -25.893, 217.6486, -363.351, -25.8937, 0, 0, 0
L 216.6441, -367.644, -25.8937, 216.6441, -369.3557, -25.8937, 0, 0, 0
L 212.3639, -367.644, -25.8937, 217.6385, -367.644, -25.8937, 0, 0, 0
L 212.3639, -367.644, -25.8937, 212.3533, -363.3575, -25.8937, 0, 0, 0
L 466.3763, -520.3577, -25.8937, 466.3521, -526.6448, -25.8937, 0, 0, 0
L 522.356, -549.3558, -25.8937, 521.3522, -549.3491, -25.8937, 0, 0, 0
L 521.3555, -554.6471, -23.3924, 521.3522, -549.3491, -23.5883, 0, 0, 0
L 522.3556, -577.644, -25.8937, 521.3505, -577.6458, -25.8937, 0, 0, 0
L 521.3581, -572.3558, -25.8937, 521.3505, -577.6458, -25.8937, 0, 0, 0
P -184, 286, 49, 0, 127, 0, 3, to_Innothule_Swamp
P 300, 100, 49, 0, 0, 0, 1, Map_by_Goodurden
