P -2983.13, 1844.4567, -131.7068, 0, 0, 240, 2, Sellenna_Helmark
P -1924, -1095, 24.5946, 0, 0, 240, 2, Kerr_(M)
P -1928, -1141, 24.5946, 0, 0, 240, 2, Tolah_(M)
P -2035, -1070, 24.5946, 0, 0, 240, 2, Rittuh_(M)
P -1993, -1063, 24.5946, 0, 0, 240, 2, Tokk_(M)
P -2521.7568, 1094.9251, -128.5124, 0, 0, 127, 2, Gamali
P -1047.4179, -1925.3653, 150.9091, 0, 0, 127, 2, Brysta_Ducorran
P 2468.2728, -3008.8231, 264.3193, 0, 0, 127, 2, Lezeara_Veristar
P 2398.605, -2999.3024, 269.5839, 0, 0, 127, 2, Ahom_Guzhin
P -2949.9911, -1478.434, 109.766, 0, 0, 127, 2, Kallistar_Crestbourne
P -2949.8069, -972.9229, 109.7587, 0, 0, 127, 2, Brenyon_Seng
