P -1468.4813, -537.5904, 34.4705, 240, 0, 0, 2, Gorehorn*
P -1928.1929, -1141.4287, 26.124, 127, 0, 0, 2, Prince_Garzemort
P -1995.4226, -3040.6489, 158.49, 240, 0, 0, 2, Skrietat'Cha(Owl)
P -1994.7727, -3532.8043, 152.9869, 240, 0, 0, 2, Skrietat'Chu(Owl)
P 2968.7184, -451.6992, 54.4645, 240, 0, 0, 2, Ghowlik(Wolf)
P 1436.9621, -875.7732, 98.4324, 240, 0, 0, 2, Curfang*(Wolf)1
P -1991.117, -3533.4535, 153.6939, 240, 0, 0, 2, Dreadmaw_Wolfkin(Wolf)
P -1995.757, -3044.4081, 158.5347, 240, 0, 0, 2, Fireclaw_Wolfkin(Wolf)
P 1691.5407, -692.3189, 38.6351, 240, 0, 0, 2, Gamtoine_Cursmakk*(Grim)1
P -1991.153, -3043.2638, 157.804, 240, 0, 0, 2, Gleeknot_Gnitrat(Grimling)
P -1991.1214, -3534.2903, 162.6767, 240, 0, 0, 2, Gniktar_Grinwit(Grimling)
P 2967.8744, -455.8172, 53.2453, 240, 0, 0, 2, Grurn_No_Eyes(Grimling)
P 2970.248, -452.1437, 53.1878, 240, 0, 0, 2, Skriat`Chee(Owl)
P 1465.343, -758.6041, 142.394, 240, 0, 0, 2, Skriat`Chet*(Owl)1
P -451.545, -2076.8043, 110.1052, 240, 0, 0, 2, Prince_Skriatat*(Owl)2
P -1958.7047, -1150.5688, 27.6205, 127, 0, 0, 2, Skriat'Chakku
P -153.3645, -977.4778, 35.3325, 240, 0, 0, 2, Warpaw_Dankpelt*(Wolf)2
P 143.2931, -1346.8633, 94.2135, 240, 0, 0, 2, Wiknak_Grimglom*(Grim)2
P -1944.5275, -1109.8722, 26.1617, 127, 0, 0, 2, Gnarlick*
P -2182.8097, -51.2254, 57.7379, 240, 0, 0, 2, Dirtchomp*
P 2678.851, -555.581, 42.5602, 127, 64, 0, 2, Cave_1
P -1148.3157, -2269.3065, 196.9596, 127, 64, 0, 2, Cave_2
