P -627.7791, -1253.1621, 67.4656, 0, 0, 0, 1, Porous_Ore
P -660.2888, -614.3085, 27.9405, 0, 0, 0, 1, Porous_Ore
P 769.2604, -313.6933, -72.6647, 0, 0, 0, 1, Porous_Ore
P -132.432, -1466.5751, 98.3328, 0, 0, 0, 1, Porous_Ore
P -1972.4042, 1280.611, -113.6949, 0, 0, 0, 1, Hollow_palm_roots
P -2035.6959, 1370.4812, -106.4896, 0, 0, 0, 1, Hollow_palm_roots
P -1940.2385, 1406.401, -123.6235, 0, 0, 0, 1, Black_silt_Clay
P -1224.4543, 1303.709, -101.8406, 0, 0, 0, 1, Hollow_pal_roots
P -1607.67, 1482.404, -76.7134, 0, 0, 0, 1, Hollow_pal_roots
P -1618.4124, 1516.1477, -77.478, 0, 0, 0, 1, Hollow_palm_root
P 1044.1945, 1942.1558, -104.8967, 0, 0, 0, 1, Grimroot
P 1185.9147, 1804.1681, -99.8451, 0, 0, 0, 1, Grimroot
P 620.3841, 2823.5524, 81.7772, 127, 64, 0, 2, Chieftain_Hut
P -1563.6612, 127.4024, 36.8415, 127, 64, 0, 2, Rockhopper_&_Beetle
P -1405.2572, 619.6259, -119.9021, 0, 0, 127, 2, Alladnu_Araihse(BST2.0)
P 1518.1885, -688.6201, 154.6157, 0, 0, 0, 1, Crystallized_Ygril_Root
