L -5742.6752, 3047.3126, 302.56, -5746.7393, -1502.636, 301.7837, 0, 0, 240
L -1955.9885, -1510.184, 300.783, -5746.7393, -1502.636, 300.7841, 0, 0, 240
L -5742.6752, 3047.3126, 300.79, -3914.7051, 3042.355, 300.7762, 0, 0, 240
L -3914.7051, 3042.355, 300.7912, -3462.4652, 2320.8227, 300.7941, 0, 0, 240
L -2328.932, 2319.5754, 300.7896, -3462.4652, 2320.8227, 300.7841, 0, 0, 240
L -2328.932, 2319.5754, 300.7746, -1956.8535, 1940.1809, 300.795, 0, 0, 240
L -1956.8535, 1940.1809, 300.795, -1955.9885, -1510.184, 300.7746, 0, 0, 240
L -3657.4135, 452.7558, 321.3602, -3657.3996, 413.4775, 320.6897, 64, 64, 64
L -3657.4045, 426.7017, 320.6897, -3638.9839, 426.6222, 320.6895, 64, 64, 64
L -3638.9153, 408.4639, 320.6913, -3638.9839, 426.6222, 320.6655, 64, 64, 64
L -3652.3948, 408.4596, 320.6911, -3611.5046, 408.471, 320.6931, 64, 64, 64
L -3611.7224, 392.4087, 320.7006, -3652.3805, 392.4105, 320.692, 64, 64, 64
L -3639.1999, 392.41, 320.692, -3639.2456, 373.8725, 320.6927, 64, 64, 64
L -3657.3998, 373.9107, 320.6917, -3639.2456, 373.8725, 320.6908, 64, 64, 64
L -3657.4054, 387.3872, 320.6929, -3657.4023, 347.7094, 320.6902, 64, 64, 64
L -3673.4704, 347.5097, 320.6899, -3673.4688, 387.3892, 320.6922, 64, 64, 64
L -3673.4684, 373.9128, 320.6924, -3691.6266, 374.509, 320.6895, 64, 64, 64
L -3691.6266, 374.509, 320.6897, -3691.672, 392.4075, 320.6961, 64, 64, 64
L -3678.4805, 392.4118, 320.6961, -3720.6862, 392.398, 320.2812, 64, 64, 64
L -3720.6435, 408.4669, 320.1659, -3678.4819, 408.4633, 320.6933, 64, 64, 64
L -3691.6691, 426.6263, 320.6897, -3673.46, 426.6696, 320.6913, 64, 64, 64
L -3673.4582, 413.4773, 320.6913, -3673.4639, 451.8795, 321.8487, 64, 64, 64
L -3691.9562, 408.4635, 320.6924, -3691.6691, 426.6263, 320.6906, 64, 64, 64
L -3673.4688, 387.3892, 355.824, -3678.4821, 387.389, 355.8129, 64, 64, 64
L -3678.4821, 387.389, 355.812, -3678.4805, 392.4118, 355.8129, 64, 64, 64
L -3678.4819, 408.4633, 355.8129, -3678.4807, 413.478, 355.819, 64, 64, 64
L -3673.4582, 413.4773, 355.8149, -3678.4807, 413.478, 355.812, 64, 64, 64
L -3657.3996, 413.4775, 355.8129, -3652.4155, 413.4775, 355.8129, 64, 64, 64
L -3652.3948, 408.4596, 355.817, -3652.4155, 413.4775, 355.8149, 64, 64, 64
L -3652.3598, 387.3874, 355.8149, -3652.3805, 392.4105, 355.8129, 64, 64, 64
L -3652.3598, 387.3874, 355.8149, -3657.4054, 387.3872, 355.8129, 64, 64, 64
L -3691.9567, 373.7758, 320.6895, -3678.5729, 387.3888, 354.1759, 64, 64, 64
L -3691.4423, 426.5772, 320.6895, -3678.4805, 413.5085, 354.2887, 64, 64, 64
L -3638.9843, 426.8138, 320.6895, -3652.4153, 413.4341, 352.9728, 64, 64, 64
L -3639.2444, 374.2506, 320.6908, -3652.4238, 387.3874, 354.1759, 64, 64, 64
L -3791.376, 438.6259, 317.1736, -3791.3793, 430.168, 317.2004, 64, 64, 64
L -3791.3793, 430.168, 317.2547, -3799.8447, 430.1625, 316.8668, 64, 64, 64
L -3799.8447, 430.1625, 316.5706, -3799.8488, 438.6308, 316.6005, 64, 64, 64
L -3799.8488, 438.6308, 316.6951, -3791.376, 438.6259, 316.7481, 64, 64, 64
L -3791.371, 459.1335, 316.5611, -3799.833, 459.1256, 316.5249, 64, 64, 64
L -3799.833, 459.1256, 316.4365, -3799.8335, 467.5908, 316.4026, 64, 64, 64
L -3799.8335, 467.5908, 316.4128, -3791.3622, 467.5865, 316.4984, 64, 64, 64
L -3799.8571, 482.7889, 316.7169, -3799.8595, 491.2509, 315.6695, 64, 64, 64
L -3799.8595, 491.2509, 315.4802, -3791.3955, 491.2567, 315.5226, 64, 64, 64
L -3791.3955, 491.2567, 315.9605, -3791.3904, 482.7882, 316.2246, 64, 64, 64
L -3793.4618, 482.7889, 316.4112, -3793.4587, 467.5876, 316.5362, 64, 64, 64
L -3797.7631, 467.5899, 316.4981, -3797.7566, 482.781, 316.47, 64, 64, 64
L -3799.8571, 482.7889, 316.295, -3791.3904, 482.7882, 316.4112, 64, 64, 64
L -3791.3622, 467.5865, 316.8937, -3791.371, 459.1335, 316.9182, 64, 64, 64
L -3793.8915, 438.6274, 316.8731, -3793.8206, 459.1184, 316.8158, 64, 64, 64
L -3798.1064, 459.127, 316.5609, -3798.2703, 438.6301, 316.5919, 64, 64, 64
L -3863.9497, 411.9567, 308.1714, -3869.8796, 406.1317, 308.6449, 64, 64, 64
L -3869.8796, 406.1317, 308.7389, -3864.1846, 400.4476, 308.9082, 64, 64, 64
L -3864.1846, 400.4476, 309.3412, -3858.2019, 406.4159, 309.3935, 64, 64, 64
L -3858.2019, 406.4159, 308.812, -3863.9497, 411.9567, 308.4825, 64, 64, 64
L -3891.112, 437.8931, 304.5894, -3896.4301, 443.1988, 304.5525, 64, 64, 64
L -3896.4301, 443.1988, 305.1854, -3901.7582, 437.8711, 305.1854, 64, 64, 64
L -3901.7582, 437.8711, 304.6052, -3896.4492, 432.5493, 304.6265, 64, 64, 64
L -3896.4492, 432.5493, 304.6428, -3891.112, 437.8931, 304.6132, 64, 64, 64
L -3900.1538, 467.5765, 305.6062, -3905.4877, 462.2352, 305.6061, 64, 64, 64
L -3905.4877, 462.2352, 305.6062, -3910.8173, 467.5722, 305.6062, 64, 64, 64
L -3905.4879, 472.8933, 305.6061, -3910.8173, 467.5722, 305.6061, 64, 64, 64
L -3905.4879, 472.8933, 305.6062, -3900.1538, 467.5765, 305.6062, 64, 64, 64
L -3891.1086, 519.6851, 305.6062, -3875.7654, 532.2558, 306.8004, 64, 64, 64
L -3875.7654, 532.2558, 306.8004, -3859.7521, 547.3214, 305.6062, 64, 64, 64
L -3859.7521, 547.3214, 303.3306, -3861.9594, 549.4882, 303.2674, 64, 64, 64
L -3861.9594, 549.4882, 303.4789, -3878.4854, 534.9221, 303.6181, 64, 64, 64
L -3878.4854, 534.9221, 303.6181, -3895.1448, 521.5534, 303.7357, 64, 64, 64
L -3895.1448, 521.5534, 303.7357, -3931.6406, 498.286, 303.2006, 64, 64, 64
L -3931.6406, 498.286, 302.692, -3930.7539, 495.2812, 302.1326, 64, 64, 64
L -3910.6547, 506.3903, 305.6062, -3930.7539, 495.2812, 305.6062, 64, 64, 64
L -3910.6547, 506.3903, 305.6062, -3891.1086, 519.6851, 305.6062, 64, 64, 64
L -3927.4272, 468.3414, 304.774, -3921.487, 462.3815, 304.1261, 64, 64, 64
L -3921.487, 462.3815, 304.1951, -3927.4562, 456.6123, 304.2493, 64, 64, 64
L -3927.4562, 456.6123, 304.2325, -3931.3688, 460.196, 304.2191, 64, 64, 64
L -3931.3688, 460.196, 304.1841, -3929.2067, 462.24, 304.1693, 64, 64, 64
L -3929.2067, 462.24, 304.1693, -3931.4753, 464.3007, 304.1512, 64, 64, 64
L -3931.4753, 464.3007, 304.1034, -3927.4272, 468.3414, 304.903, 64, 64, 64
L -3936.2067, 448.117, 304.3792, -3939.6122, 451.6184, 304.2826, 64, 64, 64
L -3939.6122, 451.6184, 304.2452, -3941.3195, 449.9112, 304.2377, 64, 64, 64
L -3941.3195, 449.9112, 304.2377, -3943.583, 452.1883, 304.201, 64, 64, 64
L -3947.746, 448.2549, 304.1129, -3943.583, 452.1883, 304.1274, 64, 64, 64
L -3947.746, 448.2549, 304.1512, -3941.9018, 442.1623, 304.2662, 64, 64, 64
L -3968.7874, 430.7903, 304.8602, -3963.4495, 425.4628, 304.8602, 64, 64, 64
L -3963.4495, 425.4628, 304.8602, -3968.7791, 420.1308, 304.8602, 64, 64, 64
L -3968.7791, 420.1308, 304.8602, -3974.1086, 425.4599, 304.8602, 64, 64, 64
L -3974.1086, 425.4599, 304.8602, -3968.7874, 430.7903, 304.8602, 64, 64, 64
L -3976.9072, 448.6216, 304.8602, -3992.4519, 432.237, 304.8534, 64, 64, 64
L -3992.4519, 432.237, 304.8534, -4007.9567, 418.6134, 304.9658, 64, 64, 64
L -4007.9567, 418.6134, 304.9658, -4024.4924, 405.6945, 304.8471, 64, 64, 64
L -4024.4924, 405.6945, 304.8471, -4044.4585, 393.1329, 304.8602, 64, 64, 64
L -4044.4585, 393.1329, 301.2533, -4046.4072, 396.3136, 300.9759, 64, 64, 64
L -4046.4072, 396.3136, 300.8333, -4027.8613, 408.2083, 302.2028, 64, 64, 64
L -4027.8613, 408.2083, 302.2028, -4010.9128, 421.966, 301.6879, 64, 64, 64
L -4010.9128, 421.966, 301.6879, -3995.4529, 435.237, 301.2644, 64, 64, 64
L -3995.4529, 435.237, 301.2644, -3979.8123, 451.1786, 300.8466, 64, 64, 64
L -3979.8123, 451.1786, 301.1028, -3976.9072, 448.6216, 301.3466, 64, 64, 64
L -3941.7609, 482.8602, 302.8009, -3947.655, 476.9719, 302.2364, 64, 64, 64
L -3947.655, 476.9719, 302.3758, -3944.1174, 473.3224, 303.5819, 64, 64, 64
L -3944.1174, 473.3224, 303.5366, -3942.3112, 475.1333, 303.5482, 64, 64, 64
L -3942.3112, 475.1333, 303.5482, -3940.266, 472.8831, 303.838, 64, 64, 64
L -3936.1167, 476.8788, 303.8958, -3940.266, 472.8831, 303.8888, 64, 64, 64
L -3936.1167, 476.8788, 303.8734, -3941.7609, 482.8602, 302.8373, 64, 64, 64
L -3842.4268, 531.1792, 304.5283, -3844.916, 535.4166, 304.4347, 64, 64, 64
L -3841.7345, 537.2861, 304.1628, -3844.916, 535.4166, 304.2241, 64, 64, 64
L -3841.7345, 537.2861, 304.1521, -3840.916, 535.8623, 304.1972, 64, 64, 64
L -3840.916, 535.8623, 304.1972, -3839.8652, 536.4542, 304.182, 64, 64, 64
L -3839.8652, 536.4542, 304.2955, -3838.1808, 533.6008, 304.3903, 64, 64, 64
L -3841.4436, 549.2883, 302.985, -3839.7671, 546.4375, 303.5658, 64, 64, 64
L -3839.7671, 546.4375, 303.1813, -3838.4978, 547.1644, 303.2026, 64, 64, 64
L -3838.4978, 547.1644, 303.2026, -3837.666, 545.759, 303.2717, 64, 64, 64
L -3834.5225, 547.5425, 303.4551, -3837.666, 545.759, 303.4284, 64, 64, 64
L -3837.625, 551.8463, 303.1288, -3834.5225, 547.5425, 303.2221, 64, 64, 64
L -3837.625, 551.8463, 302.8242, -3841.4436, 549.2883, 302.8018, 64, 64, 64
L -3842.4268, 531.1792, 304.5434, -3838.1808, 533.6008, 304.511, 64, 64, 64
L -3826.7703, 537.8826, 305.213, -3832.5417, 534.5371, 305.1349, 64, 64, 64
L -3835.1808, 539.2708, 304.399, -3832.5417, 534.5371, 304.5312, 64, 64, 64
L -3835.1808, 539.2708, 304.2638, -3834.1248, 539.7326, 304.2794, 64, 64, 64
L -3834.1248, 539.7326, 304.2794, -3834.9059, 541.1358, 304.1566, 64, 64, 64
L -3830.3811, 543.6807, 304.1447, -3834.9059, 541.1358, 304.1032, 64, 64, 64
L -3830.3811, 543.6807, 304.3426, -3826.7703, 537.8826, 304.4739, 64, 64, 64
L -3796.9899, 394.6071, 319.3167, -3791.6658, 389.2801, 319.5701, 64, 64, 64
L -3791.6658, 389.2801, 319.4159, -3796.9893, 383.949, 318.9954, 64, 64, 64
L -3796.9893, 383.949, 318.7085, -3802.3191, 389.278, 318.3088, 64, 64, 64
L -3802.3191, 389.278, 318.2173, -3796.9899, 394.6071, 318.4671, 64, 64, 64
L -3801.164, 388.1231, 317.641, -3812.5713, 376.72, 317.3614, 64, 64, 64
L -3808.3877, 372.5106, 317.3614, -3813.7029, 377.8586, 317.3222, 64, 64, 64
L -3813.7029, 377.8586, 317.1283, -3819.342, 372.5312, 316.8971, 64, 64, 64
L -3819.342, 372.5312, 316.826, -3813.7035, 367.1997, 316.8639, 64, 64, 64
L -3818.1386, 371.6354, 316.8639, -3833.4196, 356.6138, 316.624, 64, 64, 64
L -3834.197, 357.3885, 316.2454, -3828.8582, 352.649, 316.5966, 64, 64, 64
L -3830.458, 353.66, 316.5966, -3829.9324, 353.1302, 316.6587, 64, 64, 64
L -3828.8582, 352.649, 316.7599, -3834.1896, 346.7359, 316.7137, 64, 64, 64
L -3834.1896, 346.7359, 316.4329, -3839.5205, 352.579, 316.2527, 64, 64, 64
L -3841.8456, 352.2941, 316.473, -3835.7537, 346.9744, 316.3346, 64, 64, 64
L -3839.5205, 352.579, 316.9639, -3834.197, 357.3885, 316.1299, 64, 64, 64
L -3813.7035, 367.1997, 317.5765, -3808.3877, 372.5106, 317.7119, 64, 64, 64
L -3809.539, 373.6693, 318.5552, -3798.1257, 385.853, 318.7083, 64, 64, 64
L -3815.1095, 368.6057, 317.2128, -3830.3103, 353.5131, 316.9232, 64, 64, 64
L -3835.7537, 346.9744, 316.5513, -3841.864, 341.6338, 316.5171, 64, 64, 64
L -3841.8456, 352.2941, 316.391, -3846.4137, 346.9714, 316.9669, 64, 64, 64
L -3841.864, 341.6338, 316.2243, -3846.4137, 346.9714, 316.1902, 64, 64, 64
L -3845.2112, 345.7681, 316.2243, -3884.7519, 306.7737, 325.1037, 64, 64, 64
L -3884.8119, 307.5561, 325.1037, -3879.9677, 302.4119, 324.9438, 64, 64, 64
L -3879.9677, 302.4119, 324.975, -3885.1469, 297.5658, 325.4929, 64, 64, 64
L -3885.1469, 297.5658, 325.2115, -3889.978, 302.7352, 325.2198, 64, 64, 64
L -3889.978, 302.7352, 325.1904, -3884.8119, 307.5561, 325.228, 64, 64, 64
L -3881.2251, 303.5009, 324.944, -3842.6476, 342.6216, 316.4553, 64, 64, 64
L -3892.1592, 304.4943, 323.8543, -3892.1565, 297.4187, 323.8367, 64, 64, 64
L -3892.1565, 297.4187, 323.3389, -3899.2404, 297.4094, 322.1317, 64, 64, 64
L -3899.2404, 297.4094, 321.4535, -3899.2294, 304.4864, 321.4544, 64, 64, 64
L -3892.1592, 304.4943, 323.1721, -3899.2294, 304.4864, 322.237, 64, 64, 64
L -3899.2316, 303.946, 321.4544, -3954.2847, 303.6, 314.1745, 64, 64, 64
L -3954.2453, 304.228, 314.1745, -3954.4861, 296.6995, 314.6322, 64, 64, 64
L -3954.4297, 298.4639, 314.6322, -3899.2339, 298.5708, 321.4546, 64, 64, 64
L -3954.4861, 296.6995, 314.646, -3962.282, 296.9501, 314.437, 64, 64, 64
L -3962.282, 296.9501, 314.1129, -3961.7725, 304.4864, 313.7567, 64, 64, 64
L -3961.7725, 304.4864, 313.6356, -3954.2453, 304.228, 313.7307, 64, 64, 64
L -3963.2847, 294.5858, 314.6994, -3958.6599, 289.357, 315.5989, 64, 64, 64
L -3958.6599, 289.357, 316.3145, -3963.3312, 284.2509, 316.3863, 64, 64, 64
L -3963.3312, 284.2509, 315.2085, -3968.6145, 289.2355, 314.8208, 64, 64, 64
L -3968.6145, 289.2355, 314.5482, -3963.2847, 294.5858, 314.4918, 64, 64, 64
L -3967.4511, 288.8799, 314.7429, -3978.8366, 276.6702, 314.7404, 64, 64, 64
L -3974.2278, 272.8009, 314.7404, -3979.965, 277.7943, 314.6265, 64, 64, 64
L -3979.965, 277.7943, 314.5606, -3985.2844, 272.4508, 314.5674, 64, 64, 64
L -3985.2844, 272.4508, 314.608, -3979.5502, 266.7271, 314.6741, 64, 64, 64
L -3984.3915, 271.5595, 314.6741, -3999.6104, 256.516, 314.5398, 64, 64, 64
L -4000.5641, 257.4843, 314.5398, -3994.6938, 251.5244, 314.9359, 64, 64, 64
L -3994.6938, 251.5244, 315.1721, -4000.356, 245.81, 315.8419, 64, 64, 64
L -4000.356, 245.81, 314.8283, -4006.5055, 251.9179, 314.4114, 64, 64, 64
L -4006.5055, 251.9179, 314.2192, -4000.5641, 257.4843, 314.3059, 64, 64, 64
L -3996.6738, 253.5594, 314.9354, -3981.364, 268.5536, 315.79, 64, 64, 64
L -3979.5502, 266.7271, 315.3355, -3974.2278, 272.8009, 315.3432, 64, 64, 64
L -3964.3206, 285.8, 315.2173, -3975.6916, 273.5382, 315.2151, 64, 64, 64
L -4018.1862, 376.6455, 304.8602, -4023.5198, 371.3038, 304.8602, 64, 64, 64
L -4023.5198, 371.3038, 304.8604, -4028.8512, 376.6347, 304.8602, 64, 64, 64
L -4028.8512, 376.6347, 304.8602, -4023.5295, 381.9676, 304.8602, 64, 64, 64
L -4023.5295, 381.9676, 304.8604, -4018.1862, 376.6455, 304.8602, 64, 64, 64
L -4028.15, 349.1005, 304.5559, -4033.873, 349.4048, 304.5321, 64, 64, 64
L -4033.873, 349.4048, 304.5165, -4033.5491, 345.4562, 304.5296, 64, 64, 64
L -4028.15, 349.1005, 304.6093, -4028.15, 344.1641, 304.6216, 64, 64, 64
L -4031.3921, 344.1721, 304.6064, -4028.15, 344.1641, 304.6329, 64, 64, 64
L -4031.3921, 344.1721, 304.5942, -4031.4519, 345.4572, 304.5763, 64, 64, 64
L -4031.4519, 345.4572, 304.5763, -4033.5491, 345.4562, 304.5581, 64, 64, 64
L -4038.3957, 345.4567, 304.3754, -4040.1941, 345.4599, 304.3534, 64, 64, 64
L -4040.1941, 345.4599, 304.3534, -4040.1359, 344.1698, 304.3654, 64, 64, 64
L -4040.1359, 344.1698, 304.3475, -4043.3222, 344.1668, 304.3364, 64, 64, 64
L -4043.3137, 349.1288, 304.2952, -4043.3222, 344.1668, 304.283, 64, 64, 64
L -4043.3137, 349.1288, 304.2803, -4038.4202, 349.79, 304.3056, 64, 64, 64
L -4038.4202, 349.79, 304.3498, -4038.3957, 345.4567, 304.3824, 64, 64, 64
L -4033.7179, 337.6587, 304.641, -4031.46, 337.6551, 304.663, 64, 64, 64
L -4031.46, 337.6551, 304.663, -4031.4375, 338.8586, 304.6517, 64, 64, 64
L -4031.4375, 338.8586, 304.6634, -4028.1565, 338.8629, 304.6861, 64, 64, 64
L -4028.9131, 333.9789, 304.732, -4028.1565, 338.8629, 304.7139, 64, 64, 64
L -4028.9131, 333.9789, 304.9669, -4033.3921, 333.9676, 304.8344, 64, 64, 64
L -4033.7179, 337.6587, 304.6653, -4033.3921, 333.9676, 304.6892, 64, 64, 64
L -3941.9018, 442.1623, 304.3747, -3936.2067, 448.117, 304.3879, 64, 64, 64
L -3494.7278, 848.8513, 300.1406, -3478.6957, 865.36, 299.5865, 0, 0, 0
L -3478.6957, 865.36, 299.5865, -3472.635, 879.9411, 299.6908, 0, 0, 0
L -3472.635, 879.9411, 299.6908, -3472.3469, 909.9981, 299.7615, 0, 0, 0
L -3472.3469, 909.9981, 299.7615, -3463.5268, 937.2105, 301.1557, 0, 0, 0
L -3463.5268, 937.2105, 301.1557, -3465.1448, 992.8568, 299.7807, 0, 0, 0
L -3465.1448, 992.8568, 299.7807, -3458.5868, 1055.9218, 299.9585, 0, 0, 0
L -3458.5868, 1055.9218, 299.9585, -3458.3818, 1082.178, 299.6818, 0, 0, 0
L -3458.3818, 1082.178, 299.6818, -3475.2444, 1129.8668, 299.8994, 0, 0, 0
L -3475.2444, 1129.8668, 299.8994, -3492.3503, 1163.9737, 299.841, 0, 0, 0
L -3492.3503, 1163.9737, 299.841, -3506.4839, 1183.5642, 299.4879, 0, 0, 0
L -3506.4839, 1183.5642, 299.4879, -3512.6381, 1191.5851, 300.1788, 0, 0, 0
L -3512.6381, 1191.5851, 300.1788, -3518.3926, 1213.4818, 299.7087, 0, 0, 0
L -3518.3926, 1213.4818, 299.7087, -3517.7953, 1239.7708, 299.7719, 0, 0, 0
L -3517.7953, 1239.7708, 299.7719, -3520.8859, 1279.7007, 299.5833, 0, 0, 0
L -3520.8859, 1279.7007, 299.5833, -3516.6372, 1352.6666, 299.5742, 0, 0, 0
L -3516.6372, 1352.6666, 299.5742, -3512.3281, 1402.3511, 300.1139, 0, 0, 0
L -3512.3281, 1402.3511, 300.1139, -3499.5027, 1428.7389, 300.2171, 0, 0, 0
L -3499.5027, 1428.7389, 300.2171, -3465.835, 1486.717, 299.891, 0, 0, 0
L -3465.835, 1486.717, 299.891, -3438.9409, 1545.2969, 299.4999, 0, 0, 0
L -3436.8969, 1553.9103, 299.4999, -3409.9711, 1593.2418, 299.8201, 0, 0, 0
L -3409.9711, 1593.2418, 299.8201, -3384.8078, 1619.3213, 299.2275, 0, 0, 0
L -3384.8078, 1619.3213, 299.2275, -3376.831, 1657.7672, 299.6483, 0, 0, 0
L -3376.831, 1657.7672, 299.6483, -3373.824, 1674.1992, 301.173, 0, 0, 0
L -3354.5309, 1693.7653, 301.173, -3339.7444, 1699.3284, 300.2284, 0, 0, 0
L -3339.7444, 1699.3284, 300.2284, -3330.1181, 1697.1095, 300.6499, 0, 0, 0
L -3330.1181, 1697.1095, 300.6499, -3313.3146, 1697.1095, 299.4173, 0, 0, 0
L -3313.3146, 1697.1095, 299.4173, -3260.6691, 1728.1285, 299.6884, 0, 0, 0
L -3260.6691, 1728.1285, 299.6884, -3226.2683, 1737.663, 299.6942, 0, 0, 0
L -3226.2683, 1737.663, 299.6942, -3199.6104, 1751.1149, 299.6854, 0, 0, 0
L -3199.6104, 1751.1149, 299.6854, -3152.6188, 1759.9547, 300.1942, 0, 0, 0
L -3152.6188, 1759.9547, 300.1942, -3125.9499, 1771.423, 299.6467, 0, 0, 0
L -3125.9499, 1771.423, 299.6467, -3063.7791, 1785.5006, 299.8231, 0, 0, 0
L -3063.7791, 1785.5006, 299.8231, -3016.2109, 1791.7771, 299.9325, 0, 0, 0
L -3016.2109, 1791.7771, 299.9325, -2977.164, 1796.3275, 299.8706, 0, 0, 0
L -2977.164, 1796.3275, 299.8706, -2953.7698, 1798.3376, 300.1539, 0, 0, 0
L -2953.7698, 1798.3376, 300.1539, -2875.4189, 1751.1456, 299.4381, 0, 0, 0
L -2875.4189, 1751.1456, 299.4381, -2820.9072, 1721.5824, 300.817, 0, 0, 0
L -2820.9072, 1721.5824, 300.817, -2783.8269, 1686.9365, 299.9304, 0, 0, 0
L -2783.8269, 1686.9365, 299.9304, -2768.7219, 1646.8052, 299.3401, 0, 0, 0
L -2768.7219, 1646.8052, 299.3401, -2749.6183, 1607.6962, 299.4913, 0, 0, 0
L -2749.6183, 1607.6962, 299.4913, -2725.1736, 1583.6304, 299.6931, 0, 0, 0
L -2725.1736, 1583.6304, 299.6931, -2723.1882, 1569.3405, 299.7839, 0, 0, 0
L -2723.1882, 1569.3405, 299.7839, -2726.2433, 1548.2934, 300.1791, 0, 0, 0
L -2726.2433, 1548.2934, 300.1791, -2711.8984, 1535.2916, 300.1764, 0, 0, 0
L -2711.8984, 1535.2916, 300.1764, -2696.76, 1494.2371, 299.8389, 0, 0, 0
L -2696.76, 1494.2371, 299.8389, -2686.1642, 1435.9989, 300.3634, 0, 0, 0
L -2686.1642, 1435.9989, 300.3634, -2673.5619, 1402.3452, 299.8736, 0, 0, 0
L -2673.5619, 1402.3452, 299.8736, -2657.5934, 1405.9509, 299.5812, 0, 0, 0
L -2657.5934, 1405.9509, 299.5812, -2635.4762, 1399.8865, 299.3586, 0, 0, 0
L -2635.4762, 1399.8865, 299.3586, -2625.1808, 1376.6793, 299.8254, 0, 0, 0
L -2625.1808, 1376.6793, 299.8254, -2628.199, 1358.8179, 299.8507, 0, 0, 0
L -2628.199, 1358.8179, 299.8507, -2623.3894, 1342.8333, 299.769, 0, 0, 0
L -2623.3894, 1342.8333, 299.769, -2589.5293, 1300.9237, 299.8288, 0, 0, 0
L -2589.5293, 1300.9237, 299.8288, -2563.6648, 1280.7534, 299.9146, 0, 0, 0
L -2563.6648, 1280.7534, 299.9146, -2553.6069, 1251.6702, 299.8013, 0, 0, 0
L -2553.6069, 1251.6702, 299.8013, -2547.5522, 1198.7237, 300.1628, 0, 0, 0
L -2547.5522, 1198.7237, 300.1628, -2548.8117, 1110.361, 299.7778, 0, 0, 0
L -2548.8117, 1110.361, 299.7778, -2550.6271, 1079.7219, 299.9298, 0, 0, 0
L -2550.6271, 1079.7219, 299.9298, -2557.8948, 1069.6699, 299.7798, 0, 0, 0
L -2557.8948, 1069.6699, 299.7798, -2554.9645, 1047.1721, 299.5446, 0, 0, 0
L -2554.9645, 1047.1721, 299.5446, -2547.2058, 1025.9827, 299.6997, 0, 0, 0
L -2547.2058, 1025.9827, 299.6997, -2538.2089, 1006.1612, 299.2364, 0, 0, 0
L -2538.2089, 1006.1612, 299.2364, -2533.891, 958.1652, 299.9155, 0, 0, 0
L -2533.891, 958.1652, 299.9155, -2516.4423, 935.3473, 299.6566, 0, 0, 0
L -2516.4423, 935.3473, 299.6566, -2501.6399, 902.4592, 299.8346, 0, 0, 0
L -2501.6399, 902.4592, 299.8346, -2485.2555, 894.8146, 299.6564, 0, 0, 0
L -2485.2555, 894.8146, 299.6564, -2473.949, 884.6132, 299.6936, 0, 0, 0
L -2473.949, 884.6132, 299.6936, -2453.1909, 859.288, 299.6788, 0, 0, 0
L -2453.1909, 859.288, 299.6788, -2424.1181, 839.8405, 299.6338, 0, 0, 0
L -2424.1181, 839.8405, 299.6338, -2418.3859, 818.9963, 299.511, 0, 0, 0
L -2418.3859, 818.9963, 299.511, -2417.606, 764.225, 301.36, 0, 0, 0
L -2417.606, 764.225, 301.36, -2406.509, 733.7889, 300.1727, 0, 0, 0
L -2406.509, 733.7889, 300.1727, -2393.8366, 684.7711, 299.411, 0, 0, 240
L -2393.8366, 684.7711, 299.411, -2397.9978, 670.1911, 301.5199, 0, 0, 240
L -2397.9978, 670.1911, 301.5199, -2415.2256, 649.1861, 298.2706, 0, 0, 0
L -2415.2256, 649.1861, 298.2706, -2415.8186, 582.7679, 300.4264, 0, 0, 0
L -2415.8186, 582.7679, 300.4264, -2426.8877, 528.8884, 300.5978, 0, 0, 0
L -2426.8877, 528.8884, 300.5978, -2500.8582, 467.5538, 300.5631, 0, 0, 0
L -2500.8582, 467.5538, 300.5631, -2533.6491, 449.8937, 300.2436, 0, 0, 0
L -2533.6491, 449.8937, 300.2436, -2595.7979, 438.2049, 299.8301, 0, 0, 0
L -2595.7979, 438.2049, 299.8301, -2618.7404, 422.55, 300.1216, 0, 0, 0
L -2618.7404, 422.55, 300.1216, -2640.3159, 400.5357, 299.5636, 0, 0, 0
L -2640.3159, 400.5357, 299.5636, -2658.7573, 372.2943, 298.5973, 0, 0, 0
L -2658.7573, 372.2943, 298.5973, -2676.3894, 369.7182, 299.7241, 0, 0, 0
L -2676.3894, 369.7182, 299.7241, -2698.2734, 347.9019, 299.3663, 0, 0, 0
L -2698.2734, 347.9019, 299.3663, -2748.7559, 283.2517, 299.8143, 0, 0, 0
L -2748.7559, 283.2517, 299.8143, -2781.1709, 237.96, 300.4499, 0, 0, 0
L -2781.1709, 237.96, 300.4499, -2802.1017, 184.7888, 299.3562, 0, 0, 0
L -2802.1017, 184.7888, 299.3562, -2815.5324, 171.1877, 299.5964, 0, 0, 0
L -2815.5324, 171.1877, 299.5964, -2840.675, 146.2621, 299.4981, 0, 0, 0
L -2840.675, 146.2621, 299.4981, -2865.3586, 101.4497, 299.8428, 0, 0, 0
L -2865.3586, 101.4497, 299.8428, -2874.9641, 85.5156, 300.1992, 0, 0, 0
L -2874.9641, 85.5156, 300.1992, -2866.4214, 59.7216, 300.47, 0, 0, 0
L -2866.4214, 59.7216, 300.47, -2872.1421, 38.9536, 299.8677, 0, 0, 0
L -2872.1421, 38.9536, 299.8677, -2898.8948, -25.3195, 300.1, 0, 0, 0
L -2898.8948, -25.3195, 300.1, -2896.25, -54.1156, 299.6145, 0, 0, 0
L -2896.25, -54.1156, 299.6145, -2896.9976, -72.4899, 300.4696, 0, 0, 0
L -2914.6078, -93.1752, 300.4696, -2922.8339, -102.1003, 300.9164, 0, 0, 0
L -2922.8339, -102.1003, 300.9164, -2964.5884, -131.6262, 299.7314, 0, 0, 0
L -2964.5884, -131.6262, 299.7314, -3002.3015, -172.3728, 299.7486, 0, 0, 0
L -3002.3015, -172.3728, 299.7486, -3015.9137, -191.3813, 299.68, 0, 0, 0
L -3015.9137, -191.3813, 299.68, -3057.2593, -221.2775, 300.6299, 0, 0, 0
L -3105.954, -255.7555, 300.6299, -3119.6691, -265.4698, 299.8389, 0, 0, 0
L -3119.6691, -265.4698, 299.8389, -3167.3481, -313.6691, 300.5914, 0, 0, 0
L -3167.3481, -313.6691, 300.5914, -3169.9789, -331.7878, 299.9243, 0, 0, 0
L -3169.9789, -331.7878, 299.9243, -3194.2058, -355.4187, 299.7108, 0, 0, 0
L -3194.2058, -355.4187, 299.7108, -3206.2908, -374.8838, 299.9141, 0, 0, 0
L -3206.2908, -374.8838, 299.9141, -3258.605, -432.4671, 299.7416, 0, 0, 0
L -3258.605, -432.4671, 299.7416, -3291.5248, -458.3097, 300.2658, 0, 0, 0
L -3291.5248, -458.3097, 300.2658, -3324.2539, -469.9812, 299.7015, 0, 0, 0
L -3324.2539, -469.9812, 299.7015, -3354.8069, -486.4968, 299.4418, 0, 0, 0
L -3354.8069, -486.4968, 299.4418, -3386.2734, -504.6927, 299.8401, 0, 0, 0
L -3386.2734, -504.6927, 299.8401, -3457.4519, -518.3745, 299.398, 0, 0, 0
L -3457.4519, -518.3745, 299.398, -3502.6554, -531.547, 299.4193, 0, 0, 0
L -3502.6554, -531.547, 299.4193, -3541.2046, -533.2181, 300.103, 0, 0, 0
L -3541.2046, -533.2181, 300.103, -3596.8625, -541.1037, 300.1637, 0, 0, 0
L -3596.8625, -541.1037, 300.1637, -3632.6729, -552.1037, 299.7312, 0, 0, 0
L -3632.6729, -552.1037, 299.7312, -3699.5459, -564.6086, 299.8072, 0, 0, 0
L -3699.5459, -564.6086, 299.8072, -3808.6826, -558.2798, 300.2907, 0, 0, 0
L -3808.6826, -558.2798, 300.2907, -3831.5, -571.8052, 299.355, 0, 0, 0
L -3831.5, -571.8052, 299.355, -3889.1293, -570.5701, 300.1999, 0, 0, 0
L -3889.1293, -570.5701, 300.1999, -3930.8688, -565.9849, 299.5706, 0, 0, 0
L -3930.8688, -565.9849, 299.5706, -3954.5198, -568.8328, 299.5058, 0, 0, 0
L -3954.5198, -568.8328, 299.5058, -3994.2305, -577.6728, 299.6211, 0, 0, 0
L -3994.2305, -577.6728, 299.6211, -4034.8368, -581.8682, 300.7389, 0, 0, 0
L -4034.8368, -581.8682, 300.7389, -4092.6154, -573.1168, 300.9528, 0, 0, 0
L -4092.6154, -573.1168, 300.9528, -4143.6684, -574.1064, 299.7031, 0, 0, 0
L -4143.6684, -574.1064, 299.7031, -4248.8247, -569.9514, 299.7545, 0, 0, 0
L -4248.8247, -569.9514, 299.7545, -4294.1342, -564.3564, 299.8204, 0, 0, 0
L -4294.1342, -564.3564, 299.8204, -4369.6757, -558.9936, 299.1514, 0, 0, 0
L -4369.6757, -558.9936, 299.1514, -4427.8212, -542.4785, 299.7823, 0, 0, 0
L -4427.8212, -542.4785, 299.7823, -4487.4936, -534.504, 300.6734, 0, 0, 0
L -4487.4936, -534.504, 300.6734, -4545.1977, -516.2749, 299.7517, 0, 0, 0
L -4545.1977, -516.2749, 299.7517, -4578.31, -510.3312, 300.7558, 0, 0, 0
L -4578.31, -510.3312, 300.7558, -4629.77, -481.1032, 301.8489, 0, 0, 0
L -4629.77, -481.1032, 301.8489, -4667.4823, -457.146, 300.2225, 0, 0, 0
L -4667.4823, -457.146, 300.2225, -4740.1309, -399.6859, 299.5353, 0, 0, 0
L -4740.1309, -399.6859, 299.5353, -4798.7084, -350.8885, 300.3059, 0, 0, 0
L -4798.7084, -350.8885, 300.3059, -4856.416, -285.5865, 300.6865, 0, 0, 0
L -4856.416, -285.5865, 300.6865, -4882.5961, -259.2307, 299.6775, 0, 0, 0
L -4882.5961, -259.2307, 299.6775, -4907.5321, -207.4738, 300.2803, 0, 0, 0
L -4907.5321, -207.4738, 300.2803, -4924.5, -186.842, 301.6499, 0, 0, 0
L -4924.5, -186.842, 301.6499, -4954.8374, -130.9747, 299.7667, 0, 0, 0
L -4954.8374, -130.9747, 299.7667, -4963.7808, -89.5292, 299.8931, 0, 0, 0
L -4963.7808, -89.5292, 299.8931, -4970.9413, -9.8963, 299.6374, 0, 0, 0
L -4970.9413, -9.8963, 299.6374, -4976.2632, 79.9689, 300.3052, 0, 0, 0
L -4976.2632, 79.9689, 300.3052, -4978.7265, 128.5826, 299.9182, 0, 0, 0
L -4978.7265, 128.5826, 299.9182, -4981.7861, 193.8503, 300.3487, 0, 0, 0
L -4981.7861, 193.8503, 300.3487, -4989.6625, 238.7287, 299.8075, 0, 0, 0
L -4989.6625, 238.7287, 299.8075, -4986.7109, 341.4445, 299.944, 0, 0, 0
L -4986.7109, 341.4445, 299.944, -4984.8081, 435.2393, 300.4687, 0, 0, 0
L -4984.8081, 435.2393, 300.4687, -4951.2983, 565.2934, 299.9456, 0, 0, 0
L -4951.2983, 565.2934, 299.9456, -4933.4561, 631.1394, 299.7028, 0, 0, 0
L -4933.4561, 631.1394, 299.7028, -4903.1484, 727.5646, 299.7278, 0, 0, 0
L -4903.1484, 727.5646, 299.7278, -4895.6323, 783.3555, 300.1096, 0, 0, 0
L -4895.6323, 783.3555, 300.1096, -4871.4214, 906.8535, 300.701, 0, 0, 0
L -4871.4214, 906.8535, 300.701, -4844.4336, 995.4178, 299.7681, 0, 0, 0
L -4844.4336, 995.4178, 299.7681, -4793.6747, 1048.691, 299.7049, 0, 0, 0
L -4793.6747, 1048.691, 299.7049, -4735.7367, 1080.4861, 300.8419, 0, 0, 0
L -4735.7367, 1080.4861, 300.8419, -4674.2445, 1084.5543, 300.5235, 0, 0, 0
L -4674.2445, 1084.5543, 300.5235, -4647.1841, 1070.8686, 299.8847, 0, 0, 0
L -4647.1841, 1070.8686, 299.8847, -4609.6059, 1045.2128, 299.8072, 0, 0, 0
L -4609.6059, 1045.2128, 299.8072, -4553.3563, 1016.2807, 300.2658, 0, 0, 0
L -4553.3563, 1016.2807, 300.2658, -4509.4076, 965.8197, 299.9993, 0, 0, 0
L -4509.4076, 965.8197, 299.9993, -4494.3975, 929.8274, 299.7083, 0, 0, 0
L -4494.3975, 929.8274, 299.7083, -4474.1054, 902.7259, 299.9587, 0, 0, 0
L -4474.1054, 902.7259, 299.9587, -4457.3701, 825.2386, 299.7234, 0, 0, 0
L -4457.3701, 825.2386, 299.7234, -4469.1576, 759.2897, 300.3197, 0, 0, 0
L -4469.1576, 759.2897, 300.3197, -4483.688, 695.724, 300.9689, 0, 0, 0
L -4483.688, 695.724, 300.9689, -4482.4546, 648.9696, 299.5706, 0, 0, 0
L -4482.4546, 648.9696, 299.5706, -4485.9038, 627.2095, 300.3557, 0, 0, 0
L -4485.9038, 627.2095, 300.3557, -4502.77, 618.3455, 299.3011, 0, 0, 0
L -4502.77, 618.3455, 299.3011, -4512.2445, 605.5582, 300.7481, 0, 0, 0
L -4512.2445, 605.5582, 300.7481, -4557.7489, 528.7282, 301.1073, 0, 0, 0
L -4557.7489, 528.7282, 301.1073, -4572.7372, 505.1442, 299.9513, 0, 0, 0
L -4572.7372, 505.1442, 299.9513, -4604.1475, 475.591, 298.8836, 0, 0, 0
L -4604.1475, 475.591, 298.8836, -4620.9867, 436.4923, 300.1616, 0, 0, 0
L -4620.9867, 436.4923, 300.1616, -4618.3847, 401.9859, 300.7094, 0, 0, 0
L -4618.3847, 401.9859, 300.7094, -4595.7842, 364.271, 299.8378, 0, 0, 0
L -4595.7842, 364.271, 299.8378, -4591.14, 313.7608, 302.6476, 0, 0, 0
L -4591.14, 313.7608, 302.6476, -4568.5708, 279.437, 299.5676, 0, 0, 0
L -4568.5708, 279.437, 299.5676, -4532.1499, 241.4054, 299.5957, 0, 0, 0
L -4532.1499, 241.4054, 299.5957, -4503.6571, 223.4634, 300.4003, 0, 0, 0
L -4503.6571, 223.4634, 300.4003, -4483.4711, 208.6501, 299.5326, 0, 0, 0
L -4483.4711, 208.6501, 299.5326, -4465.9722, 185.2495, 299.2633, 0, 0, 0
L -4465.9722, 185.2495, 299.2633, -4441.766, 179.6083, 299.6313, 0, 0, 0
L -4441.766, 179.6083, 299.6313, -4419.5038, 183.8839, 300.127, 0, 0, 0
L -4419.5038, 183.8839, 300.127, -4391.6108, 168.134, 300.5049, 0, 0, 0
L -4391.6108, 168.134, 300.5049, -4360.6908, 165.3939, 299.9615, 0, 0, 0
L -4360.6908, 165.3939, 299.9615, -4311.5742, 182.9993, 299.9089, 0, 0, 0
L -4311.5742, 182.9993, 299.9089, -4224.6719, 185.6524, 299.9687, 0, 0, 0
L -4224.6719, 185.6524, 299.9687, -4152.2821, 219.4162, 299.7663, 0, 0, 0
L -4152.2821, 219.4162, 299.7663, -4116.2089, 273.8639, 299.6723, 0, 0, 0
L -4116.2089, 273.8639, 299.6723, -4073.851, 363.4517, 300.8278, 0, 0, 0
L -4073.851, 363.4517, 300.8278, -4038.2658, 408.5563, 300.7599, 0, 0, 0
L -4038.2658, 408.5563, 300.7599, -4002.2741, 435.5504, 300.6718, 0, 0, 0
L -4002.2741, 435.5504, 300.6718, -3956.936, 474.2613, 300.9689, 0, 0, 0
L -3956.936, 474.2613, 300.9689, -3915.3796, 521.4972, 300.1666, 0, 0, 0
L -3915.3796, 521.4972, 300.1666, -3870.2725, 561.8509, 298.8211, 0, 0, 0
L -3870.2725, 561.8509, 298.8211, -3806.5796, 589.1475, 299.7253, 0, 0, 0
L -3806.5796, 589.1475, 299.7253, -3758.2917, 622.8831, 300.3636, 0, 0, 0
L -3758.2917, 622.8831, 300.3636, -3699.1379, 663.1308, 299.9277, 0, 0, 0
L -3699.1379, 663.1308, 299.9277, -3604.1282, 721.3586, 300.4619, 0, 0, 0
L -3604.1282, 721.3586, 300.4619, -3580.1846, 765.1602, 300.74, 0, 0, 0
L -3580.1846, 765.1602, 300.74, -3571.5019, 775.1381, 300.3485, 0, 0, 0
L -3571.5019, 775.1381, 300.3485, -3532.7593, 823.8876, 299.9239, 0, 0, 0
L -3532.7593, 823.8876, 299.9239, -3526.1066, 842.4162, 299.7898, 0, 0, 0
L -3526.1066, 842.4162, 299.2411, -3509.715, 848.2526, 299.5298, 0, 0, 0
L -3509.715, 848.2526, 299.5298, -3494.7278, 848.8513, 300.7373, 0, 0, 0
L -3356.3984, 1559.8153, 305.4331, -3351.985, 1562.8558, 305.1745, 127, 64, 0
L -3347.9773, 1571.3972, 305.2096, -3343.8312, 1572.3333, 305.3489, 127, 64, 0
L -3343.8312, 1572.3333, 305.3489, -3338.9306, 1569.9003, 305.4875, 127, 64, 0
L -3338.9306, 1569.9003, 305.6127, -3333.5781, 1572.9746, 305.6705, 127, 64, 0
L -3333.5781, 1572.9746, 305.6779, -3335.3256, 1575.5959, 305.6437, 127, 64, 0
L -3335.3256, 1575.5959, 305.5613, -3343.1001, 1578.9999, 305.3647, 127, 64, 0
L -3351.2507, 1577.2543, 305.1259, -3356.8993, 1570.9862, 304.9526, 127, 64, 0
L -3356.8993, 1570.9862, 304.9282, -3357.7791, 1562.6158, 304.9886, 127, 64, 0
L -3357.7791, 1562.6158, 305.2139, -3356.3984, 1559.8153, 305.423, 127, 64, 0
L -3348.4099, 1571.3686, 305.2081, -3350.7006, 1568.3729, 305.1573, 127, 64, 0
L -3350.7006, 1568.3729, 305.1573, -3351.985, 1562.8558, 305.1841, 127, 64, 0
L -3343.1001, 1578.9999, 305.1899, -3351.2507, 1577.2543, 305.8059, 127, 64, 0
L -3405.1277, 1547.9728, 303.2676, -3409.5803, 1552.3837, 302.6218, 127, 64, 0
L -3409.5803, 1552.3837, 302.6218, -3412.6215, 1554.1656, 302.2749, 127, 64, 0
L -3412.6215, 1554.1656, 302.2749, -3418.7739, 1555.9526, 301.4411, 127, 64, 0
L -3418.7739, 1555.9526, 301.4411, -3424.4479, 1556.2101, 300.7737, 127, 64, 0
L -3424.4479, 1556.2101, 300.7737, -3430.5707, 1555.2887, 299.9918, 127, 64, 0
L -3430.5707, 1555.2887, 299.9918, -3438.7683, 1553.5027, 299.1517, 127, 64, 0
L -3438.7683, 1553.5027, 299.1293, -3438.9702, 1543.9174, 299.3027, 127, 64, 0
L -3438.9702, 1543.9174, 299.7676, -3430.1457, 1541.4456, 300.548, 127, 64, 0
L -3430.1457, 1541.4456, 300.548, -3423.6912, 1540.2626, 301.3976, 127, 64, 0
L -3423.6912, 1540.2626, 301.3976, -3418.1909, 1540.3368, 302.824, 127, 64, 0
L -3418.1909, 1540.3368, 302.824, -3412.3069, 1542.5051, 302.773, 127, 64, 0
L -3412.3069, 1542.5051, 302.773, -3406.7986, 1546.9429, 303.2418, 127, 64, 0
L -3406.7986, 1546.9429, 303.2418, -3405.1277, 1547.9728, 303.3296, 127, 64, 0
L -3411.6023, 1536.278, 302.9307, -3421.5925, 1538.67, 301.7185, 127, 64, 0
L -3421.5925, 1538.67, 301.7185, -3427.708, 1538.2798, 300.9685, 127, 64, 0
L -3427.708, 1538.2798, 300.9685, -3433.574, 1536.3804, 300.3691, 127, 64, 0
L -3433.574, 1536.3804, 300.3691, -3445.5866, 1528.2409, 299.545, 127, 64, 0
L -3445.5866, 1528.2409, 299.9143, -3442.2292, 1519.2128, 300.4298, 127, 64, 0
L -3442.2292, 1519.2128, 301.2259, -3433.2172, 1520.5178, 301.7436, 127, 64, 0
L -3433.2172, 1520.5178, 301.7436, -3427.1033, 1521.871, 302.3869, 127, 64, 0
L -3427.1033, 1521.871, 302.3869, -3422.612, 1523.9039, 302.7669, 127, 64, 0
L -3422.612, 1523.9039, 302.7669, -3416.6806, 1528.4979, 303.985, 127, 64, 0
L -3416.6806, 1528.4979, 303.985, -3413.4209, 1533.8596, 303.9689, 127, 64, 0
L -3413.4209, 1533.8596, 303.9689, -3411.6023, 1536.278, 303.48, 127, 64, 0
L -3325.697, 1634.6783, 313.1936, -3390.7451, 1688.3704, 328.2049, 127, 64, 0
L -3390.7451, 1688.3704, 328.2049, -3423.9596, 1647.556, 327.7325, 127, 64, 0
L -3308.9286, 1655.9077, 313.494, -3392.4621, 1725.9891, 328.5466, 127, 64, 0
L -3392.4621, 1725.9891, 328.5717, -3444.6498, 1664.6855, 328.391, 127, 64, 0
L -3444.6498, 1664.6855, 327.995, -3423.9596, 1647.556, 327.7989, 127, 64, 0
L -3262.2019, 1650.49, 305.4809, -3263.7204, 1644.778, 305.6929, 127, 64, 0
L -3263.7204, 1644.778, 305.6929, -3260.6628, 1642.3929, 305.8256, 127, 64, 0
L -3260.6628, 1642.3929, 305.8256, -3256.7959, 1639.1157, 306.1213, 127, 64, 0
L -3256.7959, 1639.1157, 306.1213, -3254.1343, 1638.7527, 306.4637, 127, 64, 0
L -3254.1343, 1638.7527, 306.4637, -3247.2827, 1638.6295, 307.4703, 127, 64, 0
L -3247.2827, 1638.6295, 307.4703, -3245.9211, 1644.7161, 306.6186, 127, 64, 0
L -3245.9211, 1644.7161, 306.6186, -3246.3975, 1648.5081, 305.8969, 127, 64, 0
L -3246.3975, 1648.5081, 305.8969, -3250.4785, 1657.5688, 305.3555, 127, 64, 0
L -3250.4785, 1657.5688, 305.3555, -3255.3411, 1655.9498, 305.3423, 127, 64, 0
L -3251.902, 1665.5869, 305.1619, -3250.48, 1660.6276, 305.2166, 127, 64, 0
L -3250.48, 1660.6276, 305.2166, -3237.2366, 1661.2888, 305.3122, 127, 64, 0
L -3237.2366, 1661.2888, 305.3122, -3231.155, 1665.6202, 305.1711, 127, 64, 0
L -3231.155, 1665.6202, 305.1711, -3235.293, 1672.7373, 304.8267, 127, 64, 0
L -3235.293, 1672.7373, 304.8267, -3247.7863, 1677.4817, 304.9055, 127, 64, 0
L -3247.7863, 1677.4817, 304.9055, -3250.3393, 1674.5559, 304.6215, 127, 64, 0
L -3081.2231, 1673.5199, 304.6825, -3102.1936, 1676.2098, 304.6333, 64, 64, 64
L -3102.1936, 1676.2098, 304.6333, -3110.318, 1689.1945, 304.6761, 64, 64, 64
L -3110.318, 1689.1945, 304.6761, -3110.5742, 1701.1847, 304.6653, 64, 64, 64
L -3110.5742, 1701.1847, 304.6653, -3106.5873, 1708.1721, 304.6653, 64, 64, 64
L -3106.5873, 1708.1721, 304.6653, -3097.4299, 1716.1431, 304.6664, 64, 64, 64
L -3097.4299, 1716.1431, 304.6664, -3051.206, 1741.2288, 304.6263, 64, 64, 64
L -3051.206, 1741.2288, 304.6263, -3041.2492, 1759.913, 304.5427, 64, 64, 64
L -3041.2492, 1759.913, 304.5427, -3019.4567, 1760.3051, 304.5692, 64, 64, 64
L -3019.4567, 1760.3051, 304.5692, -2999.5151, 1758.4357, 304.4399, 64, 64, 64
L -2999.5151, 1758.4357, 304.4399, -2999.5243, 1759.4665, 304.4069, 64, 64, 64
L -2999.5243, 1759.4665, 304.4069, -2998.4196, 1767.7083, 304.1745, 64, 64, 64
L -2998.2519, 1767.6981, 304.1745, -2989.762, 1769.7038, 303.9399, 64, 64, 64
L -2989.762, 1769.7038, 303.9399, -2982.8796, 1769.3755, 303.7995, 64, 64, 64
L -2982.8796, 1769.3755, 303.7995, -2974.2458, 1763.6302, 303.7764, 64, 64, 64
L -2974.2458, 1763.6302, 303.7764, -2965.9827, 1758.9195, 303.8186, 64, 64, 64
L -2965.9827, 1758.9195, 303.8186, -2960.1257, 1765.1545, 303.2846, 64, 64, 64
L -2960.1257, 1765.1545, 303.2846, -2950.8838, 1761.499, 302.9413, 64, 64, 64
L -2950.8838, 1761.499, 302.9413, -2946.5077, 1750.3396, 303.6279, 64, 64, 64
L -2946.5077, 1750.3396, 303.6279, -2948.6689, 1743.2163, 304.93, 64, 64, 64
L -2948.6689, 1743.2163, 304.93, -2947.8798, 1742.4653, 304.1105, 64, 64, 64
L -2947.8798, 1742.4653, 304.1105, -2945.9158, 1741.6539, 304.1322, 64, 64, 64
L -2945.9158, 1741.6539, 304.1322, -2945.4301, 1731.8841, 304.4431, 64, 64, 64
L -2945.4301, 1731.8841, 304.4431, -2940.574, 1724.8447, 304.5609, 64, 64, 64
L -2940.574, 1724.8447, 304.5609, -2940.7791, 1722.7763, 304.5672, 64, 64, 64
L -2940.7791, 1722.7763, 304.5672, -2944.8, 1713.7378, 304.6213, 64, 64, 64
L -2944.8, 1713.7378, 304.6213, -2951.8715, 1707.7364, 304.6727, 64, 64, 64
L -2951.8715, 1707.7364, 304.6727, -2958.4756, 1711.1572, 304.6849, 64, 64, 64
L -2958.4756, 1711.1572, 304.6849, -2961.833, 1714.7443, 304.6841, 64, 64, 64
L -2961.833, 1714.7443, 304.6841, -2963.3832, 1717.2599, 304.6816, 64, 64, 64
L -2963.3832, 1717.2599, 304.6816, -2964.3193, 1714.6049, 304.6872, 64, 64, 64
L -2964.3193, 1714.6049, 304.6872, -2969.8604, 1714.9322, 304.6874, 64, 64, 64
L -2969.8604, 1714.9322, 304.6874, -2972.9594, 1703.4474, 304.6872, 64, 64, 64
L -2972.9594, 1703.4474, 304.6872, -2979.945, 1702.1512, 304.6865, 64, 64, 64
L -2979.945, 1702.1512, 304.6865, -2986.8429, 1698.8622, 304.6847, 64, 64, 64
L -2986.8429, 1698.8622, 304.6847, -2980.9609, 1691.135, 304.6865, 64, 64, 64
L -2980.9609, 1691.135, 304.6865, -2977.4079, 1684.929, 304.6874, 64, 64, 64
L -2977.4079, 1684.929, 304.6874, -2984.4, 1673.9692, 304.6863, 64, 64, 64
L -3005.9313, 1671.4936, 304.6816, -2984.3737, 1674.468, 304.6863, 64, 64, 64
L -3005.9313, 1671.4936, 304.6813, -3010.8112, 1675.932, 304.6788, 64, 64, 64
L -3010.8112, 1675.932, 304.6788, -3021.7505, 1682.2589, 304.6768, 64, 64, 64
L -3021.7505, 1682.2589, 304.6768, -3025.4533, 1675.651, 304.6782, 64, 64, 64
L -3025.4533, 1675.651, 304.6782, -3023.1448, 1670.14, 304.6739, 64, 64, 64
L -3023.1448, 1670.14, 304.6739, -3010.5448, 1665.1187, 304.6811, 64, 64, 64
L -3010.5448, 1665.1187, 304.6811, -3010.1532, 1658.5603, 304.6836, 64, 64, 64
L -3010.1532, 1658.5603, 304.6836, -3011.8407, 1652.2246, 304.6863, 64, 64, 64
L -3011.8407, 1652.2246, 304.6863, -3016.9616, 1651.375, 304.6872, 64, 64, 64
L -3016.9616, 1651.375, 304.6872, -3021.1372, 1649.929, 304.6888, 64, 64, 64
L -3021.1372, 1649.929, 304.6888, -3036.8139, 1647.1066, 304.6927, 64, 64, 64
L -3046.3809, 1646.979, 304.6927, -3061.5918, 1648.9139, 304.6942, 64, 64, 64
L -3061.5918, 1648.9139, 304.6942, -3065.5922, 1651.1675, 304.6942, 64, 64, 64
L -3065.5922, 1651.1675, 304.6942, -3071.9292, 1651.692, 304.6947, 64, 64, 64
L -3071.9292, 1651.692, 304.6947, -3073.768, 1658.3007, 304.6915, 64, 64, 64
L -3073.768, 1658.3007, 304.6915, -3073.5873, 1665.3487, 304.689, 64, 64, 64
L -3073.5873, 1665.3487, 304.689, -3061.1271, 1670.1947, 304.6852, 64, 64, 64
L -3061.1271, 1670.1947, 304.6852, -3058.5761, 1675.4846, 304.6607, 64, 64, 64
L -3058.5761, 1675.4846, 304.6607, -3063.2424, 1682.1783, 304.6809, 64, 64, 64
L -3063.2424, 1682.1783, 304.6809, -3072.561, 1678.7271, 304.6831, 64, 64, 64
L -3072.561, 1678.7271, 304.6831, -3081.2231, 1673.5199, 304.6827, 64, 64, 64
L -3061.9529, 1616.7971, 305.1548, -3047.8339, 1618.9926, 305.593, 64, 64, 64
L -3036.3694, 1619.1572, 305.593, -3021.1284, 1616.5598, 305.16, 64, 64, 64
L -3021.1284, 1616.5598, 305.16, -3022.1484, 1601.448, 305.6152, 64, 64, 64
L -3022.1484, 1601.448, 305.6152, -3024.6464, 1595.115, 305.8084, 64, 64, 64
L -3024.6464, 1595.115, 305.8084, -3020.1779, 1588.5543, 306.22, 64, 64, 64
L -3020.1779, 1588.5543, 306.22, -3009.6327, 1592.7426, 305.6603, 64, 64, 64
L -3009.6327, 1592.7426, 305.6603, -3001.114, 1597.3759, 305.471, 64, 64, 64
L -3001.114, 1597.3759, 305.471, -2980.693, 1594.4583, 304.9078, 64, 64, 64
L -2980.693, 1594.4583, 304.9078, -2972.9848, 1581.6873, 304.8145, 64, 64, 64
L -2972.9848, 1581.6873, 304.8145, -2972.8427, 1573.7407, 305.4177, 64, 64, 64
L -2972.8427, 1573.7407, 305.4177, -2972.5082, 1574.8186, 305.2975, 64, 64, 64
L -2972.5082, 1574.8186, 305.2975, -2965.579, 1576.5362, 304.8057, 64, 64, 64
L -2965.579, 1576.5362, 304.8057, -2961.8726, 1576.4692, 304.7973, 64, 64, 64
L -2961.8726, 1576.4692, 304.7973, -2954.4463, 1574.3096, 304.7882, 64, 64, 64
L -2954.4463, 1574.3096, 304.7882, -2952.9953, 1565.8958, 304.8204, 64, 64, 64
L -2952.9953, 1565.8958, 304.8204, -2947.1359, 1561.4547, 304.8138, 64, 64, 64
L -2947.1359, 1561.4547, 304.8138, -2937.9794, 1567.3641, 304.7633, 64, 64, 64
L -2937.9794, 1567.3641, 304.7633, -2920.6069, 1565.8928, 304.6995, 64, 64, 64
L -2920.6069, 1565.8928, 304.6995, -2919.6284, 1558.8887, 304.7105, 64, 64, 64
L -2919.6284, 1558.8887, 304.7105, -2924.7456, 1549.3795, 304.7423, 64, 64, 64
L -2924.7456, 1549.3795, 304.7423, -2919.478, 1544.8521, 304.7361, 64, 64, 64
L -2919.478, 1544.8521, 304.7361, -2916.8566, 1539.5361, 304.7361, 64, 64, 64
L -2916.8566, 1539.5361, 304.7361, -2916.4155, 1534.5333, 304.7848, 64, 64, 64
L -2916.4155, 1534.5333, 304.7848, -2919.8892, 1526.5177, 311.9757, 64, 64, 64
L -2919.8892, 1526.5177, 311.9757, -2923.8748, 1522.5913, 310.9612, 64, 64, 64
L -2923.8748, 1522.5913, 310.9612, -2935.5889, 1522.528, 305.879, 64, 64, 64
L -2935.5889, 1522.528, 305.879, -2940.7188, 1524.5253, 306.2237, 64, 64, 64
L -2940.7188, 1524.5253, 306.2237, -2946.4787, 1527.7108, 306.1623, 64, 64, 64
L -2946.4787, 1527.7108, 306.1623, -2950.2604, 1523.363, 306.6988, 64, 64, 64
L -2950.2604, 1523.363, 306.6988, -2951.55, 1520.941, 306.9975, 64, 64, 64
L -2951.55, 1520.941, 306.9975, -2961.6298, 1519.9166, 308.7409, 64, 64, 64
L -2961.6298, 1519.9166, 308.7409, -2961.4506, 1518.2191, 308.713, 64, 64, 64
L -2961.4506, 1518.2191, 308.713, -2965.2417, 1513.1195, 310.3353, 64, 64, 64
L -2965.2417, 1513.1195, 310.3353, -2972.6923, 1513.2789, 311.8876, 64, 64, 64
L -2972.6923, 1513.2789, 311.8876, -2980.4367, 1517.9634, 314.79, 64, 64, 64
L -2980.4367, 1517.9634, 314.79, -2986.7195, 1518.1156, 317.2105, 64, 64, 64
L -2986.7195, 1518.1156, 317.2105, -2990.4758, 1524.6902, 317.4476, 64, 64, 64
L -2990.4758, 1524.6902, 317.4476, -2999.1089, 1528.1132, 318.9538, 64, 64, 64
L -2999.1089, 1528.1132, 318.9538, -3005.3171, 1530.289, 325.1272, 64, 64, 64
L -3005.3171, 1530.289, 325.1272, -3013.7471, 1536.3903, 333.403, 64, 64, 64
L -3013.7471, 1536.3903, 333.403, -3016.8984, 1541.3613, 335.9519, 64, 64, 64
L -3016.8984, 1541.3613, 335.9519, -3026.3, 1539.5126, 342.6854, 64, 64, 64
L -3026.3, 1539.5126, 342.6854, -3028.8656, 1534.6458, 348.8331, 64, 64, 64
L -3028.8656, 1534.6458, 348.8331, -3029.6035, 1531.5942, 351.1419, 64, 64, 64
L -3029.6035, 1531.5942, 351.1419, -3040.3364, 1530.4311, 354.5407, 64, 64, 64
L -3040.3364, 1530.4311, 354.5407, -3048.2831, 1531.2056, 355.744, 64, 64, 64
L -3048.2831, 1531.2056, 355.744, -3060.8141, 1535.1718, 358.8403, 64, 64, 64
L -3060.8141, 1535.1718, 358.8403, -3078.6779, 1544.6121, 360.6657, 64, 64, 64
L -3078.6779, 1544.6121, 360.6657, -3087.4094, 1550.8857, 361.5719, 64, 64, 64
L -3087.4094, 1550.8857, 361.5719, -3098.9704, 1561.894, 358.6902, 64, 64, 64
L -3098.9704, 1561.894, 358.6902, -3101.4436, 1574.178, 341.9239, 64, 64, 64
L -3101.4436, 1574.178, 341.9239, -3096.7411, 1574.6358, 334.8303, 64, 64, 64
L -3096.7411, 1574.6358, 334.8303, -3099.2831, 1578.6647, 331.665, 64, 64, 64
L -3099.2831, 1578.6647, 331.665, -3102.6381, 1586.4462, 325.283, 64, 64, 64
L -3102.6381, 1586.4462, 325.283, -3097.5761, 1596.9175, 313.9264, 64, 64, 64
L -3097.5761, 1596.9175, 313.9264, -3076.9402, 1599.103, 306.5842, 64, 64, 64
L -3076.9402, 1599.103, 306.5842, -3071.57, 1593.8623, 306.3901, 64, 64, 64
L -3071.57, 1593.8623, 306.3901, -3061.4223, 1588.307, 306.49, 64, 64, 64
L -3061.4223, 1588.307, 306.49, -3057.9841, 1594.8586, 306.1496, 64, 64, 64
L -3057.9841, 1594.8586, 306.1496, -3060.2957, 1599.9434, 305.9572, 64, 64, 64
L -3060.2957, 1599.9434, 305.9572, -3059.7559, 1602.4969, 305.8779, 64, 64, 64
L -3059.7559, 1602.4969, 305.8779, -3060.5425, 1611.428, 305.4519, 64, 64, 64
L -3060.5425, 1611.428, 305.4519, -3061.9529, 1616.7971, 305.3038, 64, 64, 64
L -3052.6875, 1601.1393, 384.6159, -3048.7411, 1612.1274, 379.5604, 240, 240, 240
L -3048.7411, 1612.1274, 379.5604, -3046.4115, 1629.7577, 381.3815, 240, 240, 240
L -3046.4115, 1629.7577, 381.3815, -3045.8117, 1637.8503, 377.7234, 240, 240, 240
L -3045.8117, 1637.8503, 377.7234, -3046.8317, 1654.2145, 376.7155, 240, 240, 240
L -3035.5192, 1649.7092, 377.2527, -3037.8683, 1644.9869, 373.4492, 240, 240, 240
L -3037.8683, 1644.9869, 373.4492, -3038.2163, 1640.3913, 377.2918, 240, 240, 240
L -3038.2163, 1640.3913, 377.2918, -3035.9663, 1614.5188, 379.6994, 240, 240, 240
L -3035.9663, 1614.5188, 379.6994, -3034.2961, 1603.5526, 382.3355, 240, 240, 240
L -3034.2961, 1603.5526, 382.3355, -3030.3825, 1599.9999, 386.2454, 240, 240, 240
L -2783.3793, 1091.8794, 304.7019, -2783.3831, 1117.4293, 304.7028, 127, 64, 0
L -2783.3831, 1117.4293, 304.7028, -2739.4828, 1153.8992, 304.6899, 127, 64, 0
L -2739.4828, 1153.8992, 304.6899, -2714.1255, 1150.4501, 304.6893, 127, 64, 0
L -2714.1255, 1150.4501, 304.6893, -2715.2698, 1123.882, 304.6888, 127, 64, 0
L -2715.2698, 1123.882, 304.6888, -2730.6934, 1109.7841, 304.6892, 127, 64, 0
L -2733.7195, 1113.3894, 305.4415, -2730.6934, 1109.7841, 305.4696, 127, 64, 0
L -2745.4929, 1104.1413, 305.4125, -2742.4362, 1101.4447, 305.4601, 127, 64, 0
L -2742.4362, 1101.4447, 304.754, -2758.934, 1087.817, 304.6913, 127, 64, 0
L -2758.934, 1087.817, 304.6913, -2783.3793, 1091.8794, 304.7404, 127, 64, 0
L -2733.7195, 1113.3894, 305.4286, -2719.844, 1125.3457, 305.4651, 127, 64, 0
L -2719.844, 1125.3457, 305.4651, -2720.271, 1144.8184, 305.9864, 127, 64, 0
L -2720.271, 1144.8184, 305.9864, -2739.4511, 1148.5959, 305.4728, 127, 64, 0
L -2739.4511, 1148.5959, 305.4728, -2778.2604, 1116.354, 305.4762, 127, 64, 0
L -2778.2604, 1116.354, 305.4762, -2777.4899, 1096.8049, 305.5076, 127, 64, 0
L -2777.4899, 1096.8049, 305.5076, -2758.7654, 1092.6747, 305.4603, 127, 64, 0
L -2758.7654, 1092.6747, 305.4603, -2745.4929, 1104.1413, 305.4519, 127, 64, 0
L -2756.3881, 984.5638, 304.685, -2758.1743, 1004.7119, 304.6859, 127, 64, 0
L -2758.1743, 1004.7119, 304.6859, -2778.98, 1019.6286, 305.1403, 127, 64, 0
L -2778.98, 1019.6286, 305.1403, -2796.7761, 1000.999, 304.6895, 127, 64, 0
L -2796.7761, 1000.999, 304.6895, -2791.9, 945.3691, 304.7629, 127, 64, 0
L -2791.9, 945.3691, 304.7629, -2771.3245, 930.514, 305.1259, 127, 64, 0
L -2771.3245, 930.514, 305.1259, -2753.355, 948.4107, 304.687, 127, 64, 0
L -2753.355, 948.4107, 304.687, -2755.1752, 969.3836, 304.6861, 127, 64, 0
L -2755.1752, 969.3836, 305.3903, -2759.3146, 969.3337, 305.418, 127, 64, 0
L -2756.3881, 984.5638, 305.3763, -2760.5495, 983.2576, 305.4014, 127, 64, 0
L -2760.5495, 983.2576, 305.3994, -2762.1462, 1001.3073, 305.4309, 127, 64, 0
L -2762.1462, 1001.3073, 305.4309, -2778.376, 1012.153, 305.944, 127, 64, 0
L -2778.376, 1012.153, 305.944, -2792.4765, 998.6634, 305.4307, 127, 64, 0
L -2792.4765, 998.6634, 305.4307, -2787.9854, 948.3709, 305.432, 127, 64, 0
L -2787.9854, 948.3709, 305.432, -2771.8649, 937.6796, 305.3783, 127, 64, 0
L -2771.8649, 937.6796, 305.3783, -2757.7211, 950.7969, 305.4166, 127, 64, 0
L -2757.7211, 950.7969, 305.4166, -2759.3146, 969.3337, 305.4114, 127, 64, 0
L -2843.3818, 1062.5107, 314.6895, -2843.4115, 1041.4501, 314.6895, 127, 64, 0
L -2843.4115, 1041.4501, 314.6895, -2862.5623, 1025.4897, 314.9503, 127, 64, 0
L -2862.5623, 1025.4897, 314.9503, -2882.543, 1041.9538, 314.6895, 127, 64, 0
L -2882.543, 1041.9538, 314.6895, -2881.8004, 1097.7418, 314.6895, 127, 64, 0
L -2881.8004, 1097.7418, 314.6895, -2862.5729, 1114.3112, 315.5996, 127, 64, 0
L -2862.5729, 1114.3112, 315.5996, -2843.2393, 1097.7091, 314.6895, 127, 64, 0
L -2843.2393, 1097.7091, 314.6895, -2842.9025, 1077.1283, 314.6895, 127, 64, 0
L -2842.9025, 1077.1283, 314.8412, -2847.4324, 1077.1195, 315.1326, 127, 64, 0
L -2847.3688, 1062.5081, 315.1263, -2843.3818, 1062.5107, 315.1505, 127, 64, 0
L -2847.3688, 1062.5081, 315.1428, -2847.4043, 1044.3795, 315.1517, 127, 64, 0
L -2847.4043, 1044.3795, 315.1517, -2862.6064, 1032.6865, 315.1979, 127, 64, 0
L -2862.6064, 1032.6865, 315.1979, -2877.8667, 1044.5706, 315.8389, 127, 64, 0
L -2877.8667, 1044.5706, 315.8389, -2877.8296, 1095.978, 315.1653, 127, 64, 0
L -2877.8296, 1095.978, 315.1653, -2862.2073, 1107.1573, 315.5074, 127, 64, 0
L -2862.2073, 1107.1573, 315.5074, -2847.4, 1095.1871, 315.1664, 127, 64, 0
L -2847.4, 1095.1871, 315.1664, -2847.4324, 1077.1195, 315.1365, 127, 64, 0
L -2762.7206, 821.648, 305.6025, -2733.3418, 799.817, 305.6763, 127, 64, 0
L -2733.3418, 799.817, 305.6763, -2723.6804, 788.8196, 305.9846, 127, 64, 0
L -2723.6804, 788.8196, 305.9846, -2717.7629, 780.471, 307.1057, 127, 64, 0
L -2717.7629, 780.471, 307.1057, -2714.2062, 766.1979, 309.2977, 127, 64, 0
L -2714.2062, 766.1979, 309.2977, -2715.561, 753.2521, 309.3469, 127, 64, 0
L -2719.637, 755.6317, 309.3469, -2706.2761, 746.9433, 309.6231, 127, 64, 0
L -2706.2761, 746.9433, 309.6231, -2720.2217, 748.5706, 309.2429, 127, 64, 0
L -2717.7294, 748.2798, 309.2429, -2724.224, 739.9098, 308.2629, 127, 64, 0
L -2724.224, 739.9098, 308.2629, -2736.1338, 729.4144, 306.5052, 127, 64, 0
L -2736.1338, 729.4144, 306.5052, -2750.7487, 726.3295, 305.5092, 127, 64, 0
L -2750.7487, 726.3295, 305.5092, -2764.8998, 724.3713, 304.8516, 127, 64, 0
L -2764.8998, 724.3713, 304.8516, -2796.7233, 726.1145, 308.156, 127, 64, 0
L -2796.7233, 726.1145, 308.156, -2986.7283, 795.2023, 308.1134, 127, 64, 0
L -2801.6091, 834.3839, 304.8876, -2964.8809, 894.2241, 305.4823, 127, 64, 0
L -2801.6091, 834.3839, 307.8629, -2804.7534, 825.9393, 307.9662, 127, 64, 0
L -2762.7206, 821.648, 307.6845, -2765.9879, 811.7599, 307.581, 127, 64, 0
L -2763.3515, 804.8786, 307.4073, -2746.1244, 793.7563, 307.4073, 127, 64, 0
L -2746.1244, 793.7563, 307.4073, -2742.766, 785.2842, 307.4073, 127, 64, 0
L -2742.766, 785.2842, 307.4073, -2743.3569, 770.8129, 307.4073, 127, 64, 0
L -2743.3569, 770.8129, 307.4073, -2745.3899, 765.249, 307.4073, 127, 64, 0
L -2719.637, 755.6317, 307.4073, -2749.4845, 766.8949, 307.4073, 127, 64, 0
L -2749.4845, 766.8949, 307.7694, -2752.7256, 760.3849, 307.4073, 127, 64, 0
L -2752.7256, 760.3849, 307.4073, -2720.2217, 748.5706, 307.5192, 127, 64, 0
L -2747.1979, 758.311, 307.5192, -2750.1332, 751.6983, 307.5235, 127, 64, 0
L -2750.1332, 751.6983, 307.5235, -2759.1208, 740.211, 307.4073, 127, 64, 0
L -2759.1208, 740.211, 307.4073, -2767.8937, 735.5936, 307.6906, 127, 64, 0
L -2767.8937, 735.5936, 307.6906, -2784.8256, 737.5855, 307.8394, 127, 64, 0
L -2789.2175, 725.7033, 307.8394, -2783.1174, 742.2069, 307.4073, 127, 64, 0
L -2789.9904, 744.6666, 307.4073, -2783.1174, 742.2069, 307.4073, 127, 64, 0
L -2789.9904, 744.6666, 307.4073, -2796.5165, 726.394, 307.639, 127, 64, 0
L -2792.967, 738.6557, 307.639, -2828.3886, 752.1218, 307.4073, 127, 64, 0
L -2833.585, 739.3264, 307.4073, -2826.4333, 757.4791, 307.4073, 127, 64, 0
L -2826.4333, 757.4791, 307.4073, -2833.2795, 759.7394, 307.6875, 127, 64, 0
L -2833.2795, 759.7394, 307.4073, -2839.8029, 741.7785, 307.4728, 127, 64, 0
L -2835.197, 754.4601, 307.4728, -2867.8874, 766.7142, 307.4073, 127, 64, 0
L -2872.6313, 753.7155, 307.4073, -2866.342, 771.7921, 307.4073, 127, 64, 0
L -2866.342, 771.7921, 307.4073, -2872.8058, 774.2472, 307.4073, 127, 64, 0
L -2872.8058, 774.2472, 307.4073, -2879.3854, 756.1711, 307.4293, 127, 64, 0
L -2874.7563, 768.8893, 307.4293, -2933.1662, 789.9954, 307.6444, 127, 64, 0
L -2933.1662, 789.9954, 307.6444, -2924.4391, 813.9696, 307.4069, 127, 64, 0
L -2924.4391, 813.9696, 307.4069, -2913.2433, 809.892, 307.4071, 127, 64, 0
L -2903.967, 806.1983, 307.4071, -2905.6055, 807.1123, 307.4071, 127, 64, 0
L -2903.967, 806.1983, 307.4071, -2895.36, 827.3663, 307.4071, 127, 64, 0
L -2897.1853, 828.244, 307.4071, -2895.36, 827.3663, 307.4071, 127, 64, 0
L -2905.2328, 830.9623, 307.4071, -2916.5844, 835.865, 307.4071, 127, 64, 0
L -2916.5844, 835.865, 307.4071, -2916.7354, 835.1413, 307.4069, 0, 0, 0
L -2916.7354, 835.1413, 307.4069, -2908.1359, 858.7459, 307.4071, 127, 64, 0
L -2908.1359, 858.7459, 307.4071, -2851.1293, 838.47, 307.728, 127, 64, 0
L -2846.6116, 850.8777, 307.728, -2853.2827, 832.5557, 307.4073, 127, 64, 0
L -2853.2827, 832.5557, 307.4073, -2846.4472, 830.3007, 307.605, 127, 64, 0
L -2846.4472, 830.3007, 307.4073, -2839.8285, 848.3917, 307.4073, 127, 64, 0
L -2844.5192, 835.5706, 307.4073, -2811.2788, 823.3781, 307.4073, 127, 64, 0
L -2806.8483, 836.3038, 307.4073, -2813.59, 818.1842, 307.4073, 127, 64, 0
L -2813.59, 818.1842, 307.4073, -2806.376, 815.7971, 307.4073, 127, 64, 0
L -2806.376, 815.7971, 307.4073, -2802.7638, 825.3075, 308.6, 127, 64, 0
L -2804.7534, 825.9393, 307.9662, -2802.7638, 825.3075, 307.9682, 127, 64, 0
L -2768.3429, 813.2038, 307.9682, -2771.6729, 803.4936, 307.4071, 127, 64, 0
L -2771.6729, 803.4936, 307.4073, -2764.6262, 801.1688, 307.4073, 127, 64, 0
L -2758.7683, 818.2064, 307.4073, -2764.6262, 801.1688, 307.4073, 127, 64, 0
L -2765.9998, 811.764, 307.581, -2768.3429, 813.2038, 307.971, 127, 64, 0
L -2893.1709, 839.4705, 307.4071, -2897.1658, 828.134, 331.3659, 240, 240, 240
L -2901.1145, 842.3707, 307.4073, -2905.2328, 830.9623, 331.4361, 240, 240, 240
L -2910.7881, 793.9166, 307.4089, -2905.6055, 807.1123, 331.7223, 240, 240, 240
L -2913.2433, 809.892, 330.5341, -2917.9292, 796.7237, 308.9728, 240, 240, 240
L -2630.2908, 726.4645, 304.7035, -2627.3357, 725.1734, 304.706, 127, 64, 0
L -2627.3357, 725.1734, 304.7105, -2622.693, 718.2771, 304.732, 127, 64, 0
L -2622.693, 718.2771, 304.732, -2622.9189, 709.845, 304.7477, 127, 64, 0
L -2622.9189, 709.845, 304.7477, -2628.4731, 702.9769, 304.7497, 127, 64, 0
L -2628.4731, 702.9769, 304.7497, -2636.322, 700.8478, 304.7379, 127, 64, 0
L -2636.322, 700.8478, 304.7379, -2639.2161, 701.652, 304.7312, 127, 64, 0
L -2639.2161, 701.652, 305.2604, -2637.1203, 707.3916, 304.7219, 127, 64, 0
L -2637.1203, 707.3916, 304.7219, -2631.8566, 708.6662, 304.7302, 127, 64, 0
L -2631.8566, 708.6662, 304.7302, -2629.1979, 712.1136, 304.7291, 127, 64, 0
L -2629.1979, 712.1136, 304.7291, -2629.5198, 716.2921, 304.7212, 127, 64, 0
L -2629.5198, 716.2921, 304.7212, -2632.1332, 720.3754, 304.7065, 127, 64, 0
L -2632.1332, 720.3754, 304.7065, -2630.2908, 726.4645, 305.2613, 127, 64, 0
L -2714.8926, 632.7278, 304.685, -2713.114, 629.5348, 304.6852, 127, 64, 0
L -2713.114, 629.5348, 304.6852, -2712.5911, 621.7096, 304.6852, 127, 64, 0
L -2712.5911, 621.7096, 304.6852, -2717.322, 614.5009, 304.6845, 127, 64, 0
L -2717.322, 614.5009, 304.6845, -2724.7487, 611.3831, 304.6784, 127, 64, 0
L -2724.7487, 611.3831, 304.6784, -2733.1707, 613.4863, 304.6548, 127, 64, 0
L -2733.1707, 613.4863, 304.6548, -2734.9551, 615.5, 304.9551, 127, 64, 0
L -2734.9551, 615.5, 304.9551, -2730.2514, 619.567, 304.6822, 127, 64, 0
L -2730.2514, 619.567, 304.6822, -2725.2581, 618.307, 304.6831, 127, 64, 0
L -2725.2581, 618.307, 304.6831, -2721.3056, 619.6547, 304.6838, 127, 64, 0
L -2721.3056, 619.6547, 304.6838, -2719.862, 623.2074, 304.6841, 127, 64, 0
L -2719.862, 623.2074, 304.6841, -2719.6698, 628.5267, 304.6841, 127, 64, 0
L -2719.6698, 628.5267, 304.6841, -2714.8926, 632.7278, 305.2182, 127, 64, 0
L -2792.1044, 595.4379, 303.9087, -2795.9191, 591.4642, 304.1059, 127, 64, 0
L -2795.9191, 591.4642, 304.1059, -2799.902, 590.9062, 304.548, 127, 64, 0
L -2799.902, 590.9062, 304.548, -2803.715, 592.8559, 304.2989, 127, 64, 0
L -2803.715, 592.8559, 304.2989, -2805.7725, 597.7077, 303.9155, 127, 64, 0
L -2805.7725, 597.7077, 303.9155, -2811.717, 598.6965, 304.4868, 127, 64, 0
L -2811.717, 598.6965, 304.4868, -2812.3112, 595.8191, 304.208, 127, 64, 0
L -2812.3112, 595.8191, 304.208, -2808.6633, 588.3663, 304.1872, 127, 64, 0
L -2808.6633, 588.3663, 304.1872, -2801.396, 584.2354, 304.2409, 127, 64, 0
L -2801.396, 584.2354, 304.2409, -2792.7609, 585.4926, 304.1458, 127, 64, 0
L -2792.7609, 585.4926, 304.1458, -2786.7253, 591.4692, 303.9499, 127, 64, 0
L -2786.7253, 591.4692, 303.9499, -2786.277, 594.3659, 303.8956, 127, 64, 0
L -2786.277, 594.3659, 303.9128, -2792.1044, 595.4379, 303.8765, 127, 64, 0
L -2984.8991, 67.4286, 305.7837, -2979.1332, 61.3611, 305.5541, 127, 64, 0
L -2979.1332, 61.3611, 305.5541, -2977.9562, 53.161, 305.5092, 127, 64, 0
L -2977.9562, 53.161, 305.5092, -2981.8245, 45.7398, 305.9861, 127, 64, 0
L -2981.8245, 45.7398, 305.9861, -2989.8261, 41.7916, 306.8365, 127, 64, 0
L -2989.8261, 41.7916, 306.8365, -2992.7451, 42.3791, 307.36, 127, 64, 0
L -2992.7451, 42.3791, 307.697, -2991.4214, 48.3791, 307.81, 127, 64, 0
L -2991.4214, 48.3791, 306.8518, -2986.5158, 50.448, 306.4118, 127, 64, 0
L -2986.5158, 50.448, 306.4118, -2984.5304, 54.2702, 306.1363, 127, 64, 0
L -2984.5304, 54.2702, 306.1363, -2985.1127, 58.4093, 306.1324, 127, 64, 0
L -2985.1127, 58.4093, 306.1324, -2988.8407, 61.8616, 306.4495, 127, 64, 0
L -2988.8407, 61.8616, 306.4495, -2988.5129, 68.2031, 306.3444, 127, 64, 0
L -2984.8991, 67.4286, 306.1, -2988.5129, 68.2031, 306.2015, 127, 64, 0
L -2958.8096, -20.356, 306.1177, -2858.1889, -104.7763, 325.6906, 127, 64, 0
L -2858.1889, -104.7763, 325.7205, -2875.3074, -125.6329, 325.9474, 127, 64, 0
L -2977.8049, -40.3937, 304.7484, -2875.3074, -125.6329, 325.9959, 127, 64, 0
L -3037.1394, -114.477, 307.151, -3034.8488, -116.3952, 306.9272, 127, 64, 0
L -3034.8488, -116.3952, 306.9272, -3032.8964, -124.2938, 306.2959, 127, 64, 0
L -3032.8964, -124.2938, 306.2959, -3035.9978, -132.1511, 306.975, 127, 64, 0
L -3035.9978, -132.1511, 306.975, -3042.8654, -136.4993, 306.5957, 127, 64, 0
L -3042.8654, -136.4993, 306.5957, -3051.4225, -136.1186, 307.4698, 127, 64, 0
L -3051.4225, -136.1186, 307.4698, -3054.1365, -134.3091, 307.6707, 127, 64, 0
L -3054.1365, -134.3091, 307.7529, -3050.1538, -129.5586, 307.6757, 127, 64, 0
L -3050.1538, -129.5586, 307.5307, -3044.4828, -130.1228, 307.5538, 127, 64, 0
L -3044.4828, -130.1228, 307.5538, -3041.1345, -127.8983, 306.7986, 127, 64, 0
L -3041.1345, -127.8983, 306.7986, -3039.5569, -123.9132, 306.882, 127, 64, 0
L -3039.5569, -123.9132, 306.882, -3041.15, -118.8319, 307.1847, 127, 64, 0
L -3041.15, -118.8319, 307.3136, -3037.1394, -114.477, 307.2712, 127, 64, 0
L -3102.6581, -227.27, 303.8129, -3094.6304, -220.9601, 303.5661, 127, 64, 0
L -3094.6304, -220.9601, 303.5661, -3087.949, -218.7204, 303.3399, 127, 64, 0
L -3087.949, -218.7204, 303.3399, -3081.7073, -218.6982, 302.8874, 127, 64, 0
L -3081.7073, -218.6982, 302.8874, -3067.6968, -221.6622, 301.2658, 127, 64, 0
L -3067.6968, -221.6622, 300.7157, -3067.7638, -231.4935, 299.8038, 127, 64, 0
L -3067.7638, -231.4935, 299.7271, -3082.7995, -234.6673, 300.3283, 127, 64, 0
L -3082.7995, -234.6673, 300.3283, -3088.9108, -234.58, 301.1245, 127, 64, 0
L -3088.9108, -234.58, 301.1245, -3094.8076, -232.7906, 302.1062, 127, 64, 0
L -3094.8076, -232.7906, 302.1062, -3102.6581, -227.27, 303.7699, 127, 64, 0
L -3117.8373, -234.4916, 305.502, -3117.7856, -239.2159, 304.1442, 127, 64, 0
L -3117.7856, -239.2159, 304.1442, -3116.2719, -244.7444, 303.468, 127, 64, 0
L -3116.2719, -244.7444, 303.468, -3113.3613, -249.9823, 301.6818, 127, 64, 0
L -3113.3613, -249.9823, 301.6818, -3108.5596, -254.4644, 300.177, 127, 64, 0
L -3108.5596, -254.4644, 300.177, -3095.2575, -261.5749, 298.2266, 127, 64, 0
L -3089.6567, -255.2622, 297.3937, -3095.2575, -261.5749, 297.7662, 127, 64, 0
L -3089.6567, -255.2622, 298.264, -3102.1023, -238.7436, 302.2973, 127, 64, 0
L -3102.1023, -238.7436, 302.2973, -3107.543, -235.8437, 303.3598, 127, 64, 0
L -3107.543, -235.8437, 303.3598, -3113.5493, -234.4161, 304.3104, 127, 64, 0
L -3113.5493, -234.4161, 304.3104, -3117.3544, -234.3136, 304.9925, 127, 64, 0
L -3094.8445, -247.687, 299.8172, -3082.7532, -239.31, 299.7411, 0, 0, 0
L -3082.7532, -239.31, 299.7411, -3074.9023, -233.1665, 299.7615, 0, 0, 0
L -3067.7404, -227.717, 300.788, -3057.2593, -221.2775, 299.949, 0, 0, 0
L -3265.4529, -135.5942, 420.1487, -3260.6952, -131.2487, 419.5332, 127, 64, 0
L -3260.6952, -131.2487, 419.5332, -3269.1943, -125.9667, 421.1958, 127, 64, 0
L -3269.1943, -125.9667, 421.1958, -3278.6125, -124.239, 422.2932, 127, 64, 0
L -3278.6125, -124.239, 422.2932, -3279.7734, -127.9779, 422.221, 127, 64, 0
L -3279.8076, -133.7495, 421.9977, -3277.9155, -137.5517, 421.6202, 127, 64, 0
L -3277.9155, -137.5517, 421.6202, -3273.731, -137.3831, 421.2149, 127, 64, 0
L -3273.731, -137.3831, 421.2149, -3265.4529, -135.5942, 420.1754, 127, 64, 0
L -3281.6685, -146.3257, 421.9755, -3278.6541, -147.8814, 421.5369, 127, 64, 0
L -3278.6541, -147.8814, 421.5369, -3281.7107, -160.8144, 421.9393, 127, 64, 0
L -3281.7107, -160.8144, 421.9393, -3287.5688, -165.4499, 422.7701, 127, 64, 0
L -3287.5688, -165.4499, 422.7701, -3293.3948, -161.11, 423.163, 127, 64, 0
L -3293.3948, -161.11, 423.163, -3295.73, -148.1862, 423.1293, 127, 64, 0
L -3295.73, -148.1862, 423.1293, -3291.293, -145.9593, 422.9854, 127, 64, 0
L -3249.84, -384.7359, 304.2823, -3248.3137, -381.694, 304.4291, 127, 64, 0
L -3248.3137, -381.694, 304.4291, -3251.3317, -377.5461, 305.2053, 127, 64, 0
L -3251.3317, -377.5461, 305.2053, -3255.3328, -375.2726, 305.8935, 127, 64, 0
L -3255.3328, -375.2726, 305.8935, -3260.4639, -373.5445, 307.7062, 127, 64, 0
L -3260.4639, -373.5445, 307.7062, -3262.9695, -378.7149, 306.9759, 127, 64, 0
L -3262.9695, -378.7149, 306.9759, -3263.2172, -381.927, 306.1788, 127, 64, 0
L -3263.2172, -381.927, 306.1788, -3261.1089, -389.55, 305.1503, 127, 64, 0
L -3261.1089, -389.55, 305.1503, -3258.2791, -389.6659, 304.8254, 127, 64, 0
L -3448.1354, 22.4542, 489.6893, -3478.6264, 55.6011, 489.6893, 64, 64, 64
L -3478.6264, 55.6011, 489.6893, -3446.684, 87.7159, 489.6861, 64, 64, 64
L -3446.684, 87.7159, 489.6881, -3413.5581, 56.8804, 489.6884, 64, 64, 64
L -3413.5581, 56.8804, 489.6893, -3448.1354, 22.4542, 489.6893, 64, 64, 64
L -3380.3429, 94.6333, 489.6884, -3414.3683, 128.6499, 489.6884, 64, 64, 64
L -3414.3683, 128.6499, 489.6888, -3379.686, 163.3351, 490.4379, 64, 64, 64
L -3379.686, 163.3351, 494.4886, -3345.9931, 129.1656, 489.6893, 64, 64, 64
L -3345.9931, 129.1656, 489.6893, -3380.3429, 94.6333, 489.6892, 64, 64, 64
L -4639.7318, 0.4232, 471.5153, -4646.688, -4.9184, 470.8962, 64, 64, 64
L -4646.688, -4.9184, 470.6005, -4649.8549, -0.4064, 470.6286, 64, 64, 64
L -4649.8549, -0.4064, 470.7751, -4647.4755, 1.5907, 471.4889, 64, 64, 64
L -4647.4755, 1.5907, 471.4889, -4648.895, 3.544, 470.9904, 64, 64, 64
L -4648.895, 3.544, 471.1768, -4645.502, 6.7702, 471.3129, 64, 64, 64
L -4645.502, 6.7702, 471.6345, -4639.7318, 0.4232, 471.8183, 64, 64, 64
L -4658.1747, 22.3887, 470.4639, -4652.8262, 16.536, 470.4639, 64, 64, 64
L -4652.8262, 16.536, 470.4639, -4656.7265, 12.7819, 470.4639, 64, 64, 64
L -4656.7265, 12.7819, 470.4639, -4658.3905, 14.7605, 470.4637, 64, 64, 64
L -4658.3905, 14.7605, 470.4637, -4660.8433, 12.6898, 470.4639, 64, 64, 64
L -4660.8433, 12.6898, 470.4639, -4664.5171, 17.666, 470.4639, 64, 64, 64
L -4664.5171, 17.666, 470.4639, -4658.1747, 22.3887, 470.4639, 64, 64, 64
L -4680.1504, 3.9567, 470.4639, -4673.792, 9.2812, 470.4639, 64, 64, 64
L -4673.792, 9.2812, 470.4639, -4670.1201, 4.9078, 470.4639, 64, 64, 64
L -4670.1201, 4.9078, 470.4639, -4672.5888, 2.8466, 470.4639, 64, 64, 64
L -4672.5888, 2.8466, 470.4639, -4670.9268, 0.8778, 470.4639, 64, 64, 64
L -4670.9268, 0.8778, 470.4639, -4674.8135, -2.3986, 470.4639, 64, 64, 64
L -4674.8135, -2.3986, 470.4639, -4680.1504, 3.9567, 470.4639, 64, 64, 64
L -4661.7094, -18.1937, 470.4639, -4667.3081, -11.6736, 470.4639, 64, 64, 64
L -4663.1333, -8.4036, 470.4639, -4667.3081, -11.6736, 470.4639, 64, 64, 64
L -4663.1333, -8.4036, 470.4639, -4661.6206, -10.2225, 470.4639, 64, 64, 64
L -4659.1318, -8.1904, 470.4639, -4655.3461, -12.7004, 470.4639, 64, 64, 64
L -4655.3461, -12.7004, 470.4639, -4661.7094, -18.1937, 470.4639, 64, 64, 64
L -4661.585, -10.2491, 470.4639, -4659.1318, -8.1904, 470.4639, 64, 64, 64
L -4782.4004, 424.8029, 371.1462, -4790.685, 424.1197, 371.1462, 64, 64, 64
L -4790.685, 424.1197, 371.1462, -4790.6918, 430.31, 371.1462, 64, 64, 64
L -4790.6918, 430.31, 371.1462, -4787.4771, 429.999, 371.1462, 64, 64, 64
L -4787.4771, 429.999, 371.1462, -4787.4354, 432.406, 371.1462, 64, 64, 64
L -4787.4354, 432.406, 371.1462, -4782.3975, 432.4146, 371.1462, 64, 64, 64
L -4782.3975, 432.4146, 371.1462, -4782.4004, 424.8029, 371.1462, 64, 64, 64
L -4811.8739, 452.8192, 380.1154, -4802.7978, 452.8127, 380.1148, 64, 64, 64
L -4802.8013, 447.91, 378.1707, -4802.7978, 452.8127, 378.9612, 64, 64, 64
L -4802.8013, 447.91, 377.2574, -4806.1171, 447.1037, 377.2592, 64, 64, 64
L -4806.1171, 447.1037, 377.2592, -4806.7299, 444.523, 376.6596, 64, 64, 64
L -4806.7299, 444.523, 375.9692, -4811.8828, 444.5178, 375.968, 64, 64, 64
L -4811.8828, 444.5178, 376.6234, -4811.8739, 452.8192, 378.7395, 64, 64, 64
L -4811.8969, 424.446, 371.1462, -4811.8589, 432.4064, 371.1462, 64, 64, 64
L -4811.8589, 432.4064, 371.1462, -4805.9926, 432.4118, 371.1462, 64, 64, 64
L -4805.9926, 432.4118, 371.1462, -4806.1059, 429.999, 371.1462, 64, 64, 64
L -4806.1059, 429.999, 371.1462, -4802.8013, 430.2699, 371.1462, 64, 64, 64
L -4802.8013, 430.2699, 371.1462, -4802.7987, 424.1603, 371.1462, 64, 64, 64
L -4802.7987, 424.1603, 371.1462, -4811.8969, 424.446, 371.1462, 64, 64, 64
L -4787.4765, 444.4666, 376.8149, -4787.4755, 447.1016, 377.2595, 64, 64, 64
L -4787.4755, 447.1016, 377.2595, -4790.6885, 447.1003, 377.2583, 64, 64, 64
L -4790.6885, 447.1003, 377.9488, -4790.6918, 452.8122, 378.7979, 64, 64, 64
L -4790.6918, 452.8122, 380.1136, -4782.3999, 452.8084, 380.1136, 64, 64, 64
L -4782.3999, 452.8084, 378.7257, -4782.3975, 444.559, 377.2139, 64, 64, 64
L -4787.4765, 444.4666, 375.9565, -4782.3975, 444.559, 375.9673, 64, 64, 64
L -4667.9809, 772.2903, 369.6893, -4674.5663, 772.3609, 369.6893, 64, 64, 64
L -4674.5663, 772.3609, 369.6893, -4674.5693, 777.134, 369.6893, 64, 64, 64
L -4674.5693, 777.134, 369.6893, -4672.1841, 777.1331, 369.6893, 64, 64, 64
L -4672.1841, 777.1331, 369.6893, -4672.1356, 778.9387, 369.6893, 64, 64, 64
L -4672.1356, 778.9387, 369.6893, -4667.9755, 778.947, 369.6893, 64, 64, 64
L -4667.9755, 778.947, 369.6893, -4667.9809, 772.2903, 369.6893, 64, 64, 64
L -4683.3032, 777.1316, 369.6893, -4683.2637, 772.3731, 369.6893, 64, 64, 64
L -4683.2637, 772.3731, 369.6893, -4689.8686, 772.2776, 369.6893, 64, 64, 64
L -4689.8686, 772.2776, 369.6893, -4689.8734, 778.9393, 369.6893, 64, 64, 64
L -4685.6684, 778.9429, 369.6893, -4689.8734, 778.9393, 369.6893, 64, 64, 64
L -4685.6913, 777.1335, 369.6893, -4683.3032, 777.1316, 369.6893, 64, 64, 64
L -4685.6908, 777.1334, 369.6893, -4685.6684, 778.9429, 369.6893, 64, 64, 64
L -4667.975, 787.6593, 369.6893, -4672.1558, 787.6498, 369.6893, 64, 64, 64
L -4672.1558, 787.6498, 369.6893, -4672.1581, 789.5927, 369.6893, 64, 64, 64
L -4672.1581, 789.5927, 369.6893, -4674.5684, 789.591, 369.6893, 64, 64, 64
L -4674.5684, 789.591, 369.6893, -4674.5698, 794.243, 369.6893, 64, 64, 64
L -4674.5698, 794.243, 369.6893, -4667.9823, 794.2476, 369.6893, 64, 64, 64
L -4667.9823, 794.2476, 369.6893, -4667.975, 787.6593, 369.6893, 64, 64, 64
L -4683.2959, 794.2512, 369.6893, -4683.2695, 789.591, 369.6893, 64, 64, 64
L -4683.2695, 789.591, 369.6893, -4685.6908, 789.5927, 369.6893, 64, 64, 64
L -4685.6908, 789.5927, 369.6893, -4685.689, 787.6479, 369.6893, 64, 64, 64
L -4689.8706, 787.6625, 369.6893, -4685.689, 787.6479, 369.6893, 64, 64, 64
L -4689.8706, 787.6625, 369.6893, -4689.8701, 794.2382, 369.6893, 64, 64, 64
L -4689.8701, 794.2382, 369.6893, -4683.2959, 794.2512, 369.6893, 64, 64, 64
L -4704.4516, 803.3917, 369.7203, -4704.4516, 795.8535, 369.7203, 64, 64, 64
L -4704.4516, 795.8535, 369.8512, -4711.9849, 795.8581, 370.1424, 64, 64, 64
L -4711.9849, 795.8581, 370.2305, -4711.9839, 803.4035, 370.2302, 64, 64, 64
L -4711.9839, 803.4035, 370.1843, -4704.4516, 803.3917, 369.8476, 64, 64, 64
L -4710.6859, 795.8582, 370.1433, -4710.6859, 778.8849, 370.1424, 64, 64, 64
L -4711.9828, 778.8636, 370.1616, -4704.4525, 778.9872, 369.8512, 64, 64, 64
L -4706.3872, 778.9555, 369.8512, -4706.3856, 795.8581, 369.8512, 64, 64, 64
L -4704.4525, 778.9872, 369.7201, -4704.4497, 771.3454, 369.7201, 64, 64, 64
L -4704.4497, 771.3454, 369.7524, -4711.9912, 771.3387, 370.584, 64, 64, 64
L -4711.9828, 778.8636, 370.2302, -4711.9912, 771.3387, 370.1308, 64, 64, 64
L -2942.3036, 779.49, 314.8478, -2947.5891, 767.7593, 325.8045, 64, 64, 64
L -2947.5891, 767.7593, 325.8045, -2947.6745, 763.9501, 327.6788, 64, 64, 64
L -2947.6745, 763.9501, 327.6788, -2952.387, 751.4088, 334.7846, 64, 64, 64
L -2952.387, 751.4088, 334.7846, -2955.5779, 747.5027, 338.151, 64, 64, 64
L -2955.5779, 747.5027, 338.151, -2961.333, 743.5108, 349.8849, 64, 64, 64
L -2927.6909, 880.3659, 305.1757, -2927.9009, 908.7826, 305.6637, 64, 64, 64
L -2927.9009, 908.7826, 305.6637, -2938.456, 935.7056, 307.5593, 64, 64, 64
L -2938.456, 935.7056, 307.5593, -2951.8865, 940.676, 309.3025, 64, 64, 64
L -2951.8865, 940.676, 309.3025, -2967.3317, 945.652, 315.5235, 64, 64, 64
L -2979.3742, 872.6644, 387.9929, -2981.5969, 884.8635, 393.3065, 64, 64, 64
L -2981.5969, 884.8635, 393.3065, -2979.2188, 894.6698, 390.9737, 64, 64, 64
L -2979.2188, 894.6698, 390.9737, -2974.7166, 898.6721, 385.6331, 64, 64, 64
L -2974.7166, 898.6721, 385.6331, -2967.9164, 894.6616, 379.3029, 64, 64, 64
L -2967.9164, 894.6616, 379.3029, -2965.9753, 891.5873, 379.8709, 64, 64, 64
L -2965.9753, 891.5873, 379.8709, -2968.7898, 884.8055, 386.1039, 64, 64, 64
L -2968.7898, 884.8055, 386.1039, -2971.6594, 873.5547, 387.3167, 64, 64, 64
L -2971.6594, 873.5547, 387.3167, -2977.1394, 871.2816, 387.6324, 64, 64, 64
L -2977.1394, 871.2816, 387.6324, -2979.3742, 872.6644, 388.8158, 64, 64, 64
L -4270.9443, 2329.5039, 299.8835, -4259.8413, 2339.8688, 299.9972, 0, 0, 0
L -4259.8413, 2339.8688, 299.9972, -4240.2821, 2351.7546, 299.7291, 0, 0, 0
L -4240.2821, 2351.7546, 299.7291, -4186.8896, 2362.6073, 299.1691, 0, 0, 0
L -4186.8896, 2362.6073, 299.1691, -4176.5609, 2362.8742, 300.3233, 0, 0, 0
L -4176.5609, 2362.8742, 300.3233, -4157.752, 2369.8777, 299.8256, 0, 0, 0
L -4157.752, 2369.8777, 299.8256, -4127.6592, 2377.8227, 299.9494, 0, 0, 0
L -4127.6592, 2377.8227, 299.9494, -4101.6913, 2380.8847, 299.7266, 0, 0, 0
L -4101.6913, 2380.8847, 299.7266, -4080.1498, 2375.9926, 300.2547, 0, 0, 0
L -4080.1498, 2375.9926, 300.2547, -4063.6624, 2369.5745, 299.4938, 0, 0, 0
L -4063.6624, 2369.5745, 299.4938, -4055.9805, 2362.8002, 299.6779, 0, 0, 0
L -4055.9805, 2362.8002, 299.6779, -4039.4558, 2344.5088, 299.7316, 0, 0, 0
L -4039.4558, 2344.5088, 299.7316, -4033.8998, 2329.2026, 299.7072, 0, 0, 0
L -4033.8998, 2329.2026, 299.7072, -4040.2631, 2279.46, 299.4889, 0, 0, 0
L -4040.2631, 2279.46, 299.4889, -4038.7741, 2256.3476, 299.9977, 0, 0, 0
L -4038.7741, 2256.3476, 299.9977, -4054.4904, 2183.693, 300.661, 0, 0, 0
L -4054.4904, 2183.693, 300.661, -4070.3831, 2151.1779, 300.2857, 0, 0, 0
L -4070.3831, 2151.1779, 300.2857, -4095.1894, 2128.1669, 299.6888, 0, 0, 0
L -4095.1894, 2128.1669, 299.6888, -4126.869, 2107.3469, 300.5287, 0, 0, 0
L -4126.869, 2107.3469, 300.5287, -4151.5986, 2094.735, 299.7724, 0, 0, 0
L -4151.5986, 2094.735, 299.7724, -4176.8418, 2100.6062, 300.593, 0, 0, 0
L -4176.8418, 2100.6062, 300.593, -4194.3603, 2093.5605, 300.2176, 0, 0, 0
L -4194.3603, 2093.5605, 300.2176, -4200.2489, 2104.8346, 300.2669, 0, 0, 0
L -4200.2489, 2104.8346, 300.2669, -4201.9018, 2112.1648, 300.444, 0, 0, 0
L -4201.9018, 2112.1648, 300.444, -4213.2002, 2122.539, 299.103, 0, 0, 0
L -4213.2002, 2122.539, 299.103, -4236.1869, 2150.5027, 299.9984, 0, 0, 0
L -4236.1869, 2150.5027, 299.9984, -4247.7617, 2165.4148, 300.7379, 0, 0, 0
L -4247.7617, 2165.4148, 300.7379, -4262.3964, 2150.8593, 300.2307, 0, 0, 0
L -4262.3964, 2150.8593, 300.2307, -4267.704, 2136.8562, 299.2357, 0, 0, 0
L -4267.704, 2136.8562, 299.2357, -4272.4717, 2130.3438, 300.454, 0, 0, 0
L -4272.4717, 2130.3438, 300.454, -4280.792, 2121.7312, 300.6705, 0, 0, 0
L -4280.792, 2121.7312, 300.6705, -4282.5537, 2112.3721, 301.3389, 0, 0, 0
L -4282.5537, 2112.3721, 301.3389, -4298.6616, 2089.7134, 298.7982, 0, 0, 0
L -4298.6616, 2089.7134, 298.7982, -4320.3359, 2075.4367, 298.6981, 0, 0, 0
L -4320.3359, 2075.4367, 298.6981, -4328.5956, 2074.1979, 300.7232, 0, 0, 0
L -4328.5956, 2074.1979, 300.7232, -4343.8041, 2059.7399, 299.365, 0, 0, 0
L -4343.8041, 2059.7399, 299.365, -4357.6977, 2053.768, 299.8043, 0, 0, 0
L -4357.6977, 2053.768, 299.8043, -4368.5864, 2043.4057, 300.3584, 0, 0, 0
L -4368.5864, 2043.4057, 300.3584, -4386.5176, 2035.4927, 299.9488, 0, 0, 0
L -4386.5176, 2035.4927, 299.9488, -4391.641, 2034.6957, 300.4932, 0, 0, 0
L -4391.641, 2034.6957, 300.4932, -4396.7222, 2035.8232, 300.894, 0, 0, 0
L -4396.7222, 2035.8232, 300.894, -4415.21, 2036.1096, 300.1005, 0, 0, 0
L -4415.21, 2036.1096, 300.1005, -4422.2436, 2039.4235, 299.9691, 0, 0, 0
L -4422.2436, 2039.4235, 299.9691, -4432.2725, 2047.1829, 300.8596, 0, 0, 0
L -4432.2725, 2047.1829, 300.8596, -4439.5469, 2046.4556, 299.6354, 0, 0, 0
L -4439.5469, 2046.4556, 299.6354, -4447.8145, 2047.3994, 300.2182, 0, 0, 0
L -4447.8145, 2047.3994, 300.2182, -4462.6522, 2051.4207, 301.5647, 0, 0, 0
L -4462.6522, 2051.4207, 301.5647, -4481.9984, 2045.7735, 302.4356, 0, 0, 0
L -4481.9984, 2045.7735, 302.4356, -4487.8428, 2047.88, 300.6791, 0, 0, 0
L -4487.8428, 2047.88, 300.6791, -4525.4966, 2050.456, 300.8788, 0, 0, 0
L -4525.4966, 2050.456, 300.8788, -4535.2206, 2052.5479, 301.427, 0, 0, 0
L -4535.2206, 2052.5479, 301.427, -4560.9198, 2064.4906, 300.5203, 0, 0, 0
L -4560.9198, 2064.4906, 300.5203, -4574.8481, 2096.9511, 300.5167, 0, 0, 0
L -4574.8481, 2096.9511, 300.5167, -4586.4179, 2134.55, 300.1689, 0, 0, 0
L -4586.4179, 2134.55, 300.1689, -4583.4882, 2160.5796, 299.8754, 0, 0, 0
L -4583.4882, 2160.5796, 299.8754, -4576.8227, 2182.1069, 300.8489, 0, 0, 0
L -4576.8227, 2182.1069, 300.8489, -4558.5171, 2206.2746, 299.889, 0, 0, 0
L -4558.5171, 2206.2746, 299.889, -4551.7358, 2247.2139, 299.6607, 0, 0, 0
L -4551.7358, 2247.2139, 299.6607, -4534.6024, 2277.7292, 300.6177, 0, 0, 0
L -4534.6024, 2277.7292, 300.6177, -4508.1099, 2299.7278, 301.4753, 0, 0, 0
L -4508.1099, 2299.7278, 301.4753, -4492.3334, 2304.1669, 299.9648, 0, 0, 0
L -4492.3334, 2304.1669, 299.9648, -4488.2808, 2306.3728, 299.846, 0, 0, 0
L -4488.2808, 2306.3728, 299.846, -4477.9813, 2318.1491, 301.9273, 0, 0, 0
L -4477.9813, 2318.1491, 301.9273, -4464.4193, 2324.5918, 301.9866, 0, 0, 0
L -4464.4193, 2324.5918, 301.9866, -4447.7788, 2336.3416, 300.357, 0, 0, 0
L -4447.7788, 2336.3416, 300.357, -4440.7002, 2337.2898, 301.99, 0, 0, 0
L -4440.7002, 2337.2898, 301.99, -4419.7222, 2347.3042, 299.319, 0, 0, 0
L -4419.7222, 2347.3042, 299.319, -4411.1831, 2346.3676, 300.2339, 0, 0, 0
L -4411.1831, 2346.3676, 300.2339, -4392.2725, 2347.1149, 299.7364, 0, 0, 0
L -4392.2725, 2347.1149, 299.7364, -4375.501, 2345.32, 300.415, 0, 0, 0
L -4375.501, 2345.32, 300.415, -4351.5478, 2334.6167, 300.4769, 0, 0, 0
L -4351.5478, 2334.6167, 300.4769, -4340.2061, 2332.9025, 299.4846, 0, 0, 0
L -4340.2061, 2332.9025, 299.4846, -4330.1298, 2326.3942, 300.6985, 0, 0, 0
L -4330.1298, 2326.3942, 300.6985, -4317.3969, 2322.6896, 299.8102, 0, 0, 0
L -4317.3969, 2322.6896, 299.8102, -4304.7119, 2320.1653, 299.3016, 0, 0, 0
L -4304.7119, 2320.1653, 299.3016, -4296.6709, 2314.7577, 299.9515, 0, 0, 0
L -4296.6709, 2314.7577, 299.9515, -4270.9443, 2329.5039, 299.4916, 0, 0, 0
L -4443.9053, 1756.3949, 300.2438, -4464.4477, 1731.1594, 299.5749, 0, 0, 0
L -4464.4477, 1731.1594, 299.5749, -4481.39, 1704.3958, 299.6793, 0, 0, 0
L -4481.39, 1704.3958, 299.6793, -4481.3252, 1697.9746, 299.5701, 0, 0, 0
L -4481.3252, 1697.9746, 299.5701, -4487.7046, 1680.5634, 299.855, 0, 0, 0
L -4487.7046, 1680.5634, 299.855, -4488.7206, 1656.3649, 300.7869, 0, 0, 0
L -4488.7206, 1656.3649, 300.7869, -4472.2681, 1632.7392, 299.908, 0, 0, 0
L -4472.2681, 1632.7392, 299.908, -4481.7133, 1608.5222, 299.7961, 0, 0, 0
L -4481.7133, 1608.5222, 299.7961, -4489.3975, 1607.1672, 300.2567, 0, 0, 0
L -4489.3975, 1607.1672, 300.2567, -4511.9282, 1607.892, 300.7289, 0, 0, 0
L -4511.9282, 1607.892, 300.7289, -4515.3856, 1627.7352, 300.6829, 0, 0, 0
L -4515.3856, 1627.7352, 300.6829, -4535.244, 1640.7994, 299.7635, 0, 0, 0
L -4535.244, 1640.7994, 299.7635, -4542.4306, 1650.2218, 299.9123, 0, 0, 0
L -4542.4306, 1650.2218, 299.9123, -4558.9556, 1656.9688, 299.7522, 0, 0, 0
L -4558.9556, 1656.9688, 299.7522, -4563.7798, 1656.2699, 299.2647, 0, 0, 0
L -4563.7798, 1656.2699, 299.2647, -4578.4165, 1650.144, 299.3527, 0, 0, 0
L -4578.4165, 1650.144, 299.3527, -4585.8188, 1649.7735, 301.7604, 0, 0, 0
L -4585.8188, 1649.7735, 301.7604, -4607.1742, 1635.707, 300.471, 0, 0, 0
L -4607.1742, 1635.707, 300.471, -4632.5561, 1632.123, 300.5443, 0, 0, 0
L -4632.5561, 1632.123, 300.5443, -4664.1239, 1633.191, 300.2819, 0, 0, 0
L -4664.1239, 1633.191, 300.2819, -4666.9438, 1633.259, 300.4757, 0, 0, 0
L -4666.9438, 1633.259, 300.4757, -4710.3809, 1629.682, 300.6745, 0, 0, 0
L -4710.3809, 1629.682, 300.6745, -4745.4193, 1627.5806, 300.2676, 0, 0, 0
L -4745.4193, 1627.5806, 300.2676, -4757.1377, 1607.9553, 299.8663, 0, 0, 0
L -4757.1377, 1607.9553, 299.8663, -4751.8896, 1601.7181, 299.8014, 0, 0, 0
L -4751.8896, 1601.7181, 299.8014, -4744.853, 1592.9538, 300.9445, 0, 0, 0
L -4744.853, 1592.9538, 300.9445, -4747.8119, 1583.9917, 299.797, 0, 0, 0
L -4747.8119, 1583.9917, 299.797, -4751.335, 1561.6576, 300.3625, 0, 0, 0
L -4751.335, 1561.6576, 300.3625, -4758.8461, 1496.1953, 299.9062, 0, 0, 0
L -4758.8461, 1496.1953, 299.9062, -4772.3666, 1439.4338, 299.8224, 0, 0, 0
L -4915.4369, 1371.9734, 300.3188, -4871.8236, 1375.1548, 299.9341, 0, 0, 0
L -4871.8236, 1375.1548, 299.9341, -4846.8296, 1380.7961, 299.2513, 0, 0, 0
L -4846.8296, 1380.7961, 299.2513, -4838.7456, 1383.5262, 299.2948, 0, 0, 0
L -4838.7456, 1383.5262, 299.2948, -4824.5513, 1390.844, 300.1111, 0, 0, 0
L -4824.5513, 1390.844, 300.1111, -4790.4609, 1414.7481, 300.8346, 0, 0, 0
L -4790.4609, 1414.7481, 298.6003, -4772.3666, 1439.4338, 300.1886, 0, 0, 0
L -4915.4369, 1371.9734, 299.8419, -4921.8486, 1373.5145, 299.68, 0, 0, 0
L -4921.8486, 1373.5145, 299.68, -4942.9872, 1381.5027, 300.4234, 0, 0, 0
L -4942.9872, 1381.5027, 300.4234, -4968.1747, 1380.4202, 299.4574, 0, 0, 0
L -4968.1747, 1380.4202, 299.4574, -4990.7222, 1386.4466, 299.4816, 0, 0, 0
L -4990.7222, 1386.4466, 299.4816, -4995.8046, 1388.5894, 299.9882, 0, 0, 0
L -4995.8046, 1388.5894, 299.9882, -5023.7861, 1408.3077, 299.7277, 0, 0, 0
L -5023.7861, 1408.3077, 299.7277, -5042.9058, 1436.505, 299.8566, 0, 0, 0
L -5042.9058, 1436.505, 299.8566, -5059.4301, 1467.7971, 299.1791, 0, 0, 0
L -5059.4301, 1467.7971, 299.1791, -5069.8198, 1505.9185, 301.2909, 0, 0, 0
L -5069.8198, 1505.9185, 301.2909, -5074.3086, 1546.9263, 301.4397, 0, 0, 0
L -5074.3086, 1546.9263, 301.4397, -5084.8559, 1560.5178, 300.5369, 0, 0, 0
L -5084.8559, 1560.5178, 300.5369, -5092.3252, 1578.5978, 299.499, 0, 0, 0
L -5092.3252, 1578.5978, 299.499, -5098.916, 1583.8642, 301.129, 0, 0, 0
L -5098.916, 1583.8642, 301.129, -5110.5708, 1607.6438, 299.8856, 0, 0, 0
L -5110.5708, 1607.6438, 299.8856, -5111.7143, 1618.1935, 300.2832, 0, 0, 0
L -5111.7143, 1618.1935, 300.2832, -5114.9097, 1632.72, 299.9427, 0, 0, 0
L -5114.9097, 1632.72, 299.9427, -5094.182, 1727.6249, 299.9519, 0, 0, 0
L -5094.182, 1727.6249, 299.9519, -5081.938, 1751.8822, 300.1064, 0, 0, 0
L -5081.938, 1751.8822, 300.1064, -5073.1719, 1760.3655, 299.6861, 0, 0, 0
L -5073.1719, 1760.3655, 299.6861, -5062.8594, 1775.5811, 299.1741, 0, 0, 0
L -5062.8594, 1775.5811, 299.1741, -5040.52, 1790.5289, 299.6745, 0, 0, 0
L -5040.52, 1790.5289, 299.6745, -5016.3252, 1800.7333, 299.9089, 0, 0, 0
L -5016.3252, 1800.7333, 299.9089, -4972.9956, 1794.49, 299.6786, 0, 0, 0
L -4972.9956, 1794.49, 299.6786, -4956.7573, 1787.7561, 300.5609, 0, 0, 0
L -4956.7573, 1787.7561, 300.5609, -4944.6958, 1780.9121, 299.761, 0, 0, 0
L -4944.6958, 1780.9121, 299.761, -4940.5874, 1775.795, 299.9755, 0, 0, 0
L -4940.5874, 1775.795, 299.9755, -4912.7816, 1757.9302, 300.6863, 0, 0, 0
L -4912.7816, 1757.9302, 300.6863, -4896.7367, 1750.3396, 301.4979, 0, 0, 0
L -4896.7367, 1750.3396, 301.4979, -4884.4467, 1740.199, 301.1281, 0, 0, 0
L -4884.4467, 1740.199, 301.1281, -4871.251, 1737.1973, 301.947, 0, 0, 0
L -4871.251, 1737.1973, 301.947, -4858.1684, 1728.2451, 301.269, 0, 0, 0
L -4858.1684, 1728.2451, 301.269, -4854.3114, 1720.9818, 299.9264, 0, 0, 0
L -4854.3114, 1720.9818, 299.9264, -4824.5619, 1704.9978, 300.1739, 0, 0, 0
L -4824.5619, 1704.9978, 300.1739, -4821.9272, 1704.201, 300.1687, 0, 0, 0
L -4821.9272, 1704.201, 300.1687, -4798.8599, 1692.3031, 300.2615, 0, 0, 0
L -4798.8599, 1692.3031, 300.2615, -4787.913, 1692.4045, 299.7628, 0, 0, 0
L -4787.913, 1692.4045, 299.7628, -4777.5551, 1690.154, 300.2937, 0, 0, 0
L -4777.5551, 1690.154, 300.2937, -4770.1948, 1698.6575, 300.3351, 0, 0, 0
L -4770.1948, 1698.6575, 300.3351, -4770.329, 1709.7242, 300.8398, 0, 0, 0
L -4770.329, 1709.7242, 300.8398, -4767.4413, 1726.7279, 300.2791, 0, 0, 0
L -4767.4413, 1726.7279, 300.2791, -4776.3559, 1738.1157, 300.67, 0, 0, 0
L -4776.3559, 1738.1157, 300.67, -4790.5698, 1737.3885, 300.124, 0, 0, 0
L -4790.5698, 1737.3885, 300.124, -4819.8306, 1756.5253, 299.6691, 0, 0, 0
L -4819.8306, 1756.5253, 299.6691, -4826.3125, 1762.3613, 298.7361, 0, 0, 0
L -4826.3125, 1762.3613, 298.7361, -4837.5474, 1775.8288, 299.7407, 0, 0, 0
L -4837.5474, 1775.8288, 299.7407, -4841.1361, 1782.3723, 299.949, 0, 0, 0
L -4841.1361, 1782.3723, 299.949, -4848.438, 1799.1793, 299.3731, 0, 0, 0
L -4848.438, 1799.1793, 299.3731, -4851.9809, 1822.8623, 299.8392, 0, 0, 0
L -4851.9809, 1822.8623, 299.8392, -4850.6239, 1826.2744, 300.4085, 0, 0, 0
L -4850.6239, 1826.2744, 300.4085, -4847.4867, 1840.4825, 299.9101, 0, 0, 0
L -4847.4867, 1840.4825, 299.9101, -4846.8266, 1853.5398, 300.2259, 0, 0, 0
L -4846.8266, 1853.5398, 300.2259, -4852.1089, 1867.5222, 300.1956, 0, 0, 0
L -4852.1089, 1867.5222, 300.1956, -4855.6318, 1894.7037, 300.432, 0, 0, 0
L -4855.6318, 1894.7037, 300.432, -4855.7763, 1925.7952, 299.4483, 0, 0, 0
L -4855.7763, 1925.7952, 299.4483, -4848.5722, 1943.9156, 299.5183, 0, 0, 0
L -4848.5722, 1943.9156, 299.5183, -4834.8798, 1955.1899, 300.593, 0, 0, 0
L -4834.8798, 1955.1899, 300.593, -4825.225, 1969.3086, 298.9069, 0, 0, 0
L -4825.225, 1969.3086, 298.9069, -4803.3734, 1976.6511, 299.3374, 0, 0, 0
L -4803.3734, 1976.6511, 299.3374, -4793.1211, 1976.2746, 300.7613, 0, 0, 0
L -4793.1211, 1976.2746, 300.7613, -4775.6527, 1978.9311, 300.5409, 0, 0, 0
L -4775.6527, 1978.9311, 300.5409, -4762.8413, 1978.3804, 300.3897, 0, 0, 0
L -4762.8413, 1978.3804, 300.3897, -4727.7313, 1967.3909, 299.3444, 0, 0, 0
L -4727.7313, 1967.3909, 299.3444, -4714.8364, 1956.7408, 299.9406, 0, 0, 0
L -4714.8364, 1956.7408, 299.9406, -4704.7798, 1957.9963, 299.5452, 0, 0, 0
L -4704.7798, 1957.9963, 299.5452, -4682.3486, 1944.3677, 299.5586, 0, 0, 0
L -4682.3486, 1944.3677, 299.5586, -4662.3589, 1915.6829, 300.7085, 0, 0, 0
L -4662.3589, 1915.6829, 300.7085, -4655.1099, 1909.3523, 298.7459, 0, 0, 0
L -4655.1099, 1909.3523, 298.7459, -4631.645, 1897.709, 299.7755, 0, 0, 0
L -4631.645, 1897.709, 299.7755, -4609.167, 1897.6023, 300.2477, 0, 0, 0
L -4609.167, 1897.6023, 300.2477, -4584.4921, 1906.3704, 299.7726, 0, 0, 0
L -4584.4921, 1906.3704, 299.7726, -4560.627, 1917.8242, 299.5203, 0, 0, 0
L -4560.627, 1917.8242, 299.5203, -4537.1181, 1922.5422, 301.5169, 0, 0, 0
L -4537.1181, 1922.5422, 301.5169, -4509.6244, 1924.4725, 300.3709, 0, 0, 0
L -4509.6244, 1924.4725, 300.3709, -4413.5698, 1922.6311, 299.9836, 0, 0, 0
L -4413.5698, 1922.6311, 299.9836, -4398.9951, 1920.978, 300.24, 0, 0, 0
L -4398.9951, 1920.978, 300.24, -4392.4102, 1916.3929, 299.8589, 0, 0, 0
L -4392.4102, 1916.3929, 299.8589, -4380.122, 1896.7952, 299.9995, 0, 0, 0
L -4380.122, 1896.7952, 299.9995, -4377.2328, 1881.7714, 299.8315, 0, 0, 0
L -4377.2328, 1881.7714, 299.8315, -4376.9966, 1864.188, 299.9623, 0, 0, 0
L -4376.9966, 1864.188, 299.9623, -4374.917, 1848.2155, 299.7549, 0, 0, 0
L -4374.917, 1848.2155, 299.7549, -4382.7143, 1824.3242, 299.6578, 0, 0, 0
L -4382.7143, 1824.3242, 299.6578, -4391.7227, 1815.1259, 299.7198, 0, 0, 0
L -4391.7227, 1815.1259, 299.7198, -4397.8109, 1807.7726, 300.312, 0, 0, 0
L -4397.8109, 1807.7726, 300.312, -4401.6283, 1799.9465, 299.7488, 0, 0, 0
L -4401.6283, 1799.9465, 299.7488, -4443.9053, 1756.3949, 300.9186, 0, 0, 0
P -2925, 2600, 0, 0, 0, 0, 1, Map_by_Goodurden
P -4913.2402, 723.522, 305.5025, 0, 127, 0, 2, Long_Boat(Zone_out)
