P 758.1156, -728.2609, -187.3727, 127, 0, 0, 2, Frostfoot_lookout
P 237.464, -774.145, -138.5484, 127, 0, 0, 2, Frostfoot_lookout
P -367.5269, -101.4908, -44.8873, 127, 0, 0, 2, Frostfoot_lookout
P -633.37, -12.8453, -45.279, 127, 0, 0, 2, Frostfoot_lookout
P -704.5692, -129.3197, -41.8954, 127, 0, 0, 2, Archpriest_Yakan
P -1000.8169, 406.1102, -152.2348, 127, 0, 0, 2, Frostfoot_lookout
P -1118.4773, 381.4934, -148.4161, 127, 0, 0, 2, Venomous_Spider_Guardian
P -334.3077, 525.1901, -145.4601, 127, 0, 0, 2, Frostfoot_lookout
P -317.3528, 447.6023, -100.9848, 127, 0, 0, 2, Savager_Krendis
P -155.929, 1067.6422, -101.4621, 127, 0, 0, 2, Walord_Petrad
P -136.8274, 1040.3125, -102.583, 127, 0, 0, 2, Sage_Venos
P -238.3634, 1036.2614, -98.6247, 127, 0, 0, 2, Oracle_Brofam
P 168.5047, -846.742, -103.2792, 127, 0, 0, 2, Enchanted_Ice_Guardian
P 44.3385, -327.557, -110.5968, 127, 0, 0, 2, Frostfoot_lookout
P -412.2305, 91.5742, -46.7916, 127, 0, 0, 2, Frostfoot_lookout
P -243.3793, 787.6002, -106.7917, 127, 0, 0, 2, Frostfoot_lookout
P -235.3854, 1004.3244, -98.7917, 0, 0, 0, 1, chest
P -163.7967, 1054.8015, -102.7917, 0, 0, 0, 1, chest
