P -501.6519, 366.9073, -12.8938, 0, 0, 240, 2, Glim_#1
P 98.6937, -0.354, 0.1062, 127, 0, 0, 2, 1.a_jeweled_sentinel(Phasing_Ruby)
P -166.3514, 595.5954, -12.9979, 0, 0, 240, 2, Glim_#2_(2xPhasing_Ruby)
P 138.6776, -476.8992, -119.9979, 0, 0, 240, 2, Glim_#3
P 173.2709, -156.122, -118.9979, 127, 0, 0, 2, 3.The_Synarcana
P 724.7786, -875.272, -179.9978, 0, 0, 240, 3, Glim_#4
P 678.2251, -1126.8804, -118.5977, 127, 0, 0, 2, 4.Kiszchen_the_Mischief
P 646.293, -1132.8746, -119.9979, 127, 0, 0, 2, 4
P 645.5172, -1116.3628, -119.9979, 127, 0, 0, 2, 4
P 714.1331, -1115.4001, -119.9979, 127, 0, 0, 2, 4
P 713.519, -1131.4259, -119.9979, 127, 0, 0, 2, 4
P 686.543, -1157.7555, -119.9979, 127, 0, 0, 2, 4
P 669.9442, -1158.954, -119.9979, 127, 0, 0, 2, 4
P 1161.619, -590.2943, -176.9978, 127, 0, 0, 2, 4.The_Synarcana
P 1128.1255, -664.1992, -179.9978, 0, 0, 0, 1, The_Frosty_Jeweled_Table
P 1128.8431, -516.4275, -179.9978, 0, 0, 0, 1, The_Tormentor's_Frozen_Table
P 1213.234, -556.5247, -179.9978, 0, 0, 0, 1, Miragul's_Enchanted_Table
