L 1240, -1180, 1, 1240, -1180, 2, 1, 2, 4
L -600, 780, 1, -600, 780, 2, 1, 2, 4
L 1220.8016, -561.5359, -179.9978, 1198.4518, -513.931, -179.9978, 0, 0, 0
L 1198.4518, -513.931, -179.9978, 1126.8915, -513.8921, -179.9978, 0, 0, 0
L 1126.8915, -513.8921, -179.9978, 1126.9419, -534.4017, -179.9978, 0, 0, 0
L 1126.9419, -534.4017, -179.9978, 1131.1487, -536.1961, -179.9978, 0, 0, 0
L 1131.1487, -536.1961, -179.9978, 1131.9546, -539.7519, -179.9978, 0, 0, 0
L 1131.9546, -539.7519, -179.9978, 1130.5244, -544.5872, -179.9978, 0, 0, 0
L 1130.5244, -544.5872, -179.9978, 1125.2816, -546.623, -179.9978, 0, 0, 0
L 1125.2816, -546.623, -179.9978, 1122.531, -544.484, -179.9978, 0, 0, 0
L 1122.531, -544.484, -179.9978, 1102.8916, -562.4636, -179.9978, 0, 0, 0
L 1102.8916, -562.4636, -179.9978, 1102.8906, -570.3327, -179.9978, 0, 0, 0
L 1102.8906, -570.3327, -179.9978, 1106.9962, -571.9185, -179.9978, 0, 0, 0
L 1106.9962, -571.9185, -179.9978, 1107.8883, -575.8577, -179.9978, 0, 0, 0
L 1107.8883, -575.8577, -179.9978, 1106.6969, -580.3129, -179.9978, 0, 0, 0
L 1106.6969, -580.3129, -179.9978, 1101.4689, -582.1151, -178.9978, 0, 0, 0
L 1101.4689, -582.1151, -178.9978, 1097.714, -580.1354, -178.9978, 0, 0, 0
L 1097.714, -580.1354, -178.9978, 1096.4236, -576.9175, -178.9978, 0, 0, 0
L 1096.4236, -576.9175, -178.9978, 937.1453, -576.8119, -178.9978, 0, 0, 0
L 1057.8914, -576.892, -178.9978, 1057.8912, -581.6489, -178.9978, 0, 0, 0
L 1057.8912, -581.6489, -178.8936, 1046.8529, -581.6475, -179.8936, 0, 0, 0
L 1046.8529, -581.6475, -179.8936, 1046.8558, -576.655, -179.8936, 0, 0, 0
L 997.6441, -576.6439, -179.8936, 997.6473, -585.6449, -179.8936, 0, 0, 0
L 997.6473, -585.6449, -179.3937, 986.3522, -585.6449, -179.3936, 0, 0, 0
L 986.3522, -585.6449, -179.8936, 986.3556, -576.6444, -179.8936, 0, 0, 0
L 937.1417, -570.3844, -179.8936, 937.148, -581.6472, -179.8936, 0, 0, 0
L 926.3559, -581.6427, -179.8936, 926.3559, -570.3523, -179.8936, 0, 0, 0
L 927.672, -570.3563, -179.8936, 906.6422, -542.6443, -179.8936, 0, 0, 0
L 883.1462, -542.6441, -179.8937, 883.1457, -562.6435, -179.8936, 0, 0, 0
L 862.3831, -542.645, -179.8936, 906.6445, -542.6432, -179.8936, 0, 0, 0
L 926.3558, -571.5806, -179.8936, 918.25, -571.5778, -179.8936, 0, 0, 0
L 937.1417, -570.3844, -179.8936, 926.3559, -570.3523, -179.8936, 0, 0, 0
L 918.25, -571.5778, -179.8936, 918.203, -580.5244, -179.8936, 0, 0, 0
L 918.203, -580.5244, -179.8936, 926.3558, -580.5234, -179.8936, 0, 0, 0
L 926.3559, -581.6427, -179.3936, 937.148, -581.6472, -179.394, 0, 0, 0
L 880.8432, -571.3585, -179.8936, 883.1004, -571.3522, -179.8936, 0, 0, 0
L 883.1457, -562.6435, -179.8936, 880.8527, -562.6455, -179.8936, 0, 0, 0
L 880.8527, -562.6455, -179.8936, 880.8551, -542.6829, -179.8936, 0, 0, 0
L 862.3831, -542.645, -179.8937, 841.5425, -573.8559, -179.8936, 0, 0, 0
L 831.3547, -573.8801, -179.8936, 842.6454, -573.8533, -179.8936, 0, 0, 0
L 842.6454, -573.8533, -179.8937, 842.6471, -585.1434, -179.8937, 0, 0, 0
L 842.6471, -585.1434, -179.3936, 831.3558, -585.1462, -179.3936, 0, 0, 0
L 831.3558, -585.1462, -179.8936, 831.3547, -573.8801, -179.8936, 0, 0, 0
L 831.355, -576.144, -179.8936, 830.3547, -576.1467, -179.8936, 0, 0, 0
L 830.3547, -576.1467, -179.8936, 830.3556, -549.1443, -179.8936, 0, 0, 0
L 830.3556, -549.1443, -179.8936, 792.1933, -549.1438, -179.8936, 0, 0, 0
L 792.1933, -549.1438, -179.8936, 782.668, -554.6471, -179.8936, 0, 0, 0
L 782.668, -554.6471, -179.8936, 756.1444, -554.644, -179.8936, 0, 0, 0
L 756.1444, -554.644, -179.8936, 756.147, -580.6598, -179.8936, 0, 0, 0
L 756.147, -580.6598, -179.8936, 750.1431, -590.7368, -179.8936, 0, 0, 0
L 750.1431, -590.7368, -179.8936, 750.1443, -629.317, -179.8936, 0, 0, 0
L 750.1443, -629.317, -179.8936, 777.6464, -629.3586, -179.8936, 0, 0, 0
L 777.6464, -629.3586, -179.8936, 777.6146, -642.6441, -179.8935, 0, 0, 0
L 777.644, -630.3556, -179.8935, 786.6431, -630.3527, -179.8936, 0, 0, 0
L 786.6431, -630.3527, -179.3936, 786.6477, -641.644, -179.3936, 0, 0, 0
L 786.6477, -641.644, -179.8936, 777.644, -641.6449, -179.8936, 0, 0, 0
L 777.6146, -642.6441, -179.8936, 767.1441, -642.644, -179.8936, 0, 0, 0
L 767.1441, -642.644, -179.8936, 767.1464, -688.879, -179.8936, 0, 0, 0
L 767.1464, -688.879, -179.8937, 683.6926, -735.8482, -179.8936, 0, 0, 0
L 683.6926, -735.8482, -179.8936, 683.6441, -804.8556, -179.8936, 0, 0, 0
L 683.6441, -804.8556, -179.8936, 694.1453, -804.8519, -179.8936, 0, 0, 0
L 694.1453, -804.8519, -179.8936, 694.1284, -818.1446, -179.8936, 0, 0, 0
L 694.1441, -805.8558, -179.8936, 703.1435, -805.8526, -179.8936, 0, 0, 0
L 703.1435, -805.8526, -179.3936, 703.1475, -817.1443, -179.3936, 0, 0, 0
L 703.1475, -817.1443, -179.8936, 694.1296, -817.1441, -179.8936, 0, 0, 0
L 694.1284, -818.1446, -179.8936, 667.2014, -818.1443, -179.8936, 0, 0, 0
L 667.2014, -818.1443, -179.8936, 667.1441, -865.3556, -179.8935, 0, 0, 0
L 660.6955, -865.3596, -179.8935, 671.6422, -865.3528, -179.8936, 0, 0, 0
L 671.6422, -865.3528, -179.8936, 671.6476, -876.6445, -179.8936, 0, 0, 0
L 671.6476, -876.6445, -179.8936, 660.8733, -876.6443, -174.8936, 0, 0, 0
L 660.8733, -876.6443, -173.8936, 660.6955, -865.3596, -173.8936, 0, 0, 0
L 660.7945, -871.6443, -173.8936, 555.3188, -871.6431, -119.8937, 0, 0, 0
L 603.144, -871.6436, -119.8937, 603.1482, -880.6472, -119.8937, 0, 0, 0
L 603.1482, -880.6472, -119.3937, 591.8592, -880.6426, -119.3937, 0, 0, 0
L 591.8546, -889.3564, -119.3937, 603.1455, -889.3527, -119.3937, 0, 0, 0
L 603.1455, -889.3527, -119.8937, 603.1446, -898.3559, -119.8937, 0, 0, 0
L 591.8555, -898.3708, -119.8937, 660.8561, -898.2797, -169.8937, 0, 0, 0
L 660.855, -904.6449, -173.7138, 660.857, -893.3541, -173.8927, 0, 0, 0
L 660.857, -893.3541, -177.8937, 671.6445, -893.3546, -179.8936, 0, 0, 0
L 671.6445, -893.3546, -179.8936, 671.6467, -904.6427, -176.8936, 0, 0, 0
L 671.6467, -904.6427, -173.7146, 660.855, -904.6449, -173.7139, 0, 0, 0
L 666.144, -904.6439, -173.7139, 666.1461, -1072.3557, -119.8937, 0, 0, 0
L 666.1446, -962.3558, -119.8937, 675.1444, -962.3541, -119.8937, 0, 0, 0
L 675.1444, -962.3541, -119.3937, 675.1454, -973.6452, -119.3937, 0, 0, 0
L 675.1454, -973.6452, -119.8937, 666.1436, -973.6446, -119.8937, 0, 0, 0
L 666.1444, -1022.8556, -119.8937, 671.144, -1022.8528, -119.8937, 0, 0, 0
L 671.144, -1022.8528, -119.8937, 671.1458, -1033.6469, -118.8937, 0, 0, 0
L 671.1458, -1033.6469, -118.8937, 666.1441, -1033.6439, -118.8937, 0, 0, 0
L 659.8572, -1072.3614, -119.8937, 671.1434, -1072.3511, -119.8937, 0, 0, 0
L 671.1458, -1083.6431, -119.8937, 671.1434, -1072.3511, -119.8937, 0, 0, 0
L 671.1458, -1083.6431, -119.8937, 659.8542, -1083.6483, -119.8937, 0, 0, 0
L 659.8542, -1083.6483, -119.8937, 659.8572, -1072.3614, -119.8937, 0, 0, 0
L 659.8556, -1078.6441, -119.8937, 651.8167, -1078.644, -119.8937, 0, 0, 0
L 651.8167, -1078.644, -119.8937, 630.2195, -1102.163, -119.8937, 0, 0, 0
L 630.2195, -1102.163, -119.8937, 630.1439, -1150.7212, -119.8937, 0, 0, 0
L 630.1439, -1150.7212, -119.8937, 651.8123, -1174.355, -119.8937, 0, 0, 0
L 651.8123, -1174.355, -119.8937, 707.2483, -1174.3209, -119.8937, 0, 0, 0
L 707.2483, -1174.3209, -119.8937, 728.8559, -1150.7316, -119.8936, 0, 0, 0
L 728.8559, -1150.7316, -119.8936, 728.856, -1102.5608, -119.8936, 0, 0, 0
L 728.856, -1102.5608, -119.8936, 707.1933, -1078.6432, -119.8937, 0, 0, 0
L 707.1933, -1078.6432, -119.8937, 699.2065, -1078.6442, -119.8937, 0, 0, 0
L 699.3106, -1072.3202, -119.8937, 699.124, -1083.6449, -119.8937, 0, 0, 0
L 699.124, -1083.6449, -119.8937, 687.8496, -1083.6456, -119.8937, 0, 0, 0
L 687.8496, -1083.6456, -119.8937, 687.8537, -1072.3562, -119.8937, 0, 0, 0
L 687.8537, -1072.3562, -119.8937, 699.3106, -1072.3202, -119.8937, 0, 0, 0
L 655.5017, -1096.2946, -119.8937, 659.4913, -1098.99, -119.8937, 0, 0, 0
L 659.4913, -1098.99, -119.8937, 661.1933, -1101.9774, -119.8937, 0, 0, 0
L 661.1933, -1101.9774, -119.8937, 659.4904, -1106.5283, -119.8937, 0, 0, 0
L 655.5, -1107.6651, -119.8937, 659.4904, -1106.5283, -119.8937, 0, 0, 0
L 655.5, -1107.6651, -119.8937, 651.5105, -1106.5318, -119.8937, 0, 0, 0
L 651.5105, -1106.5318, -119.8937, 649.8061, -1101.9857, -119.8937, 0, 0, 0
L 649.8061, -1101.9857, -119.8937, 651.504, -1098.1, -119.8937, 0, 0, 0
L 651.504, -1098.1, -119.8937, 655.5017, -1096.2946, -119.8937, 0, 0, 0
L 698.8039, -1101.9854, -119.8937, 700.5037, -1098.108, -119.8937, 0, 0, 0
L 700.5037, -1098.108, -119.8937, 704.4968, -1096.297, -119.8937, 0, 0, 0
L 704.4968, -1096.297, -119.8937, 708.4878, -1098.48, -119.8937, 0, 0, 0
L 708.4878, -1098.48, -119.8937, 710.1959, -1101.9736, -119.8937, 0, 0, 0
L 710.1959, -1101.9736, -119.8937, 708.4909, -1106.5238, -119.8937, 0, 0, 0
L 708.4909, -1106.5238, -119.8937, 704.5016, -1107.6676, -119.8937, 0, 0, 0
L 704.5016, -1107.6676, -119.8937, 700.5105, -1106.5318, -119.8937, 0, 0, 0
L 700.5105, -1106.5318, -119.8937, 698.8039, -1101.9854, -119.8937, 0, 0, 0
L 708.4949, -1147.65, -119.8937, 704.4968, -1145.2965, -119.8937, 0, 0, 0
L 708.4949, -1147.65, -119.8937, 710.1937, -1150.9777, -119.8937, 0, 0, 0
L 710.1937, -1150.9777, -119.8937, 708.4903, -1155.5281, -119.8937, 0, 0, 0
L 704.5008, -1156.6656, -119.8937, 708.4903, -1155.5281, -119.8937, 0, 0, 0
L 704.5008, -1156.6656, -119.8937, 700.5116, -1155.5326, -119.8937, 0, 0, 0
L 700.5116, -1155.5326, -119.8937, 698.8058, -1150.9827, -119.8937, 0, 0, 0
L 698.8058, -1150.9827, -119.8937, 700.5071, -1147.47, -119.8937, 0, 0, 0
L 700.5071, -1147.47, -119.8937, 704.4968, -1145.2965, -119.8937, 0, 0, 0
L 661.1952, -1150.979, -119.8937, 659.4892, -1155.5262, -119.8937, 0, 0, 0
L 659.4892, -1155.5262, -119.8937, 655.4968, -1156.6668, -119.8937, 0, 0, 0
L 655.4968, -1156.6668, -119.8937, 651.5126, -1155.5299, -119.8937, 0, 0, 0
L 651.5126, -1155.5299, -119.8937, 649.8053, -1150.9845, -119.8937, 0, 0, 0
L 649.8053, -1150.9845, -119.8937, 651.5027, -1147.121, -119.8937, 0, 0, 0
L 651.5027, -1147.121, -119.8937, 655.5031, -1145.2934, -119.8937, 0, 0, 0
L 655.5031, -1145.2934, -119.8937, 659.4882, -1147.66, -119.8937, 0, 0, 0
L 659.4882, -1147.66, -119.8937, 661.1952, -1150.979, -119.8937, 0, 0, 0
L 667.5208, -1150.2029, -120.8937, 656.6844, -1139.419, -120.8937, 0, 0, 0
L 656.412, -1138.7401, -120.8937, 656.41, -1118.4909, -120.8937, 0, 0, 0
L 659.43, -1111.1969, -120.8705, 666.8709, -1103.3977, -120.8937, 0, 0, 0
L 671.715, -1102.5532, -120.8937, 688.7433, -1102.5382, -120.8937, 0, 0, 0
L 695.2598, -1105.5605, -120.8937, 703.4503, -1113.8025, -120.8937, 0, 0, 0
L 703.9629, -1132.8324, -120.8937, 703.9601, -1123.8457, -120.8937, 0, 0, 0
L 699.8555, -1142.8719, -120.8937, 692.3813, -1150.3432, -120.8937, 0, 0, 0
L 692.1816, -1150.4579, -120.8936, 675.6307, -1150.4561, -120.8937, 0, 0, 0
L 684.8383, -1147.4711, -121.8785, 671.7102, -1147.4581, -121.8937, 0, 0, 0
L 667.2188, -1144.8853, -121.8937, 660.6394, -1138.3731, -121.8937, 0, 0, 0
L 659.421, -1133.9727, -121.8937, 659.408, -1121.6823, -121.8937, 0, 0, 0
L 662.869, -1113.1851, -121.8937, 667.3256, -1107.9436, -121.8937, 0, 0, 0
L 675.5349, -1105.5405, -121.8937, 685.5665, -1105.5361, -121.8937, 0, 0, 0
L 694.402, -1109.6776, -121.8937, 698.9492, -1114.2218, -121.8937, 0, 0, 0
L 700.9298, -1121.801, -121.8937, 700.9583, -1132.1559, -121.8937, 0, 0, 0
L 697.1916, -1140.5064, -121.8937, 691, -1146.7363, -121.8937, 0, 0, 0
L 697.9588, -1134.7837, -122.8923, 688.3197, -1144.4248, -122.8897, 0, 0, 0
L 688.3197, -1144.4248, -122.8937, 672.9329, -1144.3596, -122.8937, 0, 0, 0
L 669.4791, -1142.1923, -122.8937, 663.3646, -1136.996, -122.8937, 0, 0, 0
L 662.719, -1130.9871, -122.8937, 662.426, -1122.5806, -122.8937, 0, 0, 0
L 665.1331, -1115.1403, -122.8937, 670.4505, -1109.807, -122.8937, 0, 0, 0
L 679.1598, -1108.548, -122.8937, 685.1269, -1108.536, -122.8937, 0, 0, 0
L 692.6128, -1112.886, -122.8937, 695.6693, -1115.9302, -122.8937, 0, 0, 0
L 697.947, -1124.441, -122.8937, 697.9588, -1134.7837, -122.8937, 0, 0, 0
L 692.8558, -1072.3558, -119.8937, 692.8558, -904.6434, -118.8937, 0, 0, 0
L 692.8558, -1033.6439, -118.8937, 687.8546, -1033.6452, -118.8937, 0, 0, 0
L 687.8546, -1033.6452, -118.8937, 687.8536, -1022.8553, -119.8937, 0, 0, 0
L 687.8536, -1022.8553, -119.8937, 692.8556, -1022.8558, -119.8937, 0, 0, 0
L 692.8556, -973.644, -119.8937, 683.8581, -973.6455, -119.8937, 0, 0, 0
L 683.8581, -973.6455, -119.3937, 683.8505, -962.3537, -119.3937, 0, 0, 0
L 683.8505, -962.3537, -119.8937, 692.8563, -962.3558, -119.8936, 0, 0, 0
L 698.7459, -904.644, -173.7142, 687.8514, -904.6429, -173.8927, 0, 0, 0
L 687.8514, -904.6429, -175.9016, 687.8586, -893.355, -179.8936, 0, 0, 0
L 687.8586, -893.355, -179.8936, 698.6218, -893.3545, -179.8936, 0, 0, 0
L 698.6218, -893.3545, -179.8936, 698.7459, -904.644, -179.8936, 0, 0, 0
L 698.6769, -898.3553, -179.8936, 747.3554, -898.3556, -179.8936, 0, 0, 0
L 747.3554, -898.3556, -179.8936, 747.3547, -870.8522, -179.8936, 0, 0, 0
L 747.3547, -870.8522, -179.8936, 760.6416, -870.8934, -179.8936, 0, 0, 0
L 748.3559, -870.8553, -179.8936, 748.3553, -861.8614, -179.8936, 0, 0, 0
L 748.3554, -853.1513, -179.8936, 748.3556, -844.144, -179.8936, 0, 0, 0
L 760.6449, -844.1088, -179.8936, 747.3519, -844.147, -179.8936, 0, 0, 0
L 747.3519, -844.147, -179.8936, 747.3558, -818.1439, -179.8936, 0, 0, 0
L 747.3558, -818.1439, -179.8936, 720.8591, -818.1464, -179.8936, 0, 0, 0
L 720.8591, -818.1464, -179.8937, 720.8079, -804.8606, -179.8935, 0, 0, 0
L 720.8551, -817.1439, -179.8935, 711.8554, -817.1464, -179.8936, 0, 0, 0
L 711.8554, -817.1464, -179.3936, 711.8532, -805.8529, -179.3936, 0, 0, 0
L 711.8532, -805.8529, -179.8936, 720.856, -805.8558, -179.8935, 0, 0, 0
L 720.8079, -804.8606, -179.8936, 731.3558, -804.8375, -179.8937, 0, 0, 0
L 731.3558, -804.8375, -179.8937, 731.3518, -759.3532, -179.8936, 0, 0, 0
L 731.3518, -759.3532, -179.8937, 814.8556, -759.3556, -179.8936, 0, 0, 0
L 814.8556, -759.3556, -179.8936, 814.8559, -642.644, -179.8936, 0, 0, 0
L 814.8559, -642.644, -179.8936, 804.3558, -642.6472, -179.8936, 0, 0, 0
L 804.3558, -642.6472, -179.8936, 804.3505, -629.354, -179.8936, 0, 0, 0
L 804.3555, -641.6436, -179.8936, 795.3558, -641.6463, -179.8936, 0, 0, 0
L 795.3558, -641.6463, -179.3936, 795.3522, -630.3551, -179.3936, 0, 0, 0
L 795.3522, -630.3551, -179.8936, 804.3559, -630.3558, -179.8936, 0, 0, 0
L 804.3505, -629.354, -179.8937, 830.3554, -629.3558, -179.8936, 0, 0, 0
L 830.3554, -629.3558, -179.8936, 830.3554, -605.1405, -179.8936, 0, 0, 0
L 831.3564, -605.1408, -179.8936, 831.3529, -593.8541, -179.8936, 0, 0, 0
L 831.3529, -593.8541, -179.3937, 842.6439, -593.8532, -179.3936, 0, 0, 0
L 842.6439, -593.8532, -179.8936, 842.647, -605.144, -179.8936, 0, 0, 0
L 841.5428, -605.1435, -179.8937, 862.3858, -636.3555, -179.8936, 0, 0, 0
L 862.3162, -636.3084, -179.8936, 906.5755, -636.4221, -179.8936, 0, 0, 0
L 880.8558, -636.356, -179.8936, 880.8506, -616.3579, -179.8936, 0, 0, 0
L 880.8506, -616.3579, -179.8936, 883.149, -616.3524, -179.8936, 0, 0, 0
L 883.1462, -607.643, -179.8936, 880.8538, -607.6463, -179.8936, 0, 0, 0
L 880.8538, -607.6463, -179.8937, 880.8432, -571.3585, -179.8936, 0, 0, 0
L 883.1004, -571.3522, -179.8935, 883.1462, -607.643, -179.8936, 0, 0, 0
L 883.1439, -605.8062, -179.8935, 887.2038, -605.8088, -179.8936, 0, 0, 0
L 887.2038, -605.8088, -179.8936, 887.2984, -573.9702, -179.8936, 0, 0, 0
L 887.2984, -573.9702, -179.8936, 883.144, -573.9724, -179.8934, 0, 0, 0
L 883.149, -616.3524, -179.8937, 883.1449, -636.3559, -179.8936, 0, 0, 0
L 906.5755, -636.4221, -179.8936, 926.9198, -609.6385, -179.8935, 0, 0, 0
L 926.3984, -609.6381, -179.3402, 926.3501, -598.3517, -179.8936, 0, 0, 0
L 926.3554, -599.5775, -179.8936, 917.5241, -599.5796, -179.8936, 0, 0, 0
L 917.5241, -599.5796, -179.8936, 917.5207, -608.5227, -179.8936, 0, 0, 0
L 917.5207, -608.5227, -179.8936, 926.3936, -608.5277, -179.8936, 0, 0, 0
L 926.3501, -598.3517, -179.3936, 937.1471, -598.3565, -179.8934, 0, 0, 0
L 937.1403, -609.6435, -179.8936, 937.1471, -598.3565, -179.8936, 0, 0, 0
L 937.1403, -609.6435, -179.8927, 926.3984, -609.6381, -179.8936, 0, 0, 0
L 937.3102, -603.3544, -179.8937, 1096.5289, -603.3582, -179.8936, 0, 0, 0
L 986.3553, -603.3556, -179.8936, 986.3533, -594.356, -179.8936, 0, 0, 0
L 986.3533, -594.356, -179.3936, 997.6476, -594.3523, -179.3937, 0, 0, 0
L 997.6476, -594.3523, -179.8937, 997.6441, -603.3551, -179.8936, 0, 0, 0
L 1046.8556, -603.3544, -179.8936, 1046.8521, -598.3537, -179.8936, 0, 0, 0
L 1046.8521, -598.3537, -179.8937, 1057.6458, -598.3545, -178.8936, 0, 0, 0
L 1057.6458, -598.3545, -178.8936, 1057.644, -603.3558, -178.8936, 0, 0, 0
L 1096.5289, -603.3582, -178.8936, 1097.9871, -599.904, -178.8936, 0, 0, 0
L 1097.9871, -599.904, -178.8936, 1102.182, -598.2877, -178.8947, 0, 0, 0
L 1102.182, -598.2877, -178.8947, 1106.9059, -600.1495, -179.8936, 0, 0, 0
L 1106.9059, -600.1495, -179.8936, 1107.6563, -603.9998, -179.8936, 0, 0, 0
L 1107.6563, -603.9998, -179.8936, 1106.5471, -607.9563, -179.8936, 0, 0, 0
L 1106.5471, -607.9563, -179.8936, 1102.6826, -609.4316, -179.8936, 0, 0, 0
L 1102.6826, -609.4316, -179.8936, 1102.6441, -617.679, -179.8936, 0, 0, 0
L 1102.6441, -617.679, -179.8936, 1122.374, -635.8138, -179.8936, 0, 0, 0
L 1122.374, -635.8138, -179.8936, 1125.7842, -634.3868, -179.8936, 0, 0, 0
L 1125.7842, -634.3868, -179.8936, 1130.6487, -636.488, -179.8936, 0, 0, 0
L 1130.6487, -636.488, -179.8936, 1131.6153, -640.1902, -179.8936, 0, 0, 0
L 1131.6153, -640.1902, -179.8936, 1130.5205, -644.309, -179.8936, 0, 0, 0
L 1130.5205, -644.309, -179.8936, 1126.6827, -645.4305, -179.8936, 0, 0, 0
L 1126.6827, -645.4305, -179.8936, 1126.644, -666.3556, -179.8936, 0, 0, 0
L 1126.644, -666.3556, -179.8936, 1198.5471, -666.3553, -179.8936, 0, 0, 0
L 1198.5471, -666.3553, -179.8936, 1221.3218, -617.9296, -179.8935, 0, 0, 0
L 1221.3218, -617.9296, -179.8935, 1221.1895, -561.7835, -179.8936, 0, 0, 0
L 1191.5329, -554.9868, -179.8936, 1186.9864, -556.6934, -179.8936, 0, 0, 0
L 1186.9864, -556.6934, -179.8936, 1183.89, -554.9922, -179.8936, 0, 0, 0
L 1183.89, -554.9922, -179.8936, 1181.2976, -551.23, -179.8936, 0, 0, 0
L 1181.2976, -551.23, -179.8936, 1183.51, -547.81, -179.8936, 0, 0, 0
L 1183.51, -547.81, -179.8936, 1186.9846, -545.3025, -179.8936, 0, 0, 0
L 1191.5271, -547.108, -179.8936, 1186.9846, -545.3025, -179.8936, 0, 0, 0
L 1191.5271, -547.108, -179.8936, 1192.6681, -550.9994, -179.8936, 0, 0, 0
L 1192.6681, -550.9994, -179.8936, 1191.5329, -554.9868, -179.8936, 0, 0, 0
L 1183.54, -625.46, -179.8936, 1186.9781, -623.3061, -179.8936, 0, 0, 0
L 1186.9781, -623.3061, -179.8936, 1191.5281, -625.84, -179.8936, 0, 0, 0
L 1191.5281, -625.84, -179.8936, 1192.6683, -629.45, -179.8936, 0, 0, 0
L 1192.6683, -629.45, -179.8936, 1191.5301, -632.9859, -179.8936, 0, 0, 0
L 1191.5301, -632.9859, -179.8936, 1186.9822, -634.6946, -179.8936, 0, 0, 0
L 1183.99, -632.991, -179.8936, 1186.9822, -634.6946, -179.8936, 0, 0, 0
L 1183.99, -632.991, -179.8936, 1181.2988, -629.85, -179.8936, 0, 0, 0
L 1181.2988, -629.85, -179.8936, 1183.54, -625.46, -179.8936, 0, 0, 0
L 1179.1996, -625.5461, -179.8937, 1142.7295, -625.5194, -179.8746, 127, 127, 127
L 1142.7295, -625.5194, -179.8937, 1125.4553, -608.23, -179.8937, 127, 127, 127
L 1125.4553, -608.23, -179.8937, 1125.4681, -571.7768, -179.8873, 127, 127, 127
L 1125.4681, -571.7768, -179.8918, 1142.7543, -554.4673, -179.8937, 127, 127, 127
L 1142.7543, -554.4673, -179.8853, 1179.2357, -554.458, -179.8937, 127, 127, 127
L 1179.2357, -554.458, -179.8937, 1196.5223, -571.7566, -179.8937, 127, 127, 127
L 1196.5223, -571.7566, -179.8702, 1196.5236, -608.3413, -179.8718, 127, 127, 127
L 1196.5236, -608.3413, -179.8937, 1179.1996, -625.5461, -179.8937, 127, 127, 127
L 1146.56, -620.8206, -178.8937, 1176.9809, -620.775, -178.8923, 127, 127, 127
L 1176.9809, -620.775, -178.8923, 1192.5309, -605.2418, -178.8937, 127, 127, 127
L 1192.5309, -605.2418, -178.8841, 1192.5344, -574.7523, -178.8891, 127, 127, 127
L 1192.5344, -574.7523, -178.8937, 1176.1908, -559.4415, -178.8937, 127, 127, 127
L 1176.1908, -559.4415, -178.8937, 1145.7726, -559.4552, -178.8937, 127, 127, 127
L 1145.7726, -559.4552, -178.8937, 1130.4475, -574.7786, -178.8937, 127, 127, 127
L 1130.4475, -574.7786, -178.8937, 1130.4646, -605.2763, -178.8937, 127, 127, 127
L 1130.4646, -605.2763, -178.8937, 1146.56, -620.8206, -178.8937, 127, 127, 127
L 1134.45, -602.2186, -177.8937, 1148.7572, -616.5253, -177.8937, 127, 127, 127
L 1148.7572, -616.5253, -177.8786, 1173.2291, -616.5483, -177.8937, 127, 127, 127
L 1173.2291, -616.5483, -177.8937, 1187.574, -602.1992, -177.8937, 127, 127, 127
L 1187.574, -602.1992, -177.8937, 1187.5387, -577.7635, -177.8937, 127, 127, 127
L 1173.2174, -563.4533, -177.8937, 1187.5387, -577.7635, -177.8937, 127, 127, 127
L 1173.2174, -563.4533, -177.8937, 1148.7559, -563.4633, -177.8937, 127, 127, 127
L 1148.7559, -563.4633, -177.8937, 1134.4626, -577.7641, -177.8937, 127, 127, 127
L 1134.4626, -577.7641, -177.8937, 1134.45, -602.2186, -177.8937, 127, 127, 127
L 830.3554, -605.1405, -179.8937, 842.647, -605.144, -179.8937, 0, 0, 0
L 759.6449, -861.854, -179.8937, 759.6441, -870.8558, -179.8935, 0, 0, 0
L 760.6416, -870.8934, -178.8936, 760.683, -904.8556, -178.3936, 0, 0, 0
L 760.683, -904.8556, -178.3936, 775.1973, -904.8549, -178.3936, 0, 0, 0
L 775.1973, -904.8549, -177.3937, 819.6464, -934.1511, -177.3936, 0, 0, 0
L 819.6464, -934.1511, -176.8937, 819.6461, -950.293, -176.8937, 0, 0, 0
L 819.6461, -950.293, -176.8937, 848.19, -986.8555, -176.8937, 0, 0, 0
L 848.19, -986.8555, -176.8936, 881.857, -986.8564, -176.8936, 0, 0, 0
L 881.857, -986.8564, -176.8936, 907.8395, -950.3134, -176.8936, 0, 0, 0
L 907.8395, -950.3134, -176.8936, 907.8563, -934.1503, -177.3936, 0, 0, 0
L 907.8563, -934.1503, -177.3937, 952.3007, -904.8546, -177.3936, 0, 0, 0
L 952.3007, -904.8546, -178.3936, 966.855, -904.856, -178.3935, 0, 0, 0
L 966.855, -904.856, -178.3935, 966.8563, -871.6461, -178.8936, 0, 0, 0
L 962.8252, -862.5968, -178.8936, 966.8393, -871.5991, -178.8936, 0, 0, 0
L 962.8252, -862.5968, -178.8936, 966.8559, -843.4319, -178.9111, 0, 0, 0
L 966.8559, -843.4319, -178.9111, 966.8438, -815.1435, -179.3936, 0, 0, 0
L 966.8438, -815.1435, -179.3936, 937.8654, -815.1434, -179.3936, 0, 0, 0
L 937.8654, -815.1434, -179.3936, 915.9895, -843.9185, -179.3936, 0, 0, 0
L 943.3564, -834.1145, -178.7952, 953.5875, -834.118, -178.7988, 0, 0, 0
L 953.5875, -834.118, -178.7963, 953.5914, -823.8977, -178.8006, 0, 0, 0
L 953.5914, -823.8977, -178.796, 943.369, -823.8881, -178.8055, 0, 0, 0
L 943.369, -823.8881, -178.7961, 943.3564, -834.1145, -178.8136, 0, 0, 0
L 915.9895, -843.9185, -178.8936, 906.6434, -852.6924, -178.8936, 0, 0, 0
L 906.6434, -852.6924, -178.8936, 906.6439, -879.1354, -178.8937, 127, 127, 127
L 849.7555, -879.1443, -177.8442, 812.226, -843.9373, -178.8937, 65, 65, 65
L 812.226, -843.9373, -179.3937, 789.7016, -815.1663, -179.3937, 0, 0, 0
L 789.7016, -815.1663, -179.3937, 760.6439, -815.144, -179.3937, 0, 0, 0
L 760.6439, -815.144, -179.3937, 760.6449, -844.1088, -179.3937, 0, 0, 0
L 759.6435, -844.4502, -179.7134, 759.6431, -853.1425, -179.7145, 0, 0, 0
L 759.6431, -853.1425, -179.3937, 748.3554, -853.1513, -179.3937, 0, 0, 0
L 748.3553, -861.8614, -179.3937, 759.6449, -861.854, -179.3937, 0, 0, 0
L 878.2516, -879.145, -178.3937, 906.6731, -852.6278, -178.8937, 65, 65, 65
L 878.2516, -879.145, -178.3937, 849.7555, -879.1443, -178.3937, 65, 65, 65
L 821.3419, -852.6408, -178.8937, 821.3551, -879.158, -178.8937, 0, 0, 0
L 851.3088, -879.1444, -178.3937, 821.3551, -879.158, -178.3937, 127, 127, 127
L 876.5534, -879.1443, -178.3937, 906.6439, -879.1354, -178.3937, 127, 127, 127
L 915.8618, -844.865, -159.8937, 883.538, -849.1448, -159.8937, 0, 0, 0
L 883.538, -849.1448, -159.8937, 844.9462, -849.1453, -159.8937, 0, 0, 0
L 844.9462, -849.1453, -159.8937, 812.1434, -844.929, -159.8937, 0, 0, 0
L 906.6435, -862.181, -161.8935, 896.9006, -862.779, -161.8937, 127, 127, 127
L 906.6435, -864.374, -163.8937, 894.4447, -864.368, -163.8937, 127, 127, 127
L 892.2989, -866.389, -165.8936, 906.6435, -866.404, -165.8937, 127, 127, 127
L 906.6436, -868.398, -167.8936, 890.1527, -868.412, -167.8937, 127, 127, 127
L 887.9283, -870.1167, -169.8937, 906.6436, -870.77, -169.8937, 127, 127, 127
L 906.6436, -872.411, -171.8935, 885.8742, -872.33, -171.8937, 127, 127, 127
L 883.7349, -874.29, -173.8927, 906.6438, -874.448, -173.8937, 127, 127, 127
L 906.6438, -876.253, -175.8925, 881.5624, -876.56, -175.8937, 127, 127, 127
L 906.6438, -878.463, -177.8936, 879.4401, -878.362, -177.8937, 127, 127, 127
L 831.4202, -862.365, -161.8936, 821.3465, -862.567, -161.8937, 127, 127, 127
L 821.3476, -864.335, -163.8935, 833.5756, -864.475, -163.8937, 127, 127, 127
L 835.822, -866.1435, -165.8937, 821.3486, -866.14, -165.8937, 127, 127, 127
L 821.3496, -868.452, -167.8937, 837.855, -868.404, -167.8937, 127, 127, 127
L 840.55, -870.471, -169.8937, 821.3505, -870.325, -169.8937, 127, 127, 127
L 842.1331, -872.321, -171.8936, 821.3515, -872.488, -171.8937, 127, 127, 127
L 821.3527, -874.574, -173.8937, 844.2682, -874.244, -173.8937, 127, 127, 127
L 846.4211, -876.33, -175.8925, 821.3536, -876.368, -175.8937, 127, 127, 127
L 848.6236, -878.881, -177.8937, 821.3546, -878.258, -177.8937, 127, 127, 127
L 781.9799, -831.3151, -178.7986, 771.7572, -831.3147, -178.7992, 0, 0, 0
L 771.7572, -831.3147, -178.796, 771.7542, -821.965, -178.8007, 0, 0, 0
L 771.7542, -821.965, -178.8016, 781.976, -821.869, -178.8137, 0, 0, 0
L 781.976, -821.869, -178.8, 781.9799, -831.3151, -178.8077, 0, 0, 0
L 591.8592, -880.6426, -119.8937, 591.8486, -871.6436, -119.8937, 0, 0, 0
L 555.3188, -871.6431, -118.8936, 516.1008, -848.5175, -118.8937, 0, 0, 0
L 516.1008, -848.5175, -118.8937, 485.8541, -818.2699, -118.8937, 0, 0, 0
L 485.8555, -784.6441, -119.8937, 476.8537, -784.6422, -119.8937, 0, 0, 0
L 476.8546, -773.3546, -119.3937, 476.8537, -784.6422, -119.3937, 0, 0, 0
L 476.8546, -773.3546, -118.8937, 485.8553, -773.3556, -118.8937, 0, 0, 0
L 519.8547, -772.3556, -118.3937, 519.8522, -757.8103, -118.3937, 0, 0, 0
L 519.8522, -757.8103, -117.3937, 549.1543, -713.3538, -117.3937, 0, 0, 0
L 549.1543, -713.3538, -116.8937, 565.2318, -713.3555, -116.8937, 0, 0, 0
L 565.2318, -713.3555, -116.8937, 601.8096, -686.7056, -116.8937, 0, 0, 0
L 601.8096, -686.7056, -116.8937, 601.8296, -651.8084, -116.8937, 0, 0, 0
L 601.8296, -651.8084, -116.8937, 565.2649, -625.1434, -116.8937, 0, 0, 0
L 601.131, -662.797, -116.8937, 593.5211, -662.802, -116.8937, 0, 0, 0
L 601.8556, -671.253, -116.8937, 593.5226, -671.282, -116.8937, 0, 0, 0
L 593.5226, -671.282, -116.8937, 593.5211, -662.802, -116.8937, 0, 0, 0
L 565.2649, -625.1434, -116.8937, 549.157, -625.1464, -116.8937, 0, 0, 0
L 549.157, -625.1464, -117.3937, 519.8522, -580.6929, -117.3937, 0, 0, 0
L 519.8522, -580.6929, -118.3937, 519.8554, -566.1807, -118.3937, 0, 0, 0
L 519.8554, -566.1807, -118.3937, 485.8564, -566.14, -118.8937, 0, 0, 0
L 476.8557, -565.1441, -119.3937, 476.8519, -553.8544, -119.3937, 0, 0, 0
L 476.8519, -553.8544, -121.4185, 485.8564, -553.8558, -121.4167, 0, 0, 0
L 485.8564, -566.14, -121.4167, 485.8555, -429.8503, -164.837, 0, 0, 0
L 485.8557, -442.1444, -164.837, 476.8539, -442.1467, -164.8363, 0, 0, 0
L 476.8539, -442.1467, -165.846, 476.8528, -430.8543, -166.3936, 0, 0, 0
L 476.8528, -430.8543, -166.8937, 485.8557, -430.8557, -166.8936, 0, 0, 0
L 485.8555, -429.8503, -166.8937, 496.3557, -429.8555, -166.8936, 0, 0, 0
L 496.3557, -429.8555, -166.8936, 496.3548, -384.3509, -166.8936, 0, 0, 0
L 496.3548, -384.3509, -166.8936, 579.8555, -384.3557, -166.8936, 0, 0, 0
L 579.8555, -384.3557, -166.8936, 579.4808, -267.646, -166.8937, 0, 0, 0
L 579.4808, -267.646, -166.8937, 532.1439, -267.644, -166.8935, 0, 0, 0
L 532.1439, -267.644, -166.8935, 532.1445, -313.872, -166.8936, 0, 0, 0
L 532.1445, -313.872, -166.8936, 448.6446, -360.9345, -166.8936, 0, 0, 0
L 448.6446, -360.9345, -166.8936, 448.6442, -429.8557, -166.8936, 0, 0, 0
L 448.6442, -429.8557, -166.8936, 459.1442, -429.853, -166.8936, 0, 0, 0
L 459.3634, -430.855, -166.8936, 468.1431, -430.8514, -166.8936, 0, 0, 0
L 468.1431, -430.8514, -166.3936, 468.1487, -442.1283, -165.308, 0, 0, 0
L 468.1487, -442.1283, -164.8357, 459.1442, -442.175, -164.8266, 0, 0, 0
L 459.1442, -429.853, -164.8266, 459.1447, -566.1448, -121.4168, 0, 0, 0
L 459.1447, -553.8556, -121.4168, 468.1444, -553.8533, -121.4188, 0, 0, 0
L 468.1444, -553.8533, -119.3937, 468.1476, -565.1461, -119.3937, 0, 0, 0
L 468.1476, -565.1461, -118.8937, 459.1677, -565.1431, -118.8937, 0, 0, 0
L 485.8559, -565.144, -118.8936, 476.8557, -565.1441, -118.8937, 0, 0, 0
L 459.1447, -566.1448, -119.3937, 430.1562, -566.1439, -119.3937, 0, 0, 0
L 430.1562, -566.1439, -119.3937, 430.1822, -595.2115, -119.3937, 0, 0, 0
L 430.1822, -595.2115, -119.3937, 459.1469, -617.1747, -119.3937, 0, 0, 0
L 447.4746, -587.521, -119.3937, 438.5271, -587.526, -119.3937, 0, 0, 0
L 438.5271, -587.526, -119.3937, 438.5316, -578.1063, -119.3937, 0, 0, 0
L 438.5316, -578.1063, -119.3937, 447.4798, -578.1027, -119.3937, 0, 0, 0
L 447.4798, -578.1027, -119.3937, 447.4746, -587.521, -119.3937, 0, 0, 0
L 452.1757, -649.3612, -118.8936, 463.1444, -649.352, -118.8937, 0, 0, 0
L 463.1444, -649.352, -118.8937, 463.1467, -660.6439, -118.8983, 0, 0, 0
L 463.1467, -660.6439, -119.8937, 452.3888, -660.6453, -119.8937, 0, 0, 0
L 452.3888, -660.6453, -119.8937, 452.1757, -649.3612, -119.8937, 0, 0, 0
L 434.1861, -655.6441, -119.8937, 434.1295, -664.6434, -119.8937, 0, 0, 0
L 434.1295, -664.6434, -119.3937, 422.9089, -664.6453, -119.3937, 0, 0, 0
L 422.9089, -664.6453, -119.8937, 422.6807, -655.6449, -119.8937, 0, 0, 0
L 452.2943, -655.6455, -119.8937, 373.6447, -655.644, -119.8937, 0, 0, 0
L 373.6438, -649.3895, -119.8937, 373.6451, -660.6426, -119.8937, 0, 0, 0
L 373.6451, -660.6426, -119.3937, 362.8552, -660.6458, -119.3937, 0, 0, 0
L 362.8552, -660.6458, -119.8937, 362.8537, -649.3517, -119.8937, 0, 0, 0
L 364.1727, -649.3567, -119.8927, 343.2053, -621.6784, -119.8937, 0, 0, 0
L 343.2053, -621.6784, -119.8937, 298.8636, -621.6141, -119.8937, 0, 0, 0
L 319.6449, -641.6431, -119.8937, 319.644, -621.6444, -119.8937, 0, 0, 0
L 373.6438, -649.3895, -119.8937, 362.8537, -649.3517, -119.8937, 0, 0, 0
L 319.6431, -650.3535, -119.8937, 317.3546, -650.3555, -119.8937, 0, 0, 0
L 317.3546, -650.3555, -119.8937, 317.3552, -686.6434, -119.8937, 0, 0, 0
L 317.3552, -686.6434, -119.8937, 319.6639, -686.6461, -119.8937, 0, 0, 0
L 319.6431, -650.3535, -119.8937, 319.6639, -686.6461, -119.8937, 0, 0, 0
L 319.6449, -641.6431, -119.8937, 317.3541, -641.6455, -119.8937, 0, 0, 0
L 317.3541, -641.6455, -119.8937, 317.3559, -621.6453, -119.8937, 0, 0, 0
L 298.8636, -621.6141, -119.8977, 278.359, -652.8559, -119.8937, 0, 0, 0
L 266.8528, -652.8822, -119.8937, 279.1458, -652.8532, -119.8937, 0, 0, 0
L 279.1458, -652.8532, -119.8937, 279.1444, -664.1467, -119.8937, 0, 0, 0
L 279.1444, -664.1467, -119.3937, 267.853, -664.1443, -119.3937, 0, 0, 0
L 267.853, -664.1443, -119.8937, 267.8559, -652.8799, -119.8937, 0, 0, 0
L 266.8383, -644.6439, -119.8937, 266.8528, -652.8822, -119.8937, 0, 0, 0
L 266.8555, -692.3558, -119.8937, 266.8544, -684.1131, -119.8937, 0, 0, 0
L 267.8557, -684.1158, -119.8936, 267.8539, -672.8551, -119.8937, 0, 0, 0
L 267.8539, -672.8551, -119.3937, 279.1422, -672.8517, -119.3937, 0, 0, 0
L 279.1422, -672.8517, -119.8937, 279.1474, -684.1463, -119.8937, 0, 0, 0
L 266.8544, -684.1131, -119.8927, 279.1474, -684.1463, -119.8937, 0, 0, 0
L 278.423, -684.1435, -119.8937, 298.8439, -715.3563, -119.894, 0, 0, 0
L 298.8439, -715.3563, -119.8941, 343.1557, -715.355, -119.8936, 0, 0, 0
L 317.3559, -715.3558, -119.8936, 317.3552, -695.3563, -119.8937, 0, 0, 0
L 317.3552, -695.3563, -119.8937, 319.6388, -695.3541, -119.8937, 0, 0, 0
L 319.6388, -695.3541, -119.8937, 319.6832, -715.3554, -119.8937, 0, 0, 0
L 343.1557, -715.355, -119.8937, 363.4198, -688.6386, -119.8937, 0, 0, 0
L 362.8523, -688.6421, -119.8937, 362.8516, -677.3549, -119.8937, 0, 0, 0
L 362.8516, -677.3549, -119.3937, 373.6449, -677.3541, -119.8937, 0, 0, 0
L 373.6449, -677.3541, -119.8937, 373.6431, -688.5738, -119.8937, 0, 0, 0
L 373.644, -682.3556, -119.8937, 452.3557, -682.3555, -119.8936, 0, 0, 0
L 422.8559, -682.3556, -119.8936, 422.8528, -673.3547, -119.8937, 0, 0, 0
L 422.8528, -673.3547, -119.3937, 434.1442, -673.3537, -119.3937, 0, 0, 0
L 434.1442, -673.3537, -119.8937, 434.1458, -682.3555, -119.8937, 0, 0, 0
L 373.6431, -688.5738, -119.8936, 362.8523, -688.6421, -119.8937, 0, 0, 0
L 452.3586, -688.8708, -119.8937, 452.3534, -677.3529, -119.8937, 0, 0, 0
L 452.3534, -677.3529, -119.8937, 463.1453, -677.3559, -119.8937, 0, 0, 0
L 463.1453, -677.3559, -119.8937, 463.1487, -688.5599, -118.8937, 0, 0, 0
L 463.1487, -688.5599, -118.8937, 452.3586, -688.8708, -118.8937, 0, 0, 0
L 459.1442, -688.6753, -118.8937, 459.1462, -720.8388, -118.8937, 0, 0, 0
L 459.1462, -720.8388, -119.3937, 430.1759, -743.2911, -119.3937, 0, 0, 0
L 430.1759, -743.2911, -119.3937, 430.1451, -772.3556, -119.3937, 0, 0, 0
L 430.1451, -772.3556, -119.3937, 459.1462, -772.3554, -119.3937, 0, 0, 0
L 458.5649, -773.3559, -118.8936, 468.1424, -773.3537, -118.8937, 0, 0, 0
L 468.1424, -773.3537, -119.3937, 468.1478, -784.6436, -119.3937, 0, 0, 0
L 468.1478, -784.6436, -119.8937, 458.5812, -784.6441, -119.8937, 0, 0, 0
L 458.5812, -784.6441, -119.8937, 455.1759, -817.7273, -119.8937, 0, 0, 0
L 455.1759, -817.7273, -119.8937, 496.4261, -867.5034, -118.8937, 0, 0, 0
L 496.4261, -867.5034, -118.8937, 555.6503, -902.3374, -119.2185, 0, 0, 0
L 555.6503, -902.3374, -119.2185, 591.8555, -898.8686, -119.8937, 0, 0, 0
L 591.8555, -898.3708, -119.8937, 591.8546, -889.3564, -119.8937, 0, 0, 0
L 485.8541, -818.2699, -119.8937, 485.8564, -772.3544, -119.8937, 0, 0, 0
L 485.8564, -772.3544, -118.8937, 519.8558, -772.3558, -118.3936, 0, 0, 0
L 458.5799, -784.6554, -119.8937, 458.5649, -773.3559, -118.8937, 0, 0, 0
L 459.144, -773.3559, -118.8937, 459.1462, -772.3554, -118.8937, 0, 0, 0
L 447.4757, -750.6051, -119.3937, 447.4778, -759.5493, -119.3937, 0, 0, 0
L 447.4778, -759.5493, -119.3937, 438.5323, -759.5515, -119.3937, 0, 0, 0
L 438.5323, -759.5515, -119.3937, 438.5298, -750.6077, -119.3937, 0, 0, 0
L 438.5298, -750.6077, -119.3937, 447.4757, -750.6051, -119.3937, 0, 0, 0
L 459.1469, -617.1747, -118.8937, 459.1435, -649.3234, -118.8937, 0, 0, 0
L 266.8557, -644.644, -119.8936, 220.6199, -644.6448, -119.8937, 0, 0, 0
L 220.6199, -644.6448, -119.8937, 173.5699, -561.1444, -119.8937, 0, 0, 0
L 173.5699, -561.1444, -119.8937, 104.644, -561.1443, -119.8937, 0, 0, 0
L 104.644, -561.1443, -119.8937, 104.6445, -571.6192, -119.8937, 0, 0, 0
L 103.6537, -571.644, -119.8937, 103.6444, -580.648, -119.8937, 0, 0, 0
L 103.6444, -580.648, -119.3937, 92.3525, -580.6457, -119.3937, 0, 0, 0
L 92.3525, -580.6457, -119.8937, 92.3558, -571.6441, -119.8936, 0, 0, 0
L 104.6445, -571.6192, -119.8936, 91.3549, -571.6462, -119.8937, 0, 0, 0
L 91.3549, -571.6462, -119.8937, 91.3551, -514.8455, -119.8937, 0, 0, 0
L 104.6482, -514.9841, -119.8936, 91.3551, -514.8455, -119.8937, 0, 0, 0
L 92.356, -514.8559, -119.8937, 92.355, -505.857, -119.8937, 0, 0, 0
L 92.355, -505.857, -119.3937, 103.6453, -505.853, -119.3937, 0, 0, 0
L 103.6453, -505.853, -119.8937, 103.6441, -514.8559, -119.8936, 0, 0, 0
L 104.6482, -514.9841, -119.8937, 104.644, -540.8559, -119.8936, 0, 0, 0
L 104.644, -540.8559, -119.8936, 125.2955, -540.8559, -119.8937, 0, 0, 0
L 125.2955, -540.8559, -119.8937, 135.8314, -534.8544, -119.8937, 0, 0, 0
L 135.8314, -534.8544, -119.8937, 163.1573, -534.8538, -119.8937, 0, 0, 0
L 163.1573, -534.8538, -119.8937, 173.2218, -540.8558, -119.8937, 0, 0, 0
L 173.2218, -540.8558, -119.8937, 184.8559, -540.855, -119.8937, 0, 0, 0
L 184.8559, -540.855, -119.8937, 184.8558, -493.6442, -119.8936, 0, 0, 0
L 191.1415, -493.6417, -119.8936, 180.3542, -493.6458, -119.8937, 0, 0, 0
L 180.3533, -482.3537, -119.8937, 191.1459, -482.3509, -116.8937, 0, 0, 0
L 191.1415, -493.6417, -113.8937, 191.1459, -482.3509, -113.8937, 0, 0, 0
L 191.1416, -454.3609, -113.8932, 191.1461, -465.6442, -113.8937, 0, 0, 0
L 191.1461, -465.6442, -115.9154, 180.3532, -465.6465, -119.8937, 0, 0, 0
L 180.3532, -465.6465, -119.8937, 180.3593, -454.3494, -118.8936, 0, 0, 0
L 191.1416, -454.3609, -113.8937, 180.3593, -454.3494, -113.8937, 0, 0, 0
L 180.3542, -493.6458, -119.8937, 180.3533, -482.3537, -119.8937, 0, 0, 0
L 153.36, -454.358, -113.8936, 164.1467, -454.3539, -113.8937, 0, 0, 0
L 164.1467, -454.3539, -114.8937, 164.145, -465.6437, -119.8937, 0, 0, 0
L 164.145, -465.6437, -119.8937, 153.3523, -465.6481, -119.8937, 0, 0, 0
L 153.3523, -465.6481, -119.8937, 153.36, -454.358, -119.8937, 0, 0, 0
L 153.3557, -460.6444, -119.8937, 104.6444, -460.644, -119.8936, 0, 0, 0
L 104.6444, -460.644, -119.8936, 104.6444, -488.1435, -119.8937, 0, 0, 0
L 103.6461, -488.1435, -119.8937, 103.6449, -497.1462, -119.8937, 0, 0, 0
L 103.6449, -497.1462, -119.3937, 92.3541, -497.1471, -119.3937, 0, 0, 0
L 92.3541, -497.1471, -119.8937, 92.3559, -488.1437, -119.8936, 0, 0, 0
L 104.6444, -488.1435, -119.8936, 36.2453, -488.144, -119.8937, 0, 0, 0
L 36.2453, -488.144, -119.8937, 16.1467, -502.8204, -119.8936, 0, 0, 0
L 16.1467, -502.8204, -119.8937, 16.1422, -583.6761, -119.8936, 0, 0, 0
L 16.1422, -583.6761, -119.8937, 36.2468, -598.3556, -119.8937, 0, 0, 0
L 36.2468, -598.3556, -119.8937, 104.6465, -598.3555, -119.8937, 0, 0, 0
L 92.3555, -598.3556, -119.8937, 92.3554, -589.3549, -119.8937, 0, 0, 0
L 92.3554, -589.3549, -119.3937, 103.6484, -589.3537, -119.3937, 0, 0, 0
L 103.6484, -589.3537, -119.8937, 103.6439, -598.355, -119.8937, 0, 0, 0
L 104.6465, -598.3555, -119.8937, 104.6447, -608.8558, -119.8937, 0, 0, 0
L 104.6447, -608.8558, -119.8937, 150.8565, -608.8541, -119.8937, 0, 0, 0
L 150.8565, -608.8541, -119.8937, 202.8889, -692.3558, -119.8937, 0, 0, 0
L 202.8889, -692.3558, -119.8937, 266.8181, -692.3556, -119.8937, 0, 0, 0
L 159.1452, -454.3557, -113.8937, 159.141, -269.3519, -59.8937, 0, 0, 0
L 159.144, -396.6442, -59.8937, 168.1425, -396.6458, -59.8937, 0, 0, 0
L 168.1425, -396.6458, -59.3937, 168.1483, -385.3555, -59.3937, 0, 0, 0
L 168.1483, -385.3555, -59.8937, 159.1436, -385.3557, -59.8937, 0, 0, 0
L 159.1444, -281.6442, -119.8937, 168.1431, -281.6471, -119.8937, 0, 0, 0
L 168.1431, -281.6471, -119.3937, 168.1478, -270.3546, -119.3937, 0, 0, 0
L 176.8565, -270.351, -119.3937, 176.8537, -281.6476, -119.3937, 0, 0, 0
L 168.1478, -270.3546, -119.8937, 159.2213, -270.3552, -119.8937, 0, 0, 0
L 159.141, -269.3519, -119.8937, 126.7151, -269.3566, -119.8937, 0, 0, 0
L 126.7151, -269.3566, -119.8937, 91.1432, -247.1073, -119.8937, 0, 0, 0
L 91.1432, -247.1073, -119.8937, 91.2159, -85.3113, -119.8937, 0, 0, 0
L 91.2159, -85.3113, -119.8937, 126.6735, -63.1505, -119.8937, 0, 0, 0
L 126.6735, -63.1505, -119.8937, 158.3915, -63.1437, -119.8937, 0, 0, 0
L 158.3915, -63.1437, -119.8937, 172.5005, -67.1711, -119.8937, 0, 0, 0
L 172.5005, -67.1711, -119.8937, 186.6117, -63.1441, -119.8937, 0, 0, 0
L 186.6117, -63.1441, -119.8937, 206.399, -63.1445, -119.8937, 0, 0, 0
L 206.399, -63.1445, -119.8937, 220.5792, -96.1447, -119.8937, 0, 0, 0
L 220.5792, -96.1447, -119.8937, 240.103, -96.1431, -119.8937, 0, 0, 0
L 240.103, -96.1431, -119.8937, 257.8557, -125.7339, -119.8937, 0, 0, 0
L 257.8557, -125.7339, -119.8937, 257.8557, -251.2161, -119.8937, 0, 0, 0
L 257.8557, -251.2161, -119.8937, 243.1475, -269.3566, -119.8937, 0, 0, 0
L 243.1475, -269.3566, -119.8937, 185.8554, -269.3525, -119.8937, 0, 0, 0
L 185.855, -270.3559, -119.8937, 176.8565, -270.351, -119.8937, 0, 0, 0
L 176.8537, -281.6476, -119.8937, 185.8555, -281.6442, -119.8927, 0, 0, 0
L 185.8554, -269.3525, -119.8927, 185.8562, -454.3552, -59.8937, 0, 0, 0
L 185.8558, -385.3552, -59.8937, 176.854, -385.3528, -59.8937, 0, 0, 0
L 176.854, -385.3528, -59.3937, 176.8515, -396.6464, -59.3937, 0, 0, 0
L 176.8515, -396.6464, -59.8937, 185.8557, -396.644, -59.8937, 0, 0, 0
L 191.1437, -460.6442, -113.8931, 261.1446, -460.6865, -59.8937, 0, 0, 0
L 248.8562, -460.6791, -59.8937, 248.8503, -469.644, -59.8937, 0, 0, 0
L 248.8503, -469.644, -59.3937, 260.1447, -469.6467, -59.3937, 0, 0, 0
L 260.1453, -478.3568, -59.3937, 248.8548, -478.3528, -59.3937, 0, 0, 0
L 260.1447, -469.6467, -59.8937, 260.1442, -460.644, -59.8937, 0, 0, 0
L 261.1446, -460.6865, -59.8937, 261.1442, -433.1444, -59.8937, 0, 0, 0
L 261.1442, -433.1444, -59.8937, 309.8559, -433.1446, -59.8937, 0, 0, 0
L 309.8595, -426.8573, -59.8937, 309.853, -438.1438, -59.8937, 0, 0, 0
L 309.853, -438.1438, -59.8937, 320.6458, -438.1456, -59.8937, 0, 0, 0
L 320.6458, -438.1456, -59.8937, 320.6419, -426.8546, -57.8937, 0, 0, 0
L 336.8566, -426.8532, -55.8937, 336.8537, -431.536, -57.898, 0, 0, 0
L 320.6419, -426.8546, -53.8937, 309.8595, -426.8573, -53.8937, 0, 0, 0
L 315.6449, -426.8559, -53.8937, 315.6422, -308.6449, 0.1062, 0, 0, 0
L 315.6435, -369.144, 0.1062, 324.6449, -369.1435, 0.1062, 0, 0, 0
L 324.6449, -369.1435, 0.6062, 324.6455, -357.8539, 0.6062, 0, 0, 0
L 324.6455, -357.8539, 0.1062, 315.6444, -357.8557, 0.1062, 0, 0, 0
L 309.3734, -308.6446, 0.1062, 320.6444, -308.6451, 0.1062, 0, 0, 0
L 320.6453, -297.8544, 0.6062, 320.6444, -308.6451, 0.1062, 0, 0, 0
L 320.6453, -297.8544, 0.1062, 309.3534, -297.8537, 0.1062, 0, 0, 0
L 309.3561, -299.3254, 0.1062, 282.6437, -283.115, 0.1062, 0, 0, 0
L 309.3734, -308.6446, 0.1062, 309.3534, -297.8537, 0.1062, 0, 0, 0
L 282.7114, -283.1788, 0.1062, 282.5033, -238.9842, 0.1062, 0, 0, 0
L 282.6444, -268.9562, 0.1062, 285.8546, -267.5475, 0.1062, 0, 0, 0
L 285.8546, -267.5475, 0.1062, 287.6738, -263.565, 0.1062, 0, 0, 0
L 287.6738, -263.565, 0.1062, 286.871, -259.2271, 0.1062, 0, 0, 0
L 286.871, -259.2271, 0.1062, 282.6444, -257.9846, 0.1062, 0, 0, 0
L 282.5033, -238.9842, 0.1062, 286.97, -237.5037, 0.1062, 0, 0, 0
L 286.97, -237.5037, 0.1062, 287.5706, -233.8091, 0.1062, 0, 0, 0
L 287.5706, -233.8091, 0.1062, 286.362, -229.85, 0.1062, 0, 0, 0
L 286.362, -229.85, 0.1062, 282.3512, -227.9285, 0.1062, 0, 0, 0
L 282.3512, -227.9285, 0.1062, 278.4069, -228.8565, 0.1062, 0, 0, 0
L 278.4069, -228.8565, 0.1062, 271.6455, -228.8563, 0.1062, 0, 0, 0
L 271.6455, -228.8563, 0.1062, 271.6438, -208.144, 0.1062, 0, 0, 0
L 271.6438, -208.144, 0.1062, 279.5203, -208.1468, 0.1062, 0, 0, 0
L 274.5285, -213.9747, 0.1062, 283.4746, -213.972, 0.1062, 0, 0, 0
L 283.4746, -213.972, 0.1062, 283.4796, -222.9202, 0.1062, 0, 0, 0
L 283.4796, -222.9202, 0.1062, 274.5321, -222.921, 0.1062, 0, 0, 0
L 274.5321, -222.921, 0.1062, 274.5285, -213.9747, 0.1062, 0, 0, 0
L 282.6417, -197.9875, 0.1062, 286.1127, -199.2992, 0.1062, 0, 0, 0
L 286.1127, -199.2992, 0.1062, 287.7608, -203.6882, 0.1062, 0, 0, 0
L 287.7608, -203.6882, 0.1062, 285.8765, -207.7512, 0.1062, 0, 0, 0
L 285.8765, -207.7512, 0.1062, 281.7628, -209.998, 0.1062, 0, 0, 0
L 281.7628, -209.998, 0.1062, 279.5203, -208.1468, 0.1062, 0, 0, 0
L 282.6825, -178.9087, 0.1062, 285.8736, -177.5478, 0.1062, 0, 0, 0
L 285.8736, -177.5478, 0.1062, 287.6139, -173.7036, 0.1062, 0, 0, 0
L 287.6139, -173.7036, 0.1062, 286.52, -168.9932, 0.1062, 0, 0, 0
L 282.6438, -153.8899, 0.1062, 282.6417, -197.9875, 0.1062, 0, 0, 0
L 286.52, -168.9932, 0.1062, 282.6435, -167.9893, 0.1062, 0, 0, 0
L 282.6852, -153.8382, 0.1062, 309.3562, -137.6838, 0.1063, 0, 0, 0
L 309.3698, -128.3589, 0.1063, 309.3541, -139.1436, 0.1062, 0, 0, 0
L 309.3541, -139.1436, 0.1062, 320.646, -139.1459, 0.1062, 0, 0, 0
L 320.646, -139.1459, 0.6062, 320.6498, -128.3537, 0.1062, 0, 0, 0
L 320.6498, -128.3537, 0.1062, 309.3698, -128.3589, 0.1062, 0, 0, 0
L 315.644, -128.3559, 0.1062, 315.644, -79.144, 0.1062, 0, 0, 0
L 313.3611, -79.1436, 0.1062, 324.6442, -79.1457, 0.1062, 0, 0, 0
L 324.6442, -79.1457, 0.6062, 324.649, -67.8546, 0.6062, 0, 0, 0
L 333.3562, -67.8525, 0.6062, 333.3528, -79.1449, 0.6062, 0, 0, 0
L 333.3528, -79.1449, 0.1062, 344.6429, -79.144, 0.1062, 0, 0, 0
L 342.3562, -79.144, 0.1062, 342.3557, -128.3558, 0.1062, 0, 0, 0
L 348.6247, -128.3594, 0.1062, 337.355, -128.3531, 0.1062, 0, 0, 0
L 337.355, -128.3531, 0.1062, 337.3539, -139.1451, 0.6062, 0, 0, 0
L 337.3539, -139.1451, 0.1062, 348.6467, -139.1458, 0.1062, 0, 0, 0
L 348.6467, -139.1458, 0.1062, 348.6247, -128.3594, 0.1062, 0, 0, 0
L 348.6437, -137.6732, 0.1062, 375.3186, -153.8401, 0.1062, 0, 0, 0
L 375.3186, -153.8401, 0.1062, 375.4352, -198.424, 0.1062, 0, 0, 0
L 375.3561, -168.433, 0.1062, 372.1134, -169.3548, 0.1062, 0, 0, 0
L 372.1134, -169.3548, 0.1062, 370.2826, -173.5475, 0.1062, 0, 0, 0
L 370.2826, -173.5475, 0.1062, 371.8512, -177.605, 0.1062, 0, 0, 0
L 371.8512, -177.605, 0.1062, 375.3559, -179.58, 0.1062, 0, 0, 0
L 375.4352, -198.424, 0.1062, 372.2124, -199.4162, 0.1062, 0, 0, 0
L 372.2124, -199.4162, 0.1062, 370.3679, -203.3337, 0.1062, 0, 0, 0
L 370.3679, -203.3337, 0.1062, 371.8505, -207.6014, 0.1062, 0, 0, 0
L 371.8505, -207.6014, 0.1062, 375.7631, -209.1042, 0.1062, 0, 0, 0
L 375.7631, -209.1042, 0.1062, 379.6073, -208.1434, 0.1062, 0, 0, 0
L 379.6073, -208.1434, 0.1062, 386.3559, -208.1441, 0.1062, 0, 0, 0
L 386.3559, -208.1441, 0.1062, 386.3552, -228.7814, 0.1062, 0, 0, 0
L 386.3552, -228.7814, 0.1062, 378.5086, -228.8565, 0.1062, 0, 0, 0
L 378.5086, -228.8565, 0.1062, 376.894, -227.8352, 0.1062, 0, 0, 0
L 376.894, -227.8352, 0.1062, 372.756, -229.477, 0.1062, 0, 0, 0
L 372.756, -229.477, 0.1062, 370.4261, -233.1884, 0.1062, 0, 0, 0
L 370.4261, -233.1884, 0.1062, 371.8591, -237.6252, 0.1062, 0, 0, 0
L 371.8591, -237.6252, 0.1062, 375.3552, -239.311, 0.1062, 0, 0, 0
L 373.7744, -222.65, 0.1062, 373.771, -213.7005, 0.1062, 0, 0, 0
L 373.771, -213.7005, 0.1062, 382.7189, -213.6975, 0.1062, 0, 0, 0
L 382.7189, -213.6975, 0.1062, 382.7201, -222.641, 0.1062, 0, 0, 0
L 382.7201, -222.641, 0.1062, 373.7744, -222.65, 0.1062, 0, 0, 0
L 375.3215, -238.9738, 0.1062, 375.3999, -283.1111, 0.1062, 0, 0, 0
L 375.3553, -258.328, 0.1062, 372.2678, -259.398, 0.1062, 0, 0, 0
L 372.2678, -259.398, 0.1062, 370.2715, -263.3992, 0.1062, 0, 0, 0
L 370.2715, -263.3992, 0.1062, 371.9986, -268.47, 0.1062, 0, 0, 0
L 371.9986, -268.47, 0.1062, 375.3349, -268.9787, 0.1062, 0, 0, 0
L 375.3999, -283.1111, 0.1062, 348.6437, -299.3133, 0.1062, 0, 0, 0
L 348.6345, -308.6447, 0.1062, 348.6451, -297.8555, 0.1062, 0, 0, 0
L 348.6451, -297.8555, 0.1062, 337.3557, -297.8534, 0.1062, 0, 0, 0
L 328.9977, -264.3163, 0.6062, 346.588, -250.8667, 0.6062, 0, 0, 0
L 346.588, -250.8667, 0.6062, 353.663, -218.518, 0.6062, 0, 0, 0
L 353.663, -218.518, 0.6062, 346.5788, -186.1287, 0.6062, 0, 0, 0
L 346.5788, -186.1287, 0.6062, 329.45, -172.6758, 0.6062, 0, 0, 0
L 329.45, -172.6758, 0.6062, 311.418, -186.1256, 0.6062, 0, 0, 0
L 311.418, -186.1256, 0.6062, 304.338, -218.4975, 0.6062, 0, 0, 0
L 304.338, -218.4975, 0.6062, 311.4171, -250.8648, 0.6062, 0, 0, 0
L 311.4171, -250.8648, 0.6062, 328.9977, -264.3163, 0.6062, 0, 0, 0
L 337.3557, -297.8534, 0.6062, 337.353, -308.6444, 0.1062, 0, 0, 0
L 337.353, -308.6444, 0.1062, 348.6345, -308.6447, 0.1062, 0, 0, 0
L 342.3559, -308.6446, 0.1062, 342.3562, -426.8557, 0.1062, 0, 0, 0
L 342.3561, -357.855, 0.1062, 333.3568, -357.8527, 0.1062, 0, 0, 0
L 333.3568, -357.8527, 0.6062, 333.3525, -369.1469, 0.6062, 0, 0, 0
L 333.3525, -369.1469, 0.1062, 342.3562, -369.1442, 0.1062, 0, 0, 0
L 342.3562, -426.8557, -53.8937, 336.8566, -426.8532, -53.8937, 0, 0, 0
L 336.8548, -429.8231, -56.8937, 336.8111, -436.348, -59.8937, 0, 0, 0
L 336.8111, -436.348, -59.8937, 335.8523, -437.2146, -59.8937, 0, 0, 0
L 335.8523, -437.2146, -59.8937, 335.8534, -465.6714, -59.8937, 0, 0, 0
L 335.8534, -465.6714, -59.8937, 341.3564, -475.192, -59.8937, 0, 0, 0
L 341.3564, -475.192, -59.8937, 341.3557, -513.3556, -59.8937, 0, 0, 0
L 341.3557, -513.3556, -59.8937, 314.3543, -513.3549, -59.8937, 0, 0, 0
L 314.3546, -514.3559, -59.8937, 314.3543, -513.3549, -59.8937, 0, 0, 0
L 314.3557, -514.3558, -59.8937, 287.6442, -514.3559, -59.8937, 0, 0, 0
L 287.6442, -514.3559, -59.8937, 287.6451, -513.3554, -59.8937, 0, 0, 0
L 287.6451, -513.3554, -59.8937, 261.1438, -513.3559, -59.8937, 0, 0, 0
L 261.1438, -513.3559, -59.8937, 261.1442, -487.355, -59.8937, 0, 0, 0
L 260.144, -487.3561, -59.8937, 260.1453, -478.3568, -59.8937, 0, 0, 0
L 248.8548, -478.3528, -59.8937, 248.8558, -487.3552, -59.8937, 0, 0, 0
L 261.1442, -487.355, -59.8937, 191.1435, -487.3559, -113.7135, 0, 0, 0
L 333.3562, -67.8525, 0.1062, 344.646, -67.8542, 0.1062, 0, 0, 0
L 344.646, -67.8542, 0.1062, 344.6429, -79.144, 0.1062, 0, 0, 0
L 344.6447, -72.3559, 0.1062, 375.8548, -72.3559, 0.1062, 0, 0, 0
L 345.1462, -34.1437, 0.1062, 345.1442, -12.6443, 0.1062, 0, 0, 0
L 375.8557, -12.6401, 0.1062, 375.8557, -72.3559, 0.1062, 0, 0, 0
L 345.6442, -47.8584, 0.1062, 345.6449, -50.1477, 0.1062, 0, 0, 0
L 345.6449, -50.1477, 0.1062, 282.1501, -50.1443, 0.1062, 0, 0, 0
L 282.1419, -72.3562, 0.1062, 313.3559, -72.3551, 0.1062, 0, 0, 0
L 313.3611, -79.1436, 0.1062, 313.3523, -67.8555, 0.1062, 0, 0, 0
L 313.3523, -67.8555, 0.1062, 324.649, -67.8546, 0.1062, 0, 0, 0
L 345.1462, -34.1437, 0.1062, 342.8566, -34.1452, 0.1062, 0, 0, 0
L 375.8557, -12.6401, 0.1062, 305.3564, -12.6479, 0.1062, 0, 0, 0
L 305.3564, -12.6479, 0.1062, 305.3535, -10.3519, 0.1062, 0, 0, 0
L 305.3535, -10.3519, 0.1062, 342.8557, -10.3557, 0.1062, 0, 0, 0
L 342.8566, -34.1452, 0.1062, 342.8548, 10.8561, 0.1062, 0, 0, 0
L 342.8548, 10.8561, 0.1062, 320.3525, 10.8536, 0.1062, 0, 0, 0
L 320.3525, 10.8536, 0.1062, 320.3557, 27.3553, 0.1062, 0, 0, 0
L 320.3557, 27.3553, 0.1062, 266.3557, 27.3556, 0.1062, 0, 0, 0
L 268.644, 27.3556, 0.1062, 268.6444, -10.1458, 0.1062, 0, 0, 0
L 268.6444, -10.1458, 0.1062, 244.856, -10.1471, 0.1062, 0, 0, 0
L 244.856, -10.1471, 0.1062, 244.854, -7.8514, 0.1062, 0, 0, 0
L 244.854, -7.8514, 0.1062, 266.3557, -7.8548, 0.1062, 0, 0, 0
L 266.3557, -7.8548, 0.1062, 266.3557, 45.3554, 0.1062, 0, 0, 0
L 266.3557, 45.3554, 0.1062, 215.6442, 45.356, 0.1062, 0, 0, 0
L 220.6422, 19.1458, 0.1062, 209.7819, 19.142, 0.1062, 0, 0, 0
L 215.644, 19.1441, 0.1062, 215.6436, 45.3558, 0.1062, 0, 0, 0
L 220.6422, 19.1458, 0.1062, 220.6467, 7.8548, 0.1062, 0, 0, 0
L 220.6467, 7.8548, 0.6062, 209.8617, 7.8526, 0.1062, 0, 0, 0
L 209.8617, 7.8526, 0.1062, 209.7819, 19.142, 0.1062, 0, 0, 0
L 209.8264, 12.8556, 0.1062, 160.6451, 12.8559, 0.1062, 0, 0, 0
L 160.6434, 15.782, 0.1062, 160.6466, 3.8554, 0.1062, 0, 0, 0
L 160.6466, 3.8554, 0.6062, 149.354, 3.8513, 0.6062, 0, 0, 0
L 149.354, 3.8513, 0.1062, 149.3522, 15.1509, 0.1062, 0, 0, 0
L 160.6434, 15.782, 0.1062, 149.3522, 15.1509, 0.1062, 0, 0, 0
L 150.4576, 15.1437, 0.1062, 129.6716, 46.3323, 0.1062, 0, 0, 0
L 129.6716, 46.3323, 0.1062, 85.2561, 46.2708, 0.1062, 0, 0, 0
L 111.144, 46.3068, 0.1062, 111.1475, 26.3527, 0.1062, 0, 0, 0
L 111.1475, 26.3527, 0.1062, 108.8538, 26.3592, 0.1062, 0, 0, 0
L 108.8538, 26.3592, 0.1062, 108.8558, 46.3288, 0.1062, 0, 0, 0
L 85.2561, 46.2708, 0.1062, 65.845, 19.6356, 0.1, 0, 0, 0
L 65.644, 19.6387, 0.1062, 65.6456, 8.3551, 0.1062, 0, 0, 0
L 65.6456, 8.3551, 0.6062, 54.8539, 8.3507, 0.6062, 0, 0, 0
L 54.8539, 8.3507, 0.1062, 54.8588, 19.6398, 0.1062, 0, 0, 0
L 54.856, 13.3558, 0.1062, -99.3559, 13.3488, 0.1062, 0, 0, 0
L 54.8588, 19.6398, 0.1062, 65.644, 19.6387, 0.1062, 0, 0, 0
L -54.8325, -13.3499, 0.1062, 54.7984, -13.3554, 0.1062, 0, 0, 0
L 54.6616, -19.6571, 0.1062, 54.9069, -8.3562, 0.1062, 0, 0, 0
L 54.9069, -8.3562, 0.1062, 65.6471, -8.3538, 0.6062, 0, 0, 0
L 65.6471, -8.3538, 0.1062, 65.6467, -19.6418, 0.1062, 0, 0, 0
L 65.6467, -19.6418, 0.1062, 54.6616, -19.6571, 0.1062, 0, 0, 0
L 64.3278, -19.6436, 0.1062, 85.3846, -47.3552, 0.1062, 0, 0, 0
L 85.3846, -47.3552, 0.1062, 129.6551, -47.3556, 0.1062, 0, 0, 0
L 108.8558, -47.3554, 0.1062, 108.8526, -27.3562, 0.1062, 0, 0, 0
L 108.8526, -27.3562, 0.1062, 111.147, -27.3548, 0.1062, 0, 0, 0
L 111.147, -27.3548, 0.1062, 111.1441, -47.3175, 0.1062, 0, 0, 0
L 129.6551, -47.3556, 0.1062, 150.4573, -16.1439, 0.1062, 0, 0, 0
L 160.6716, -16.1224, 0.1062, 149.3558, -16.1463, 0.1062, 0, 0, 0
L 149.3558, -16.1463, 0.1062, 149.3538, -4.8559, 0.1062, 0, 0, 0
L 149.3538, -4.8559, 0.6062, 160.6398, -4.8505, 0.6062, 0, 0, 0
L 160.6398, -4.8505, 0.1062, 160.6716, -16.1224, 0.1062, 0, 0, 0
L 160.6651, -13.8556, 0.1062, 209.8557, -13.8559, 0.1062, 0, 0, 0
L 209.858, -20.1456, 0.1062, 209.854, -8.8566, 0.1062, 0, 0, 0
L 209.854, -8.8566, 0.1062, 220.6432, -8.8536, 0.6062, 0, 0, 0
L 220.6432, -8.8536, 0.1062, 220.6487, -20.1429, 0.1062, 0, 0, 0
L 220.6487, -20.1429, 0.1062, 209.858, -20.1456, 0.1062, 0, 0, 0
L 215.6443, -20.1441, 0.1062, 215.6434, -47.8541, 0.1062, 0, 0, 0
L 215.6434, -47.8541, 0.1062, 345.6442, -47.8584, 0.1062, 0, 0, 0
L 279.8557, -47.8562, 0.1062, 279.8546, -10.3551, 0.1062, 0, 0, 0
L 279.8546, -10.3551, 0.1062, 282.149, -10.3552, 0.1062, 0, 0, 0
L 282.149, -10.3552, 0.1062, 282.1419, -72.3562, 0.1062, 0, 0, 0
L 5.6441, -13.3559, 0.1062, 5.646, -4.3541, 0.1062, 0, 0, 0
L 5.646, -4.3541, 0.6062, -5.6467, -4.3555, 0.6062, 0, 0, 0
L -5.6467, -4.3555, 0.1062, -5.644, -13.3559, 0.1062, 0, 0, 0
L -54.7531, -19.6416, 0.1062, -54.8954, -8.3583, 0.1062, 0, 0, 0
L -54.8954, -8.3583, 0.1062, -65.645, -8.3327, 0.6064, 0, 0, 0
L -65.645, -8.3327, 0.1062, -65.6458, -19.6463, 0.1062, 0, 0, 0
L -65.6458, -19.6463, 0.1062, -54.7531, -19.6416, 0.1062, 0, 0, 0
L -60.6439, -19.6441, 0.1062, -60.6441, -41.3556, 0.1062, 0, 0, 0
L -60.6441, -41.3556, 0.1062, -226.3557, -41.3549, 20.1061, 0, 0, 0
L -226.3557, -41.3549, 20.1061, -226.2864, 234.8557, 0.1062, 0, 0, 0
L -226.3166, 114.356, 0.1062, -221.3565, 114.3516, 0.1062, 0, 0, 0
L -221.3565, 114.3516, 0.6062, -221.3523, 125.1448, 0.1062, 0, 0, 0
L -221.3523, 125.1448, 0.1062, -226.3557, 125.1448, 0.1062, 0, 0, 0
L -226.3557, 174.3557, 0.1062, -217.3562, 174.3528, 0.1062, 0, 0, 0
L -217.3562, 174.3528, 0.6062, -217.3521, 185.6459, 0.6062, 0, 0, 0
L -217.3521, 185.6459, 0.1062, -226.3546, 185.6436, 0.1062, 0, 0, 0
L -232.6426, 234.86, 0.1062, -221.3567, 234.8524, 0.1062, 0, 0, 0
L -221.3567, 234.8524, 0.1062, -221.3528, 245.6441, 0.6062, 0, 0, 0
L -221.3528, 245.6441, 0.1062, -232.6453, 245.6454, 0.1062, 0, 0, 0
L -232.6453, 245.6454, 0.1062, -232.6426, 234.86, 0.1062, 0, 0, 0
L -232.644, 240.6445, 0.1062, -259.3466, 240.644, 0.1062, 0, 0, 0
L -259.3466, 240.644, 0.1062, -259.3552, 333.8557, 0.1062, 0, 0, 0
L -259.3552, 333.8557, 0.1062, -228.1442, 333.8247, 0.1062, 0, 0, 0
L -228.1426, 340.6444, 0.1062, -228.1452, 329.3559, 0.1062, 0, 0, 0
L -228.1452, 329.3559, 0.1062, -216.8559, 329.353, 0.1062, 0, 0, 0
L -216.8559, 329.353, 0.6062, -216.854, 340.6449, 1.913, 0, 0, 0
L -216.854, 340.6449, 2.1629, -228.1426, 340.6444, 2.1627, 0, 0, 0
L -225.8559, 340.6444, 2.1627, -225.8557, 579.644, 45.5743, 0, 0, 0
L -225.8558, 452.3557, 45.5743, -216.855, 452.3514, 45.5724, 0, 0, 0
L -216.855, 452.3514, 47.606, -216.852, 463.6485, 47.606, 0, 0, 0
L -216.852, 463.6485, 47.106, -225.8559, 463.6442, 47.106, 0, 0, 0
L -225.8557, 567.3556, -12.8938, -216.8556, 567.3518, -12.8938, 0, 0, 0
L -216.8556, 567.3518, -12.3938, -216.8526, 578.6448, -12.3938, 0, 0, 0
L -216.8526, 578.6448, -12.8938, -225.8558, 578.6439, -12.8938, 0, 0, 0
L -297.254, 579.6432, -12.8938, -225.8557, 579.644, -12.8938, 0, 0, 0
L -297.2885, 579.6574, -12.8938, -315.3152, 594.2744, -12.8938, 0, 0, 0
L -315.3152, 594.2744, -12.8938, -315.3571, 651.6436, -12.8938, 0, 0, 0
L -316.3557, 651.644, -12.8938, -316.3519, 660.6453, -12.8938, 0, 0, 0
L -316.3548, 669.3556, -12.8938, -316.3557, 678.3558, -12.8938, 0, 0, 0
L -315.3668, 678.355, -12.8938, -315.2733, 710.9448, -12.8938, 0, 0, 0
L -315.2733, 710.9448, -12.8938, -293.1161, 746.3555, -12.8938, 0, 0, 0
L -293.1161, 746.3555, -12.8938, -266.644, 746.3556, -11.8938, 0, 0, 0
L -266.644, 746.3556, -11.8938, -266.6449, 637.3528, -11.8938, 0, 0, 0
L -266.6449, 637.3528, -11.8938, -156.3545, 637.3545, -11.8938, 0, 0, 0
L -156.3545, 637.3545, -11.8938, -156.3555, 746.3559, -11.8938, 0, 0, 0
L -156.3554, 746.3556, -11.8938, -131.3437, 746.3359, -12.8938, 0, 0, 0
L -131.3437, 746.3359, -12.8938, -109.1611, 710.8423, -12.8938, 0, 0, 0
L -109.1611, 710.8423, -12.8938, -109.183, 678.9542, -12.8938, 0, 0, 0
L -109.183, 678.9542, -12.8938, -113.1534, 665.732, -12.8938, 0, 0, 0
L -113.1534, 665.732, -12.8938, -109.1453, 650.7251, -12.8938, 0, 0, 0
L -109.1453, 650.7251, -12.8938, -109.2048, 631.3931, -12.8938, 0, 0, 0
L -109.2048, 631.3931, -12.8938, -142.1178, 616.9346, -12.8938, 0, 0, 0
L -142.1178, 616.9346, -12.8938, -142.2101, 597.3237, -12.8938, 0, 0, 0
L -142.2101, 597.3237, -12.8938, -171.6374, 579.6675, -12.8938, 0, 0, 0
L -171.6374, 579.6675, -12.8938, -199.1442, 579.6427, -12.8938, 0, 0, 0
L -199.1437, 578.6441, -12.8938, -208.1459, 578.6453, -12.8938, 0, 0, 0
L -208.1459, 578.6453, -12.3938, -208.147, 567.3784, -12.3938, 0, 0, 0
L -208.147, 567.3784, -12.8938, -199.1442, 567.3352, -12.8938, 0, 0, 0
L -199.1442, 579.6427, -12.8938, -199.1442, 340.6442, 47.106, 0, 0, 0
L -199.1442, 463.6564, 47.106, -208.1448, 463.6447, 47.106, 0, 0, 0
L -208.1448, 463.6447, 47.606, -208.146, 452.3532, 47.606, 0, 0, 0
L -208.146, 452.3532, 45.5735, -199.1437, 452.3557, 45.5739, 0, 0, 0
L -196.8597, 340.6431, 2.1631, -208.1435, 340.6476, 2.1636, 0, 0, 0
L -208.1435, 340.6476, 0.6241, -208.1458, 329.3557, 0.6062, 0, 0, 0
L -208.1458, 329.3557, 0.1062, -196.8532, 329.3535, 0.1062, 0, 0, 0
L -196.8532, 329.3535, 0.1062, -196.8597, 340.6431, 0.1062, 0, 0, 0
L -196.8557, 333.8559, 0.1062, -165.6442, 333.7998, 0.1062, 0, 0, 0
L -165.6442, 333.7998, 0.1062, -165.644, 240.6449, 0.1062, 0, 0, 0
L -165.644, 240.6449, 0.1062, -193.3559, 240.6439, 0.1062, 0, 0, 0
L -193.3592, 234.8616, 0.1062, -193.3531, 245.6449, 0.1062, 0, 0, 0
L -193.3531, 245.6449, 0.1062, -204.6428, 245.6473, 0.1062, 0, 0, 0
L -204.6428, 245.6473, 0.6062, -204.6471, 234.8523, 0.1062, 0, 0, 0
L -204.6471, 234.8523, 0.1062, -193.3592, 234.8616, 0.1062, 0, 0, 0
L -199.6469, 234.8565, 0.1062, -199.6408, 125.1435, 0.1062, 0, 0, 0
L -199.6442, 185.6443, 0.1062, -208.6444, 185.6465, 0.1062, 0, 0, 0
L -208.6444, 185.6465, 0.6062, -208.6466, 174.3563, 0.6062, 0, 0, 0
L -208.6466, 174.3563, 0.1062, -199.644, 174.355, 0.1062, 0, 0, 0
L -193.3559, 125.1393, 0.1062, -204.644, 125.1467, 0.1062, 0, 0, 0
L -204.644, 125.1467, 0.1062, -204.6483, 114.3555, 0.6062, 0, 0, 0
L -204.6483, 114.3555, 0.1062, -193.3543, 114.3539, 0.1062, 0, 0, 0
L -193.3543, 114.3539, 0.1062, -193.3559, 125.1393, 0.1062, 0, 0, 0
L -193.3551, 119.2776, 0.1062, -157.586, 119.3615, 2.1061, 0, 0, 0
L -157.586, 119.3615, 5.1062, -146.9784, 143.106, 8.1058, 0, 0, 0
L -146.9784, 143.106, 8.1058, -97.571, 162.2883, 11.945, 0, 0, 0
L -97.571, 162.2883, 11.945, -48.4881, 142.9788, 14.1043, 0, 0, 0
L -48.4881, 142.9788, 14.1043, -29.2049, 92.963, 17.1051, 0, 0, 0
L -29.2049, 92.963, 17.1051, -48.5332, 42.9665, 20.1062, 0, 0, 0
L -48.5332, 42.9665, 20.1062, -89.1543, 24.6444, 20.1062, 0, 0, 0
L -89.105, 24.6591, 20.1062, -126.6466, 24.6448, 20.1062, 0, 0, 0
L -126.6466, 24.6448, 20.1062, -126.6461, -14.6465, 20.1062, 0, 0, 0
L -126.6461, -14.6465, 19.1062, -87.4291, -14.646, 7.1062, 0, 0, 0
L -99.3555, -14.6462, 0.1062, -99.3559, 13.3488, 0.1062, 0, 0, 0
L -65.6444, 13.3558, 0.1062, -65.6457, 8.3544, 0.1062, 0, 0, 0
L -65.6457, 8.3544, 0.6062, -54.8547, 8.3545, 0.1062, 0, 0, 0
L -54.8547, 8.3545, 0.1062, -54.8558, 13.356, 0.1062, 0, 0, 0
L -5.6439, 13.3469, 0.1062, -5.6466, 4.3547, 0.1062, 0, 0, 0
L -5.6466, 4.3547, 0.6062, 5.6464, 4.3536, 0.6062, 0, 0, 0
L 5.6464, 4.3536, 0.1062, 5.644, 13.3561, 0.1062, 0, 0, 0
L -199.6484, 53.3541, 20.1062, -97.721, 53.3552, 20.1062, 0, 0, 0
L -97.721, 53.3552, 20.1062, -67.4788, 64.5786, 20.492, 0, 0, 0
L -67.4788, 64.5786, 20.492, -55.212, 93.6444, 17.1062, 0, 0, 0
L -55.212, 93.6444, 14.1061, -66.4249, 93.6454, 14.1061, 0, 0, 0
L -66.4249, 93.6454, 14.1061, -75.4689, 72.5397, 14.1061, 0, 0, 0
L -75.4689, 72.5397, 14.1061, -96.7664, 64.7703, 14.1061, 0, 0, 0
L -96.7664, 64.7703, 14.1061, -118.327, 73.396, 14.1061, 0, 0, 0
L -118.327, 73.396, 14.1061, -126.7771, 92.9542, 14.1061, 0, 0, 0
L -126.7771, 92.9542, 14.1061, -117.9682, 113.101, 14.1061, 0, 0, 0
L -117.9682, 113.101, 14.1061, -96.9617, 120.8014, 14.1061, 0, 0, 0
L -96.9617, 120.8014, 14.1061, -74.8174, 112.745, 14.1061, 0, 0, 0
L -74.8174, 112.745, 14.1061, -69.5905, 118.4072, 14.1061, 0, 0, 0
L -69.3455, 122.2053, 13.1061, -97.177, 132.6991, 11.1061, 0, 0, 0
L -97.177, 132.6991, 9.1061, -125.5143, 120.4812, 8.1061, 0, 0, 0
L -125.5143, 120.4812, 7.1062, -135.4442, 92.6704, 5.1062, 0, 0, 0
L -135.4442, 92.6704, 5.1062, -199.6453, 92.6449, 0.1062, 0, 0, 0
L -199.6453, 92.6449, 1.1065, -199.6484, 53.3541, 19.1062, 0, 0, 0
L -316.3519, 660.6453, -12.3938, -327.6456, 660.6455, -12.3938, 0, 0, 0
L -316.3548, 669.3556, -12.3938, -327.6469, 669.3527, -12.3938, 0, 0, 0
L -327.6456, 660.6455, -12.8938, -327.644, 651.6436, -12.8938, 0, 0, 0
L -315.3571, 651.6436, -12.8938, -376.8557, 651.6439, -12.8938, 0, 0, 0
L -376.8575, 645.3565, -12.8938, -376.8541, 656.6411, -12.8938, 0, 0, 0
L -376.8541, 656.6411, -12.8938, -387.6449, 656.6485, -12.3938, 0, 0, 0
L -387.6449, 656.6485, -12.8938, -387.6462, 645.355, -12.8938, 0, 0, 0
L -387.6462, 645.355, -12.8938, -376.8575, 645.3565, -12.8938, 0, 0, 0
L -382.6437, 645.3558, -12.8938, -382.6453, 609.5837, -9.8938, 0, 0, 0
L -382.6453, 609.5837, -7.8937, -358.9988, 599.54, -4.8937, 0, 0, 0
L -358.9988, 599.54, -4.8937, -339.7042, 549.357, -1.8938, 0, 0, 0
L -339.7042, 549.357, -1.8938, -359.165, 500.4911, 1.844, 0, 0, 0
L -359.165, 500.4911, 1.844, -408.9857, 481.1951, 4.106, 0, 0, 0
L -408.9857, 481.1951, 4.106, -458.9911, 500.4902, 7.1062, 0, 0, 0
L -458.9911, 500.4902, 7.1062, -477.3555, 541.6348, 7.1062, 0, 0, 0
L -477.3555, 541.6348, 7.1062, -477.355, 578.6458, 7.1062, 0, 0, 0
L -516.6458, 578.6455, 6.961, -516.6472, 551.3556, -5.8937, 0, 0, 0
L -516.6472, 551.3556, -12.8938, -488.644, 551.3559, -12.8938, 0, 0, 0
L -488.644, 551.3559, -12.8938, -488.644, 444.7336, -12.8938, 0, 0, 0
L -488.644, 517.644, -12.8938, -493.6451, 517.6458, -12.8938, 0, 0, 0
L -493.6451, 517.6458, -12.3938, -493.6453, 506.8553, -12.5276, 0, 0, 0
L -493.6453, 506.8553, -12.8938, -488.6437, 506.8559, -12.8938, 0, 0, 0
L -488.644, 457.644, -12.8938, -497.6442, 457.6458, -12.8938, 0, 0, 0
L -497.6442, 457.6458, -12.3938, -497.6449, 446.3537, -12.3938, 0, 0, 0
L -497.6449, 446.3537, -12.8938, -488.644, 446.3559, -12.8938, 0, 0, 0
L -488.644, 444.7336, -12.3938, -436.7318, 392.3211, -12.3938, 0, 0, 0
L -436.7318, 392.3211, -12.3938, -440.6711, 373.4755, -12.3938, 0, 0, 0
L -440.6711, 373.4755, -12.3938, -437.7504, 364.7131, -12.3938, 0, 0, 0
L -437.7504, 364.7131, -12.3938, -488.644, 312.7626, -12.3938, 0, 0, 0
L -488.6442, 312.144, -12.8938, -497.6435, 312.1464, -12.8938, 0, 0, 0
L -497.6435, 312.1464, -12.3938, -497.6481, 300.8738, -12.3938, 0, 0, 0
L -497.6481, 300.8738, -12.8938, -488.644, 300.8204, -12.8938, 0, 0, 0
L -488.644, 312.7626, -12.8938, -488.644, 131.2434, 47.106, 0, 0, 0
L -488.644, 197.144, 47.106, -497.6442, 197.1468, 47.106, 0, 0, 0
L -497.6442, 197.1468, 47.606, -497.6472, 185.8534, 47.606, 0, 0, 0
L -497.6472, 185.8534, 47.106, -488.6668, 185.8557, 47.106, 0, 0, 0
L -488.644, 136.6439, 48.106, -493.6453, 136.6452, 48.106, 0, 0, 0
L -493.6453, 136.6452, 48.106, -493.6471, 125.8145, 48.106, 0, 0, 0
L -493.6471, 125.8145, 48.106, -481.9313, 125.938, 47.106, 0, 0, 0
L -414.457, 12.7362, 64.7651, -414.122, 72.2583, 64.8002, 0, 0, 0
L -414.122, 72.2583, 64.8002, -488.644, 131.2434, 65.6791, 0, 0, 0
L -414.348, 32.4191, 47.4196, -449.2153, 47.2941, 50.1062, 65, 65, 65
L -449.2153, 47.2941, 50.1062, -468.7472, 20.6064, 51.1062, 65, 65, 65
L -469.369, 19.7567, 51.1062, -437.8682, -15.3483, 58.6039, 0, 0, 0
L -461.1566, -42.8031, 58.6039, -414.457, 12.7362, 64.8338, 0, 0, 0
L -468.7472, 20.6064, 51.106, -520.5765, 2.9857, 61.106, 0, 0, 0
L -530.7147, -42.7212, 76.1041, -589.9842, 12.7181, 64.7981, 0, 0, 0
L -589.9842, 12.7181, 64.7981, -589.9838, 72.2377, 64.8259, 0, 0, 0
L -589.9838, 72.2377, 64.8259, -559.8354, 100.1043, 79.1672, 0, 0, 0
L -559.8354, 100.1043, 79.1672, -515.3556, 130.598, 47.106, 0, 0, 0
L -510.3559, 125.8555, 48.106, -521.6015, 125.8534, 47.106, 0, 0, 0
L -479.1139, 59.6219, 47.1062, -520.639, 55.859, 47.1062, 65, 65, 65
L -520.639, 55.859, 47.1064, -523.9195, 29.8278, 47.1062, 65, 65, 65
L -531.6725, 43.6882, 47.1062, -589.9841, 37.5247, 47.1062, 65, 65, 65
L -531.6725, 43.6882, 47.1062, -523.7274, 31.864, 47.1062, 65, 65, 65
L -523.8957, 29.9847, 49.106, -538.8296, 24.808, 49.106, 65, 65, 65
L -530.3564, 20.9322, 49.106, -544.6956, 26.2607, 49.106, 0, 0, 0
L -544.6956, 26.2607, 49.106, -554.3102, 15.46, 49.106, 0, 0, 0
L -554.3102, 15.46, 49.106, -546.2935, 3.2528, 49.106, 0, 0, 0
L -548.5466, 6.5671, 49.106, -558.4233, 3.3805, 49.1062, 0, 0, 0
L -558.4233, 3.3805, 49.106, -538.2856, -35.7287, 53.9427, 0, 0, 0
L -533.1319, -40.6779, 61.106, -533.6377, -33.9453, 61.106, 0, 0, 0
L -533.6377, -33.9453, 61.106, -523.1023, -23.694, 68.106, 0, 0, 0
L -523.1023, -23.694, 71.945, -508.331, -32.1372, 73.106, 0, 0, 0
L -508.331, -32.1372, 73.106, -509.722, -42.5608, 73.1069, 0, 0, 0
L -461.1566, -42.8031, 73.1041, -530.7147, -42.7212, 73.106, 0, 0, 0
L -499.1992, 10.2675, 54.106, -507.8029, 19.7465, 54.106, 0, 0, 0
L -507.8029, 19.7465, 54.106, -518.318, 16.4477, 57.106, 0, 0, 0
L -518.258, 16.4437, 57.106, -531.73, 12.1401, 60.1062, 127, 127, 127
L -530.3564, 20.9322, 60.1062, -531.3878, 7.7, 61.106, 0, 0, 0
L -531.3878, 7.7, 61.106, -546.2935, 3.2528, 61.106, 0, 0, 0
L -520.5765, 2.9857, 72.1062, -518.2161, -25.8524, 72.1062, 127, 127, 127
L -510.3559, 125.8555, 48.106, -510.3539, 136.6461, 48.106, 0, 0, 0
L -510.3539, 136.6461, 47.106, -515.3556, 136.6451, 47.106, 0, 0, 0
L -515.3556, 130.598, 47.106, -515.3559, 313.1465, 47.106, 0, 0, 0
L -506.3566, 185.8523, 47.606, -506.353, 197.1442, 47.6062, 0, 0, 0
L -506.353, 197.1442, 47.106, -515.3559, 197.1442, 47.106, 0, 0, 0
L -515.3558, 185.8549, 47.106, -506.3566, 185.8523, 47.106, 0, 0, 0
L -515.2929, 300.8557, -12.8938, -506.3417, 300.8541, -12.8938, 0, 0, 0
L -506.3417, 300.8541, -12.3938, -506.3827, 312.146, -12.4054, 0, 0, 0
L -506.3827, 312.146, -12.8938, -515.3556, 312.1435, -12.8938, 0, 0, 0
L -515.3559, 313.1465, -12.3938, -543.3558, 313.144, -12.3938, 0, 0, 0
L -543.356, 313.144, -12.3938, -543.3568, 326.2696, -12.3938, 0, 0, 0
L -543.3568, 326.2696, -12.3938, -554.7346, 337.6469, -12.3938, 0, 0, 0
L -554.7346, 337.6469, -12.3938, -567.8531, 337.6431, -12.3938, 0, 0, 0
L -567.8531, 337.6431, -12.3938, -567.8529, 364.3546, -12.3938, 0, 0, 0
L -567.8529, 364.3546, -12.3938, -558.163, 383.7282, -12.3938, 0, 0, 0
L -558.163, 383.7282, -12.3938, -567.8558, 393.1435, -12.3938, 0, 0, 0
L -567.8558, 393.1435, -12.3938, -567.8242, 445.3561, -12.3938, 0, 0, 0
L -567.8242, 445.3561, -12.3938, -515.3556, 445.3555, -12.3938, 0, 0, 0
L -515.3556, 446.3541, -12.8938, -506.3559, 446.3539, -12.8938, 0, 0, 0
L -506.3559, 446.3539, -12.3938, -506.3534, 457.6453, -12.3938, 0, 0, 0
L -506.3534, 457.6453, -12.8938, -515.3558, 457.644, -12.8938, 0, 0, 0
L -515.3556, 445.3555, -12.8938, -515.3559, 506.8557, -12.8938, 0, 0, 0
L -521.643, 506.8586, -12.8938, -510.3553, 506.8534, -12.8938, 0, 0, 0
L -510.3553, 506.8534, -12.8938, -510.3541, 517.645, -12.3938, 0, 0, 0
L -510.3541, 517.645, -12.8938, -521.6452, 517.6471, -12.8938, 0, 0, 0
L -521.6452, 517.6471, -12.8938, -521.643, 506.8586, -12.8938, 0, 0, 0
L -521.6431, 512.6531, -12.8938, -543.3556, 512.6443, -12.8938, 0, 0, 0
L -543.3556, 512.6443, -12.8938, -543.3558, 678.3553, 7.1062, 0, 0, 0
L -543.3558, 678.3553, 7.1062, -315.3668, 678.355, -12.8938, 0, 0, 0
L -387.6442, 678.3551, -12.8938, -387.6474, 673.3558, -12.8938, 0, 0, 0
L -387.6474, 673.3558, -12.3938, -376.845, 673.3508, -12.8938, 0, 0, 0
L -376.845, 673.3508, -12.8938, -376.8552, 678.312, -12.8938, 0, 0, 0
L -327.644, 678.3556, -12.8938, -327.6469, 669.3527, -12.8938, 0, 0, 0
L -477.355, 578.6458, 7.1062, -516.6458, 578.6455, 7.1062, 0, 0, 0
L -448.6437, 548.8179, 7.1062, -448.6453, 651.6484, 7.1062, 0, 0, 0
L -448.6453, 651.6484, 3.1061, -409.3562, 651.6466, -10.8928, 0, 0, 0
L -409.3562, 651.6466, -12.8938, -409.3029, 587.4302, -7.8937, 0, 0, 0
L -409.3557, 587.4796, -7.8937, -381.382, 577.3402, -5.8937, 0, 0, 0
L -381.382, 577.3402, -4.8937, -370.103, 546.8976, -1.8938, 0, 0, 0
L -370.103, 546.8976, -1.8938, -380.7105, 518.9343, 1.601, 0, 0, 0
L -380.7105, 518.9343, 1.1062, -389.2547, 526.8111, 1.1062, 0, 0, 0
L -389.2547, 526.8111, 1.1062, -381.7443, 547.4692, 1.1507, 0, 0, 0
L -381.7443, 547.4692, 1.1507, -389.29, 570.67, 1.1062, 0, 0, 0
L -458.7636, 34.2573, 47.1062, -465.7604, 53.309, 47.1062, 127, 127, 127
L -465.7604, 53.309, 47.1062, -427.6252, 62.9542, 47.1062, 127, 127, 127
L -427.6252, 62.9542, 47.1062, -421.944, 35.8143, 47.1064, 127, 127, 127
L -431.3127, 39.8093, 48.1064, -447.8618, 57.1191, 48.1062, 127, 127, 127
L -447.8618, 57.1191, 48.1062, -462.7384, 49.6882, 48.1062, 127, 127, 127
L -462.7384, 49.6882, 48.1062, -458.5258, 34.5726, 48.1062, 127, 127, 127
L -458.5283, 34.569, 49.1062, -458.5502, 46.8479, 49.1062, 127, 127, 127
L -458.5502, 46.8479, 49.1062, -445.8956, 49.989, 49.1062, 127, 127, 127
L -445.8956, 49.989, 49.1062, -436.1028, 41.8935, 49.1062, 127, 127, 127
L -479.1139, 59.6219, 47.1062, -461.9676, 29.8665, 47.1062, 65, 65, 65
L -487.6184, 58.7561, 48.1082, -488.6107, 62.602, 48.1062, 127, 127, 127
L -488.6107, 62.602, 48.1062, -504.2671, 67.1663, 48.1062, 127, 127, 127
L -504.2671, 67.1663, 48.1062, -510.6553, 56.1381, 48.1062, 127, 127, 127
L -508.8546, 56.4007, 49.1069, -502.8457, 62.972, 49.1062, 127, 127, 127
L -502.8457, 62.972, 49.1062, -489.3758, 59.817, 49.1062, 127, 127, 127
L -489.3758, 59.817, 49.1062, -489.701, 58.5805, 49.1064, 127, 127, 127
L -494.6621, 20.5755, 51.1062, -506.8478, 36.6891, 53.1062, 127, 127, 127
L -506.8478, 36.6891, 53.1062, -523.9195, 29.8278, 53.1062, 127, 127, 127
L -515.2445, 39.647, 52.1062, -521.4231, 30.8311, 52.1062, 127, 127, 127
L -515.2445, 39.647, 52.1062, -497.5896, 38.93, 52.1062, 127, 127, 127
L -497.5896, 38.93, 52.1062, -495.2225, 21.3164, 52.1062, 127, 127, 127
L -494.6621, 20.5755, 51.1062, -495.3926, 42.441, 51.1062, 127, 127, 127
L -495.3926, 42.441, 51.1062, -516.1453, 45.5964, 51.1062, 127, 127, 127
L -516.1453, 45.5964, 51.1062, -523.1207, 30.149, 51.1062, 127, 127, 127
L -494.6635, 20.6186, 51.1062, -489.3496, 13.6161, 51.1062, 0, 0, 0
L -510.1034, 19.54, 54.1617, -523.8416, 28.376, 54.1062, 127, 127, 127
L -523.8416, 28.376, 54.1062, -534.9501, 24.7372, 54.1062, 127, 127, 127
L -534.9501, 24.7372, 54.1062, -535.193, 22.7302, 54.1075, 127, 127, 127
L -534.5638, 22.4956, 55.1062, -523.8871, 27.1264, 55.1062, 127, 127, 127
L -523.8871, 27.1264, 55.1062, -512.8923, 18.982, 55.1062, 127, 127, 127
L -515.166, 17.3813, 56.1082, -524.1032, 25.745, 56.1062, 127, 127, 127
L -524.1032, 25.745, 56.1062, -532.3582, 21.6983, 56.1062, 127, 127, 127
L -530.3609, 20.4068, 57.1064, -521.8712, 24.2615, 57.1062, 127, 127, 127
L -521.8712, 24.2615, 57.1062, -517.1367, 16.7657, 57.1062, 127, 127, 127
L -522.8645, 22.1753, 58.1062, -517.3804, 16.6578, 58.1062, 127, 127, 127
L -522.8645, 22.1753, 58.1064, -530.5267, 18.3333, 58.109, 127, 127, 127
L -530.6716, 16.2958, 59.1062, -523.7685, 20.2651, 59.1062, 127, 127, 127
L -523.7685, 20.2651, 59.1062, -518.258, 16.4437, 59.1062, 127, 127, 127
L -520.8894, 2.6379, 61.1062, -534.7295, -5.3929, 61.1062, 127, 127, 127
L -534.7295, -5.3929, 61.1062, -534.4967, -25.2215, 61.1062, 127, 127, 127
L -534.4967, -25.2215, 61.1062, -529.8528, -30.4379, 61.1081, 127, 127, 127
L -529.4583, -29.9975, 62.1062, -533.7065, -24.4564, 62.1062, 127, 127, 127
L -533.7065, -24.4564, 62.1062, -532.5235, -6.205, 62.1062, 127, 127, 127
L -532.5235, -6.205, 62.1062, -525.7895, -1.1714, 62.1062, 127, 127, 127
L -522.5725, 1.6613, 63.1041, -531.4538, -6.1592, 63.1062, 127, 127, 127
L -531.4538, -6.1592, 63.1062, -532.346, -24.944, 63.1062, 127, 127, 127
L -532.346, -24.944, 63.1062, -528.9913, -29.5817, 63.1071, 127, 127, 127
L -528.5348, -28.98, 64.1062, -530.4569, -7.4066, 64.1063, 127, 127, 127
L -522.5833, 0.3782, 65.1062, -529.5778, -9.9024, 65.1062, 127, 127, 127
L -529.5778, -9.9024, 65.1062, -527.7087, -28.2981, 65.1062, 127, 127, 127
L -526.5543, -27.1409, 66.1079, -527.5759, -6.9598, 66.1062, 127, 127, 127
L -521.956, 1.6939, 67.1062, -526.5344, -7.9112, 67.1062, 127, 127, 127
L -526.5344, -7.9112, 67.1062, -525.5533, -26.1264, 67.108, 127, 127, 127
L -523.3502, -23.9354, 68.1062, -525.5959, -7.4039, 68.1062, 127, 127, 127
L -520.6828, 0.2461, 69.1062, -524.7943, -7.455, 69.1062, 127, 127, 127
L -524.7943, -7.455, 69.1062, -521.576, -24.5665, 69.1062, 127, 127, 127
L -520.7569, -24.7383, 71.1062, -521.5508, -7.762, 71.1062, 127, 127, 127
L -521.5508, -7.762, 71.1062, -520.4872, 1.8962, 71.1064, 127, 127, 127
L -525.5931, -7.4244, 68.1062, -520.5431, 2.5789, 68.1062, 127, 127, 127
L -530.4569, -7.4066, 64.1062, -527.208, -2.2557, 64.1, 127, 127, 127
L -388.9966, 569.9873, 1.1062, -409.199, 578.7861, 1.1062, 0, 0, 0
L -409.199, 578.7861, 1.1062, -428.9895, 570.202, 1.1062, 0, 0, 0
L -428.9895, 570.202, 1.1062, -436.9307, 549.9547, 1.1062, 0, 0, 0
L -436.9307, 549.9547, 1.1062, -429.4589, 527.4668, 1.1062, 0, 0, 0
L -429.4589, 527.4668, 1.1062, -408.3548, 518.4303, 1.1062, 0, 0, 0
L -408.3548, 518.4303, 1.1062, -408.3546, 507.14, 1.1062, 0, 0, 0
L -408.3546, 507.14, 4.1062, -437.1725, 519.3709, 6.1062, 0, 0, 0
L -437.1725, 519.3709, 6.1062, -448.6437, 548.8179, 7.1062, 0, 0, 0
L -515.4586, 541.412, -12.8938, -515.3556, 551.3556, -12.8938, 0, 0, 0
P -800, -300, 0, 0, 0, 0, 1, Map_by_Goodurden_<RoI>
P -439.7162, 12.6118, 54.106, 0, 127, 0, 3, to_Everfrost_Peaks
