L 566.3143, 321.31, 11.818, 576.1284, 326.2028, 0.5931, 127, 64, 0
L 576.1284, 326.2028, 0.5931, 597.7107, 333.6802, 1.1175, 127, 64, 0
L 597.7107, 333.6802, 1.1175, 608.3862, 334.944, 0.8856, 127, 64, 0
L 608.3862, 334.944, 0.8856, 616.726, 334.8879, 0.1899, 127, 64, 0
L 616.726, 334.8879, 0.1899, 635.138, 353.1813, 0.8976, 127, 64, 0
L 635.138, 353.1813, 0.8976, 634.566, 364.55, -0.3123, 127, 64, 0
L 634.566, 364.55, -0.3123, 635.4831, 384.5677, -1.7, 127, 64, 0
L 635.4831, 384.5677, -1.7, 617.3976, 397.1394, 4.9935, 127, 64, 0
L 617.3976, 397.1394, 4.9935, 614.6404, 407.2, 4.4699, 127, 64, 0
L 614.6404, 407.2, 4.4699, 601.2042, 405.4927, 2.2621, 127, 64, 0
L 601.2042, 405.4927, 2.2621, 586.6155, 406.2755, 5.9278, 127, 64, 0
L 586.6155, 406.2755, 5.9278, 569.7938, 401.2807, 2.8296, 127, 64, 0
L 569.7938, 401.2807, 2.8296, 554.1613, 392.8263, 5.488, 127, 64, 0
L 554.1613, 392.8263, 5.488, 538.2998, 385.9759, -0.3, 127, 64, 0
L 538.2998, 385.9759, -0.3, 522.4057, 374.5579, 0.331, 127, 64, 0
L 522.4057, 374.5579, 0.331, 505.9332, 384.1116, -2.6629, 127, 64, 0
L 505.9332, 384.1116, -2.6629, 501.4676, 399.956, -3.874, 127, 64, 0
L 501.4676, 399.956, -3.874, 493.7821, 410.6302, -3.8938, 127, 64, 0
L 493.7821, 410.6302, -3.8938, 478.5468, 409.5126, -3.8938, 127, 64, 0
L 478.5468, 409.5126, -3.8938, 479.2409, 405.4006, -3.8938, 127, 64, 0
L 479.2409, 405.4006, -3.8938, 457.8951, 375.8768, 1.2059, 127, 64, 0
L 457.8951, 375.8768, 1.2059, 441.8666, 383.5529, 0.9481, 127, 64, 0
L 441.8666, 383.5529, 0.9481, 422.6358, 398.4884, -4.4149, 127, 64, 0
L 422.6358, 398.4884, -4.4149, 394.6327, 414.771, 0.2463, 127, 64, 0
L 394.6327, 414.771, 0.2463, 377.9818, 416.6691, 2.811, 127, 64, 0
L 377.9818, 416.6691, 2.811, 345.7189, 385.6906, 3.4417, 127, 64, 0
L 345.7189, 385.6906, 3.4417, 331.1005, 376.658, 1.5314, 127, 64, 0
L 331.1005, 376.658, 1.5314, 312.8065, 388.7653, 5.1504, 127, 64, 0
L 312.8065, 388.7653, 5.1504, 303.5171, 411.149, 0.3696, 127, 64, 0
L 303.5171, 411.149, 0.3696, 286.4526, 410.8618, -2.3765, 127, 64, 0
L 286.4526, 410.8618, -2.3765, 288.52, 403.5921, -3.7679, 127, 64, 0
L 288.52, 403.5921, -3.7679, 275.3548, 387.8648, -1.5436, 127, 64, 0
L 275.3548, 387.8648, -1.5436, 274.629, 355.294, 2.5083, 127, 64, 0
L 274.629, 355.294, 2.5083, 281.6702, 350.5907, -0.7894, 127, 64, 0
L 281.6702, 350.5907, -0.7894, 314.2721, 351.5427, 2.1358, 127, 64, 0
L 314.2721, 351.5427, 2.1358, 330.1485, 359.7051, 1.6771, 127, 64, 0
L 330.1485, 359.7051, 1.6771, 345.6872, 350.2443, 0.915, 127, 64, 0
L 345.6872, 350.2443, 0.915, 362.8394, 338.3113, 4.9504, 127, 64, 0
L 362.8394, 338.3113, 4.9504, 368.2298, 317.4322, 5.707, 127, 64, 0
L 353.3376, 238.4767, 16.807, 362.7964, 220.6771, 14.9916, 127, 64, 0
L 362.7964, 220.6771, 14.9916, 356.7481, 205.3185, 10.1423, 127, 64, 0
L 356.7481, 205.3185, 10.1423, 346.6775, 200.901, 1.2209, 127, 64, 0
L 346.6775, 200.901, 1.2209, 333.2746, 193.5012, 2.2322, 127, 64, 0
L 333.2746, 193.5012, 2.2322, 325.649, 196.144, 8.4392, 127, 64, 0
L 325.649, 196.144, 8.4392, 307.7388, 189.1954, 1.2311, 127, 64, 0
L 307.7388, 189.1954, 1.2311, 300.4114, 202.1034, 7.5012, 127, 64, 0
L 300.4114, 202.1034, 3.4226, 269.425, 200.5732, 4.4413, 127, 64, 0
L 269.425, 200.5732, 4.4413, 254.9835, 203.2604, 10.6928, 127, 64, 0
L 254.9835, 203.2604, 10.6928, 247.2579, 193.8214, 13.2383, 127, 64, 0
L 247.2579, 193.8214, 13.2383, 247.906, 160.7143, 17.9265, 127, 64, 0
L 247.906, 160.7143, 21.242, 256.4178, 147.872, 15.6355, 127, 64, 0
L 256.4178, 147.872, 15.6355, 247.2663, 130.3778, 13.589, 127, 64, 0
L 247.2663, 130.3778, 13.589, 247.2021, 114.5105, 17.9201, 127, 64, 0
L 247.2021, 114.5105, 17.9201, 247.806, 98.4003, 16.5926, 127, 64, 0
L 247.806, 98.4003, 16.5926, 256.1637, 83.645, 15.5983, 127, 64, 0
L 256.1637, 83.645, 15.5983, 256.6447, 40.3862, 7.824, 127, 64, 0
L 256.6447, 40.3862, 7.824, 239.1251, 33.1159, 3.822, 127, 64, 0
L 239.1251, 33.1159, 3.822, 224.2931, 26.2283, 6.5103, 127, 64, 0
L 224.2931, 26.2283, 6.5103, 209.6679, 17.8584, -0.6219, 127, 64, 0
L 209.6679, 17.8584, -0.6219, 191.8189, 7.4325, 0.6016, 127, 64, 0
L 191.8189, 7.4325, 0.6016, 180.881, 13.3704, 1.104, 127, 64, 0
L 180.881, 13.3704, 1.104, 168.9992, 22.4549, 1.8327, 127, 64, 0
L 168.9992, 22.4549, 1.8327, 158.2396, 30.347, 4.78, 127, 64, 0
L 158.2396, 30.347, 4.78, 153.4892, 49.3153, 3.8879, 127, 64, 0
L 153.4892, 49.3153, 3.8879, 159.2368, 82.3564, 5.633, 127, 64, 0
L 159.2368, 82.3564, 5.633, 168.742, 100.108, 13.2219, 127, 64, 0
L 168.742, 100.108, 13.2219, 168.5321, 115.2601, 17.6356, 127, 64, 0
L 168.5321, 115.2601, 17.6356, 167.9463, 131.1341, 16.128, 127, 64, 0
L 167.9463, 131.1341, 16.128, 159.6298, 146.8208, 15.6356, 127, 64, 0
L 159.6298, 146.8208, 15.6356, 167.33, 165.2588, 1.7593, 127, 64, 0
L 167.33, 165.2588, 1.7593, 188.6135, 169.7411, 15.3546, 127, 64, 0
L 188.6135, 169.7411, 15.3546, 186.7947, 175.1879, 1.1062, 127, 64, 0
L 186.7947, 175.1879, 1.1062, 181.1029, 189.427, 1.1062, 127, 64, 0
L 181.1029, 189.427, 1.1062, 151.1203, 210.9098, 5.824, 127, 64, 0
L 151.1203, 210.9098, 5.824, 163.6647, 228.3625, 6.567, 127, 64, 0
L 163.6647, 228.3625, 6.567, 176.4431, 231.7324, 1.1062, 127, 64, 0
L 176.4431, 231.7324, 1.1062, 185.9414, 239.2695, 1.1063, 127, 64, 0
L 185.9414, 239.2695, 1.1063, 197.608, 238.1922, 1.1062, 127, 64, 0
L 197.608, 238.1922, 1.1062, 212.97, 242.4643, 1.1062, 127, 64, 0
L 212.97, 242.4643, 1.1062, 217.9011, 237.2991, 2.756, 127, 64, 0
L 217.9011, 237.2991, 2.756, 227.854, 230.9809, 3.964, 127, 64, 0
L 227.854, 230.9809, 3.964, 261.9325, 230.8899, 3.3262, 127, 64, 0
L 261.9325, 230.8899, 3.3262, 270.2848, 236.8264, 7.5911, 127, 64, 0
L 270.2848, 236.8264, 7.5911, 266.4066, 254.9163, 8.4433, 127, 64, 0
L 266.4066, 254.9163, 8.4433, 268.8566, 268.781, 9.802, 127, 64, 0
L 268.8566, 268.781, 9.802, 259.773, 275.3201, 5.453, 127, 64, 0
L 259.773, 275.3201, 5.453, 252.5446, 274.3455, 3.1509, 127, 64, 0
L 252.5446, 274.3455, 3.1509, 239.1709, 274.7282, 3.1747, 127, 64, 0
L 239.1709, 274.7282, 3.1747, 234.3931, 268.4504, 2.2471, 127, 64, 0
L 234.3931, 268.4504, 2.2471, 217.4738, 264.2289, 1.1062, 127, 64, 0
L 217.4738, 264.2289, 1.1062, 207.903, 256.7157, 1.1062, 127, 64, 0
L 207.903, 256.7157, 1.1062, 196.9732, 257.7474, 1.1062, 127, 64, 0
L 196.9732, 257.7474, 1.1062, 181.2017, 253.6221, 1.1062, 127, 64, 0
L 181.2017, 253.6221, 1.1062, 164.947, 265.9037, 3.4253, 127, 64, 0
L 164.947, 265.9037, 3.4253, 142.9096, 264.5144, 4.455, 127, 64, 0
L 142.9096, 264.5144, 4.455, 131.3576, 265.1462, 3.4664, 127, 64, 0
L 131.3576, 265.1462, 3.4664, 122.4167, 258.6576, 9.1205, 127, 64, 0
L 122.4167, 258.6576, 9.1205, 125.459, 241.5364, 10.9244, 127, 64, 0
L 125.459, 241.5364, 10.9244, 121.1633, 225.3054, 15.6163, 127, 64, 0
L 121.1633, 225.3054, 15.6163, 128.819, 211.6877, 15.6724, 127, 64, 0
L 128.819, 211.6877, 15.6724, 119.2579, 193.1494, 13.4535, 127, 64, 0
L 119.2579, 193.1494, 13.4535, 119.1556, 175.925, 17.8098, 127, 64, 0
L 119.1556, 175.925, 17.8098, 119.3071, 163.723, 16.8204, 127, 64, 0
L 119.3071, 163.723, 16.8204, 128.3403, 147.1856, 15.6775, 127, 64, 0
L 128.3403, 147.1856, 15.6775, 119.8662, 131.7967, 14.7474, 127, 64, 0
L 119.8662, 131.7967, 14.7474, 101.2793, 119.4258, 2.6901, 127, 64, 0
L 101.2793, 119.4258, 2.6901, 102.9054, 108.502, 1.1062, 127, 64, 0
L 102.9054, 108.502, 1.1062, 101.7359, 103.3131, 1.1062, 127, 64, 0
L 101.7359, 103.3131, 1.1062, 106.9321, 104.3554, 1.1062, 127, 64, 0
L 106.9321, 104.3554, 1.1062, 112.617, 98.8264, 2.1617, 127, 64, 0
L 112.617, 98.8264, 2.1617, 128.6435, 88.5412, 4.9699, 127, 64, 0
L 128.6435, 88.5412, 5.647, 128.6461, 37.7426, 4.9874, 127, 64, 0
L 128.6461, 37.7426, 4.9874, 113.5818, 35.7984, 5.96, 127, 64, 0
L 113.5818, 35.7984, 5.96, 96.4681, 25.7007, 5.7436, 127, 64, 0
L 96.4681, 25.7007, 5.7436, 78.906, 23.9661, 9.7662, 127, 64, 0
L 78.906, 23.9661, 9.7662, 63.5467, 15.1864, 9.8233, 127, 64, 0
L 63.5467, 15.1864, 9.8233, 48.1981, 24.4908, 7.9527, 127, 64, 0
L 48.1981, 24.4908, 7.9527, 28.6705, 24.8435, 12.792, 127, 64, 0
L 28.6705, 24.8435, 12.792, 15.9616, 24.5619, 11.6905, 127, 64, 0
L 15.9616, 24.5619, 11.6905, 0.1712, 15.1987, 10.1166, 127, 64, 0
L 0.1712, 15.1987, 10.1166, -30.2042, 16.772, 18.9624, 127, 64, 0
L -30.2042, 16.772, 18.9624, -42.591, 32.9431, 9.5439, 127, 64, 0
L -42.591, 32.9431, 9.5439, -50.2259, 49.7201, 10.5387, 127, 64, 0
L -50.2259, 49.7201, 4.8193, -67.4616, 79.9428, 5.6005, 127, 64, 0
L -67.4616, 79.9428, 5.6005, -57.5461, 98.7897, -8.3714, 127, 64, 0
L -57.5461, 98.7897, -8.3714, -48.602, 102.7143, -8.8938, 127, 64, 0
L -48.602, 102.7143, -8.8938, -41.1022, 108.2818, -8.8938, 127, 64, 0
L -41.1022, 108.2818, -8.8938, -30.6448, 106.9512, -4.5789, 127, 64, 0
L -30.6448, 106.9512, -4.5789, -14.3215, 111.2887, -8.8938, 127, 64, 0
L -14.3215, 111.2887, -8.8938, -8.5984, 106.1002, -7.8478, 127, 64, 0
L -8.5984, 106.1002, -7.8478, 1.9819, 99.1509, -6.5975, 127, 64, 0
L 1.9819, 99.1509, -6.5975, 24.605, 100.4574, -5.3189, 127, 64, 0
L 24.605, 100.4574, -5.3189, 37.926, 98.8147, -2.8321, 127, 64, 0
L 37.926, 98.8147, -2.8321, 45.133, 105.8392, -0.1588, 127, 64, 0
L 45.133, 105.8392, -0.1588, 47.8109, 122.6482, 7.923, 127, 64, 0
L 47.8109, 122.6482, 7.923, 47.8455, 137.7298, 7.208, 127, 64, 0
L 47.8455, 137.7298, 7.208, 39.411, 153.942, 5.6852, 127, 64, 0
L 39.411, 153.942, 5.6852, 40.4307, 185.4304, 12.6928, 127, 64, 0
L 40.4307, 185.4304, 12.6928, 55.3235, 195.7394, 4.4461, 127, 64, 0
L 55.3235, 195.7394, 4.4461, 72.6744, 204.1125, 5.5972, 127, 64, 0
L 72.6744, 204.1125, 5.5972, 86.2864, 211.8499, 0.3026, 127, 64, 0
L 86.2864, 211.8499, 0.3026, 83.6039, 240.8746, -13.46, 127, 64, 0
L 83.6039, 240.8746, -13.46, 88.5499, 260.6467, 1.527, 127, 64, 0
L 88.5499, 260.6467, 1.527, 67.4968, 275.8947, -4.216, 127, 64, 0
L 67.4968, 275.8947, -4.216, 42.5429, 294.3679, 4.9737, 127, 64, 0
L 42.5429, 294.3679, 4.9737, 26.8751, 296.995, 6.1999, 127, 64, 0
L 26.8751, 296.995, 6.1999, 13.7855, 284.477, 0.7583, 127, 64, 0
L 13.7855, 284.477, 0.7583, -10.164, 260.7554, 1.3436, 127, 64, 0
L -10.164, 260.7554, 1.3436, -24.4345, 252.871, 0.7425, 127, 64, 0
L -24.4345, 252.871, 0.7425, -41.7364, 261.7293, -1.9128, 127, 64, 0
L -41.7364, 261.7293, -1.9128, -56.2028, 261.7561, 2.6436, 127, 64, 0
L -56.2028, 261.7561, 2.6436, -74.2425, 260.7928, 1.5125, 127, 64, 0
L -74.2425, 260.7928, 1.5125, -88.5908, 252.7598, 0.6533, 127, 64, 0
L -88.5908, 252.7598, 0.6533, -104.8447, 261.4098, -2.3683, 127, 64, 0
L -104.8447, 261.4098, -2.3683, -121.9719, 260.9286, 1.923, 127, 64, 0
L -121.9719, 260.9286, 1.923, -138.1093, 261.5165, 3.229, 127, 64, 0
L -138.1093, 261.5165, 3.229, -152.4387, 252.8461, 0.6619, 127, 64, 0
L -152.4387, 252.8461, 0.6619, -169.9656, 262.1198, 1.2133, 127, 64, 0
L -169.9656, 262.1198, 1.2133, -190.5911, 277.5892, -3.3439, 127, 64, 0
L -190.5911, 277.5892, -3.3439, -207.5372, 292.641, 5.9851, 127, 64, 0
L -207.5372, 292.641, 5.9851, -232.5687, 293.8304, 2.573, 127, 64, 0
L -232.5687, 293.8304, 2.573, -264.9125, 261.4361, 1.4456, 127, 64, 0
L -264.9125, 261.4361, 1.4456, -276.8507, 254.8333, 0.8445, 127, 64, 0
L -276.8507, 254.8333, 0.8445, -277.4352, 219.3877, -10.5953, 127, 64, 0
L -277.4352, 219.3877, 0.2206, -264.9236, 212.4283, -0.4425, 127, 64, 0
L -264.9236, 212.4283, -0.4425, -247.7764, 205.5277, -5.1215, 127, 64, 0
L -247.7764, 205.5277, -5.1215, -242.3379, 187.455, -6.1303, 127, 64, 0
L -242.3379, 187.455, -6.1303, -248.8516, 153.3735, 5.5522, 127, 64, 0
L -248.8516, 153.3735, 5.5522, -257.149, 139.35, 4.7553, 127, 64, 0
L -257.149, 139.35, 4.7553, -264.884, 133.4967, -8.8519, 127, 64, 0
L -264.884, 133.4967, -8.8519, -276.2167, 125.4142, -8.8938, 127, 64, 0
L -276.2167, 125.4142, -8.8938, -286.1385, 126.7493, -8.8938, 127, 64, 0
L -286.1385, 126.7493, -8.8938, -302.2635, 121.6676, -8.8938, 127, 64, 0
L -302.2635, 121.6676, -8.8938, -307.8414, 128.3178, -7.8121, 127, 64, 0
L -307.8414, 128.3178, -7.8121, -318.715, 134.9084, -6.5864, 127, 64, 0
L -318.715, 134.9084, -6.5864, -330.511, 133.561, -5.9617, 127, 64, 0
L -330.511, 133.561, -5.9617, -352.1154, 134.1653, -5.9256, 127, 64, 0
L -352.1154, 134.1653, -5.9256, -360.6687, 125.5174, -0.1129, 127, 64, 0
L -360.6687, 125.5174, -0.1129, -362.2382, 110.5001, 6.122, 127, 64, 0
L -362.2382, 110.5001, 6.122, -361.9132, 94.7267, 5.4457, 127, 64, 0
L -361.9132, 94.7267, 5.4457, -354.6089, 81.781, 5.534, 127, 64, 0
L -354.6089, 81.781, 5.534, -363.8618, 63.5551, 4.7481, 127, 64, 0
L -363.8618, 63.5551, 4.7481, -383.566, 50.7772, -8.8938, 127, 64, 0
L -383.566, 50.7772, -8.8938, -391.3541, 53.7787, -5.5, 127, 64, 0
L -391.3541, 53.7787, -5.5, -405.4307, 48.3691, -6.33, 127, 64, 0
L -405.4307, 48.3691, -6.33, -414.24, 54.3427, -7.7979, 127, 64, 0
L -414.24, 54.3427, -7.7979, -429.4184, 71.304, 4.8011, 127, 64, 0
L -429.4184, 71.304, 4.8011, -420.8616, 85.3614, 2.7229, 127, 64, 0
L -420.8616, 85.3614, 2.7229, -420.3254, 102.1847, 7.8003, 127, 64, 0
L -420.3254, 102.1847, 7.8003, -421.4352, 119.8482, 6.7392, 127, 64, 0
L -421.4352, 119.8482, 6.7392, -425.5092, 126.6764, 5.9333, 127, 64, 0
L -425.5092, 126.6764, 5.9333, -444.7011, 123.3302, -6.8907, 127, 64, 0
L -444.7011, 123.3302, -6.8907, -456.772, 123.7489, -6.822, 127, 64, 0
L -456.772, 123.7489, -6.822, -469.5804, 117.9201, 4.567, 127, 64, 0
L -469.5804, 117.9201, 4.567, -488.124, 106.2681, -6.8381, 127, 64, 0
L -488.124, 106.2681, -6.8381, -497.3562, 107.6282, -5.9012, 127, 64, 0
L -497.3562, 107.6282, -5.9012, -513.2803, 103.5845, -6.7946, 127, 64, 0
L -513.2803, 103.5845, -6.7946, -529.8062, 114.7381, -6.6158, 127, 64, 0
L -529.8062, 114.7381, -6.6158, -539.5266, 113.5912, -6.1172, 127, 64, 0
L -539.5266, 113.5912, -6.1172, -561.1053, 114.4679, -4.4278, 127, 64, 0
L -561.1053, 114.4679, -4.4278, -575.1852, 108.5551, 2.7057, 127, 64, 0
L -575.1852, 108.5551, 2.7057, -575.6603, 92.1824, 7.7329, 127, 64, 0
L -575.6603, 92.1824, 7.7329, -574.8591, 74.8055, 6.5564, 127, 64, 0
L -574.8591, 74.8055, 6.5564, -566.7549, 60.3984, 5.6544, 127, 64, 0
L -566.7549, 60.3984, 5.6544, -576.7172, 41.9254, 3.2355, 127, 64, 0
L -576.7172, 41.9254, 3.2355, -592.4885, 33.4795, -5.555, 127, 64, 0
L -592.4885, 33.4795, -5.555, -604.5384, 32.8718, -8.8938, 127, 64, 0
L -604.5384, 32.8718, -8.8938, -617.2818, 26.7744, -8.8938, 127, 64, 0
L -617.2818, 26.7744, -8.8938, -625.3297, 33.154, -7.8352, 127, 64, 0
L -625.3297, 33.154, -7.8352, -636.783, 40.9091, -6.59, 127, 64, 0
L -636.783, 40.9091, -6.59, -650.4021, 39.7302, -5.7938, 127, 64, 0
L -650.4021, 39.7302, -5.7938, -670.9822, 40.3834, -4.7074, 127, 64, 0
L -670.9822, 40.3834, -4.7074, -673.6423, 36.6088, -4.7049, 127, 64, 0
L -673.6423, 36.6088, -4.7049, -681.6639, 25.8947, 5.3105, 127, 64, 0
L -681.6639, 25.8947, 5.3105, -681.5955, 14.92, 7.5312, 127, 64, 0
L -681.5955, 14.92, 7.5312, -680.2442, -0.2723, 6.4737, 127, 64, 0
L -680.2442, -0.2723, 6.4737, -675.4593, -6.2594, 4.363, 127, 64, 0
L -675.4593, -6.2594, 4.363, -665.7089, -4.1836, -5.2366, 127, 64, 0
L -665.7089, -4.1836, -5.2366, -651.7468, -3.668, -5.8822, 127, 64, 0
L -651.7468, -3.668, -5.8822, -645.8582, -3.7543, -6.8394, 127, 64, 0
L -645.8582, -3.7543, -6.8394, -632.5474, 1.7486, 4.7088, 127, 64, 0
L -632.5474, 1.7486, 4.7088, -624.7285, 6.6482, -8.8937, 127, 64, 0
L -624.7285, 6.6482, -8.8937, -614.8424, 14.4712, -8.8938, 127, 64, 0
L -614.8424, 14.4712, -8.8938, -603.7075, 13.433, -8.3358, 127, 64, 0
L -603.7075, 13.433, -8.3358, -590.6675, 17.1253, -8.8938, 127, 64, 0
L -590.6675, 17.1253, -8.8938, -557.8242, -3.954, -4.8966, 127, 64, 0
L -557.8242, -3.954, -4.8966, -571.9151, -18.1118, 1.2252, 127, 64, 0
L -571.9151, -18.1118, 1.2252, -583.3613, -24.701, -8.8938, 127, 64, 0
L -583.3613, -24.701, -8.8938, -592.6762, -32.803, -8.8938, 127, 64, 0
L -592.6762, -32.803, -8.8938, -604.4661, -31.1127, -8.8905, 127, 64, 0
L -604.4661, -31.1127, -8.8905, -620.6896, -36.5681, -8.8938, 127, 64, 0
L -620.6896, -36.5681, -8.8938, -628.5892, -27.5152, -6.7302, 127, 64, 0
L -628.5892, -27.5152, -6.7302, -637.6399, -23.3047, -6.5087, 127, 64, 0
L -637.6399, -23.3047, -6.5087, -648.613, -25.756, -5.9842, 127, 64, 0
L -648.613, -25.756, -5.9842, -667.5914, -23.9574, -6.5088, 127, 64, 0
L -667.5914, -23.9574, -6.5088, -677.6706, -29.9775, -2.1311, 127, 64, 0
L -677.6706, -29.9775, -2.1311, -681.1769, -46.1034, 7.2527, 127, 64, 0
L -681.1769, -46.1034, 7.2527, -680.5897, -63.6527, 6.5072, 127, 64, 0
L -680.5897, -63.6527, 6.5072, -677.1636, -69.7286, 6.1314, 127, 64, 0
L -677.1636, -69.7286, 6.1314, -665.2305, -68.1294, -5.3593, 127, 64, 0
L -665.2305, -68.1294, -5.3593, -658.8148, -67.2926, -6.9059, 127, 64, 0
L -658.8148, -67.2926, -6.9059, -646.2907, -67.7064, -6.817, 127, 64, 0
L -646.2907, -67.7064, -6.817, -641.2581, -61.6242, -7.7961, 127, 64, 0
L -641.2581, -61.6242, -7.7961, -625.6686, -57.7113, -8.7169, 127, 64, 0
L -625.6686, -57.7113, -8.7169, -613.3445, -49.7276, -8.8933, 127, 64, 0
L -613.3445, -49.7276, -8.8933, -603.5916, -50.8646, -8.8925, 127, 64, 0
L -603.5916, -50.8646, -8.8925, -587.5978, -47.2794, -8.8194, 127, 64, 0
L -587.5978, -47.2794, -8.8194, -582.1639, -52.3203, -7.8122, 127, 64, 0
L -582.1639, -52.3203, -7.8122, -558.7951, -66.9361, -5.38, 127, 64, 0
L -558.7951, -66.9361, -5.38, -575.1463, -84.5241, 3.1907, 127, 64, 0
L -575.1463, -84.5241, 3.1907, -584.2688, -89.3789, -8.8938, 127, 64, 0
L -584.2688, -89.3789, -8.8938, -593.6848, -96.3439, -8.8938, 127, 64, 0
L -593.6848, -96.3439, -8.8938, -604.568, -95.1538, -8.8938, 127, 64, 0
L -604.568, -95.1538, -8.8938, -618.991, -99.3015, -8.8938, 127, 64, 0
L -618.991, -99.3015, -8.8938, -628.93, -92.2514, -7.5494, 127, 64, 0
L -628.93, -92.2514, -7.5494, -636.732, -87.1013, -6.5884, 127, 64, 0
L -636.732, -87.1013, -6.5884, -645.7589, -88.1591, -6.807, 127, 64, 0
L -645.7589, -88.1591, -6.807, -665.5924, -88.429, -6.2291, 127, 64, 0
L -665.5924, -88.429, -6.2291, -675.8406, -84.8265, 3.7151, 127, 64, 0
L -675.8406, -84.8265, 3.7151, -681.7614, -96.283, 3.6312, 127, 64, 0
L -681.7614, -96.283, 3.6312, -681.8442, -112.558, 7.8423, 127, 64, 0
L -681.8442, -112.558, 7.8423, -680.5067, -128.998, 6.9842, 127, 64, 0
L -680.5067, -128.998, 6.9842, -672.9279, -141.3028, 5.6859, 127, 64, 0
L -672.9279, -141.3028, 5.6859, -674.312, -173.3125, 12.7264, 127, 64, 0
L -674.312, -173.3125, 12.7264, -687.9754, -182.8191, 5.1338, 127, 64, 0
L -687.9754, -182.8191, 5.1338, -702.9409, -190.5255, 5.4034, 127, 64, 0
L -702.9409, -190.5255, 5.4034, -720.978, -199.6646, 0.5733, 127, 64, 0
L -720.978, -199.6646, 0.5733, -736.9767, -209.204, 1.2246, 127, 64, 0
L -736.9767, -209.204, 1.2246, -753.159, -200.4667, -2.3083, 127, 64, 0
L -753.159, -200.4667, -2.3083, -772.1058, -201.4017, 1.6113, 127, 64, 0
L -772.1058, -201.4017, 1.6113, -787.324, -201.357, 3.2227, 127, 64, 0
L -787.324, -201.357, 3.2227, -800.9221, -209.3507, 0.7953, 127, 64, 0
L -800.9221, -209.3507, 0.7953, -814.748, -202.1177, 1.4338, 127, 64, 0
L -814.748, -202.1177, 1.4338, -847.7489, -176.6343, 0.8536, 127, 64, 0
L -847.7489, -176.6343, 0.8536, -860.526, -172.6853, -0.3489, 127, 64, 0
L -860.526, -172.6853, -0.3489, -878.522, -173.128, -3.8115, 127, 64, 0
L -878.522, -173.128, -3.8115, -894.1734, -182.8504, -0.6284, 127, 64, 0
L -894.1734, -182.8504, -0.6284, -917.3632, -203.3382, 1.921, 127, 64, 0
L -917.3632, -203.3382, 1.921, -913.2756, -230.9844, -10.2444, 127, 64, 0
L -913.2756, -230.9844, -10.2444, -916.8781, -255.568, 15.931, 127, 64, 0
L -916.8781, -255.568, 15.931, -895.767, -258.1342, -4.6501, 127, 64, 0
L -895.767, -258.1342, -4.6501, -890.7875, -287.5557, 10.8054, 127, 64, 0
L -890.7875, -287.5557, 10.8054, -895.5268, -307.7092, -3.5007, 127, 64, 0
L -895.5268, -307.7092, -3.5007, -902.94, -308.6453, -2.6602, 127, 64, 0
L -902.94, -308.6453, -2.6602, -910.5819, -331.1847, 18.396, 127, 64, 0
L -910.5819, -331.1847, 18.396, -923.5398, -358.5126, 22.7835, 127, 64, 0
L -923.5398, -358.5126, 22.7835, -920.1957, -401.7853, 7.8124, 127, 64, 0
L -920.1957, -401.7853, 7.8124, -921.7115, -456.785, 11.8028, 127, 64, 0
L -921.7115, -456.785, 11.8028, -923.3038, -465.4909, 25.7275, 127, 64, 0
L -923.3038, -465.4909, 25.7275, -897.817, -475.48, 23.1946, 127, 64, 0
L -897.817, -475.48, 23.1946, -870.3567, -473.3048, 23.8881, 127, 64, 0
L -870.3567, -473.3048, 23.8881, -843.7093, -474.19, 22.9821, 127, 64, 0
L -843.7093, -474.19, 22.9821, -823.1495, -462.3, 23.7438, 127, 64, 0
L -823.1495, -462.3, 23.7438, -823.1013, -441.2461, 7.2619, 127, 64, 0
L -823.1013, -441.2461, 7.2619, -826.4657, -411.6696, 6.9057, 127, 64, 0
L -826.4657, -411.6696, 6.9057, -824.7939, -382.1458, 8.9718, 127, 64, 0
L -824.7939, -382.1458, 8.9718, -829.4143, -358.6179, 24.9527, 127, 64, 0
L -829.4143, -358.6179, 24.9527, -849.4425, -350.5634, 15.6085, 127, 64, 0
L -849.4425, -350.5634, 15.6085, -853.2346, -331.7432, 9.595, 127, 64, 0
L -853.2346, -331.7432, 9.595, -853.9076, -308.6435, 9.8705, 127, 64, 0
L -853.9076, -308.6435, 9.8705, -868.983, -308.6478, -3.3199, 127, 64, 0
L -868.448, -308.3206, -3.3199, -865.644, -293.6369, -2.1343, 0, 73, 0
L -865.644, -293.6403, -2.1343, -862.5768, -278.79, 17.854, 127, 64, 0
L -862.5768, -278.79, 17.854, -848.819, -264.3125, 2.1867, 127, 64, 0
L -848.819, -264.3125, 2.1867, -825.4442, -257.1096, 9.2167, 127, 64, 0
L -825.4442, -257.1096, 9.2167, -793.2487, -240.7718, 13.327, 127, 64, 0
L -793.2487, -240.7718, 13.327, -786.7285, -254.4993, 14.5751, 127, 64, 0
L -786.7285, -254.4993, 14.5751, -770.3922, -269.173, -3.4296, 127, 64, 0
L -770.3922, -269.173, -3.4296, -754.8601, -270.5792, -2.876, 127, 64, 0
L -754.8601, -270.5792, -2.876, -739.1671, -247.1228, 9.8201, 127, 64, 0
L -739.1671, -247.1228, 9.8201, -718.7943, -251.2007, 1.2336, 127, 64, 0
L -718.7943, -251.2007, 1.2336, -705.4559, -260.9481, -3.1861, 127, 64, 0
L -705.4559, -260.9481, -3.1861, -690.1734, -273.403, 0.811, 127, 64, 0
L -690.1734, -273.403, 0.811, -671.5271, -285.7748, 7.3079, 127, 64, 0
L -671.5271, -285.7748, 7.3079, -657.4121, -282.5126, 4.7986, 127, 64, 0
L -657.4121, -282.5126, 4.7986, -642.831, -267.11, 0.4907, 127, 64, 0
L -642.831, -267.11, 0.4907, -625.3165, -249.6218, 1.3201, 127, 64, 0
L -625.3165, -249.6218, 1.3201, -609.9539, -241.1125, 0.8359, 127, 64, 0
L -609.9539, -241.1125, 0.8359, -594.737, -249.87, -0.1457, 127, 64, 0
L -594.737, -249.87, -0.1457, -586.2577, -269.786, 0.3521, 127, 64, 0
L -586.2577, -269.786, 0.3521, -561.989, -270.276, 0.2478, 127, 64, 0
L -561.989, -270.276, 0.2478, -553.4923, -241.9863, -3.4847, 127, 64, 0
L -553.4923, -241.9863, -3.4847, -552.3156, -212.1581, -2.1573, 127, 64, 0
L -552.3156, -212.1581, -2.1573, -552.1811, -205.71, -0.7107, 127, 64, 0
L -552.1811, -205.71, -0.7107, -562.3188, -194.6204, 12.8612, 127, 64, 0
L -562.3188, -194.6204, 12.8612, -591.4116, -197.4971, 7.894, 127, 64, 0
L -591.4116, -197.4971, 7.894, -613.3898, -207.42, 13.5602, 127, 64, 0
L -613.3898, -207.42, 13.5602, -623.2655, -195.2134, 15.2939, 127, 64, 0
L -623.2655, -195.2134, 15.2939, -650.6801, -177.87, -0.988, 127, 64, 0
L -650.6801, -177.87, -0.988, -644.4156, -158.398, -5.5284, 127, 64, 0
L -644.4156, -158.398, -5.5284, -641.7636, -142.6441, -4.9348, 127, 64, 0
L -641.7636, -142.6441, -4.9348, -629.7966, -125.4047, 9.729, 127, 64, 0
L -629.7966, -125.4047, 9.729, -607.4668, -119.1903, 6.2991, 127, 64, 0
L -607.4668, -119.1903, 6.2991, -604.6432, -118.9873, 4.394, 127, 64, 0
L -604.6432, -118.9873, 4.394, -604.6458, -113.4981, -8.8938, 127, 64, 0
L -604.6458, -113.4981, -8.8938, -592.1285, -111.3445, -8.8938, 127, 64, 0
L -592.1285, -111.3445, -8.8938, -587.911, -111.7856, -8.7218, 127, 64, 0
L -587.911, -111.7856, -8.7218, -583.505, -115.7356, -7.9153, 127, 64, 0
L -583.505, -115.7356, -7.9153, -571.3568, -122.409, -6.5976, 127, 64, 0
L -571.3568, -122.409, -6.5976, -550.9675, -121.537, -5.5525, 127, 64, 0
L -550.9675, -121.537, -5.5525, -536.4877, -123.7335, -0.4407, 127, 64, 0
L -536.4877, -123.7335, -0.4407, -526.6149, -116.1606, 2.604, 127, 64, 0
L -526.6149, -116.1606, 2.604, -527.3523, -99.7189, 6.6525, 127, 64, 0
L -527.3523, -99.7189, 6.6525, -526.1898, -84.1447, 6.9737, 127, 64, 0
L -526.1898, -84.1447, 6.9737, -535.6861, -67.2984, 5.5381, 127, 64, 0
L -535.6861, -67.2984, 5.5381, -526.3647, -51.8293, 2.6964, 127, 64, 0
L -526.3647, -51.8293, 2.6964, -526.2335, -35.369, 7.8535, 127, 64, 0
L -526.2335, -35.369, 7.8535, -526.9062, -18.8238, 7.2301, 127, 64, 0
L -526.9062, -18.8238, 7.2301, -535.5851, -3.2412, 5.6094, 127, 64, 0
L -535.5851, -3.2412, 5.6094, -526.2337, 13.2554, 3.3349, 127, 64, 0
L -526.2337, 13.2554, 3.3349, -526.723, 35.1649, 7.753, 127, 64, 0
L -526.723, 35.1649, 7.753, -528.75, 47.1576, 7.1412, 127, 64, 0
L -528.75, 47.1576, 7.1412, -535.3274, 59.9087, 5.8941, 127, 64, 0
L -535.3274, 59.9087, 5.8941, -525.6195, 77.3863, 4.2752, 127, 64, 0
L -525.6195, 77.3863, 4.2752, -507.4474, 88.3598, -8.8938, 127, 64, 0
L -507.4474, 88.3598, -8.8938, -498.5665, 86.9082, -7.5542, 127, 64, 0
L -498.5665, 86.9082, -7.5542, -482.2595, 90.4117, -7.503, 127, 64, 0
L -482.2595, 90.4117, -7.503, -469.9275, 81.6491, -7.717, 127, 64, 0
L -469.9275, 81.6491, -7.717, -458.3919, 73.9612, -4.8609, 127, 64, 0
L -458.3919, 73.9612, 5.3958, -469.7431, 52.6659, 3.2949, 127, 64, 0
L -469.7431, 52.6659, 3.2949, -469.8806, 30.768, 7.6006, 127, 64, 0
L -469.8806, 30.768, 7.6006, -468.2411, 19.467, 6.8878, 127, 64, 0
L -468.2411, 19.467, 6.8878, -460.9409, 6.6863, 5.7583, 127, 64, 0
L -460.9409, 6.6863, 5.7583, -468.2114, -7.6737, 6.4687, 127, 64, 0
L -468.2114, -7.6737, 6.4687, -487.1485, -33.4294, 2.411, 127, 64, 0
L -487.1485, -33.4294, 2.411, -498.3878, -46.4827, 8.9906, 127, 64, 0
L -498.3878, -46.4827, 8.9906, -506.7688, -68.3325, 13.7249, 127, 64, 0
L -506.7688, -68.3325, 13.7249, -489.9771, -85.2854, 5.6295, 127, 64, 0
L -489.9771, -85.2854, 5.6295, -469.776, -106.7544, 6.5, 127, 64, 0
L -469.776, -106.7544, 6.5, -460.9769, -121.2353, 5.7507, 127, 64, 0
L -460.9769, -121.2353, 5.7507, -469.6329, -138.1897, 2.6913, 127, 64, 0
L -469.6329, -138.1897, 2.6913, -469.8643, -163.225, 7.4897, 127, 64, 0
L -469.8643, -163.225, 7.4897, -463.4186, -180.8862, 5.9878, 127, 64, 0
L -463.4186, -180.8862, 5.9878, -463.609, -217.1467, 13.1867, 127, 64, 0
L -463.609, -217.1467, 13.1867, -476.3106, -227.666, 4.934, 127, 64, 0
L -476.3106, -227.666, 4.934, -492.6861, -235.3665, 5.4847, 127, 64, 0
L -492.6861, -235.3665, 5.4847, -508.1086, -244.8624, -0.4089, 127, 64, 0
L -508.1086, -244.8624, -0.4089, -507.2975, -255.7554, -11.9103, 127, 64, 0
L -507.2975, -255.7554, -11.9103, -505.7072, -269.8605, -12.5376, 127, 64, 0
L -505.7072, -269.8605, -12.5376, -507.6702, -286.9737, -8.1468, 127, 64, 0
L -507.6702, -286.9737, -8.1468, -496.1648, -302.9422, -2.3504, 127, 64, 0
L -496.1648, -302.9422, -2.3504, -475.1841, -319.5998, 1.8997, 127, 64, 0
L -475.1841, -319.5998, 1.8997, -460.2855, -326.3192, 2.8998, 127, 64, 0
L -460.2855, -326.3192, 2.8998, -445.4674, -321.8568, -2.4014, 127, 64, 0
L -445.4674, -321.8568, -2.4014, -417.4651, -297.7074, 1.506, 127, 64, 0
L -417.4651, -297.7074, 1.506, -398.4148, -285.3476, 0.7952, 127, 64, 0
L -398.4148, -285.3476, 0.7952, -378.733, -293.9696, -0.8347, 127, 64, 0
L -378.733, -293.9696, -0.8347, -348.9832, -293.2894, 1.6889, 127, 64, 0
L -348.9832, -293.2894, 1.6889, -332.9952, -284.1066, 0.2679, 127, 64, 0
L -332.9952, -284.1066, 0.2679, -302.9791, -284.2724, -10.124, 127, 64, 0
L -302.9791, -284.2724, 6.4753, -290.6218, -302.6231, -0.4115, 127, 64, 0
L -290.6218, -302.6231, -0.4115, -283.4182, -317.3351, 0.5881, 127, 64, 0
L -283.4182, -317.3351, 0.5881, -274.4624, -333.179, -5.2192, 127, 64, 0
L -274.4624, -333.179, -5.2192, -265.9562, -348.3958, -4.1566, 127, 64, 0
L -265.9562, -348.3958, -4.1566, -273.7162, -363.5602, -3.4729, 127, 64, 0
L -273.7162, -363.5602, -3.4729, -290.1648, -386.717, -8.6477, 127, 64, 0
L -290.1648, -386.717, -8.6477, -305.8154, -408.4126, -1.4781, 127, 64, 0
L -305.8154, -408.4126, -1.4781, -304.7153, -424.6383, -5.2438, 127, 64, 0
L -304.7153, -424.6383, -5.2438, -277.3761, -457.8564, -3.9106, 127, 64, 0
L -277.3761, -457.8564, -3.9106, -244.7554, -457.8878, -16.3106, 127, 64, 0
L -244.7554, -457.8878, -16.3106, -233.4784, -457.8346, -16.2322, 127, 64, 0
L -233.4784, -457.8346, -16.2322, -224.7161, -460.9834, -3.5461, 127, 64, 0
L -224.7161, -460.9834, -3.5461, -216.1628, -443.3303, -0.7692, 127, 64, 0
L -216.1628, -443.3303, -0.7692, -196.4808, -439.2212, -11.46, 127, 64, 0
L -196.4808, -439.2212, -11.46, -165.8385, -444.9683, -10.32, 127, 64, 0
L -165.8385, -444.9683, -10.32, -152.835, -453.4553, -0.1535, 127, 64, 0
L -152.835, -453.4553, -0.1535, -143.295, -466.5452, -11.2281, 127, 64, 0
L -143.295, -466.5452, -11.2281, -123.3721, -471.2669, -13.878, 127, 64, 0
L -123.3721, -471.2669, -13.878, -120.3067, -460.4794, -12.8736, 127, 64, 0
L -120.3067, -460.4794, -12.8736, -75.5548, -445.1763, -12.2638, 127, 64, 0
L -75.5548, -445.1763, -12.2638, -37.6497, -444.3389, -9.9452, 127, 64, 0
L -37.5041, -556.7844, -9.8079, -37.6497, -444.3389, -9.9814, 127, 64, 0
L -37.5013, -556.8173, -9.8081, -31.8219, -566.6826, -9.504, 127, 64, 0
L -31.8219, -566.6826, -9.504, -21.6507, -571.5105, -9.8498, 127, 64, 0
L -21.6507, -571.5105, -9.8498, -7.41, -571.9374, -9.8508, 127, 64, 0
L -7.41, -571.9374, -9.8508, 56.7901, -571.9199, -9.9529, 127, 64, 0
L 56.7901, -571.9199, -9.9529, 68.9073, -566.3342, -9.6349, 127, 64, 0
L 68.9073, -566.3342, -9.6349, 78.3785, -563.3483, -0.1928, 127, 64, 0
L 78.3785, -563.3483, -0.1928, 81.4492, -553.533, -9.8938, 127, 64, 0
L 81.4492, -553.533, -9.8938, 87.9005, -540.8572, -9.9566, 127, 64, 0
L 87.9005, -540.8572, -9.9566, 87.3594, -445.1406, -10.604, 127, 64, 0
L 87.3594, -445.1406, -10.604, 81.1293, -430.9341, -10.3882, 127, 64, 0
L 81.1293, -430.9341, -10.3882, 87.9201, -412.8881, -9.9529, 127, 64, 0
L 87.9201, -412.8881, -9.9529, 87.4286, -318.5783, -10.2345, 127, 64, 0
L 87.4286, -318.5783, -10.2345, -22.2717, -318.4825, -9.8938, 127, 64, 0
L -22.2717, -318.4825, -9.8938, -34.3344, -321.6729, -0.28, 127, 64, 0
L -34.3344, -321.6729, -0.28, -37.4615, -332.95, -9.8938, 127, 64, 0
L -37.4615, -332.95, -9.8938, -37.859, -414.1849, -10.729, 127, 64, 0
L -37.859, -414.1849, -10.729, -74.7961, -423.1412, -12.622, 127, 64, 0
L -74.7961, -423.1412, -12.622, -101.6846, -424.1229, -10.2265, 127, 64, 0
L -101.6846, -424.1229, -10.2265, -106.849, -410.814, 2.2437, 127, 64, 0
L -106.849, -410.814, 2.2437, -150.41, -398.9225, 13.9527, 127, 64, 0
L -150.41, -398.9225, 13.9527, -166.3557, -398.3353, 18.4171, 127, 64, 0
L -166.3557, -398.3353, 18.4171, -167.267, -414.2094, -9.9661, 127, 64, 0
L -167.267, -414.2094, -9.9661, -197.8471, -412.305, -8.1912, 127, 64, 0
L -197.8471, -412.305, 6.428, -206.2725, -396.6965, 8.612, 127, 64, 0
L -206.2725, -396.6965, 8.612, -221.469, -370.185, -0.2, 127, 64, 0
L -221.469, -370.185, -0.2, -228.3173, -350.6623, 10.4324, 127, 64, 0
L -228.3173, -350.6623, 10.4324, -224.6254, -332.1415, -2.9531, 127, 64, 0
L -224.6254, -332.1415, -2.9531, -211.2678, -314.2339, -8.1412, 127, 64, 0
L -211.2678, -314.2339, -8.1412, -198.508, -298.8614, -1.742, 127, 64, 0
L -198.508, -298.8614, -1.742, -184.733, -285.3512, 9.5124, 127, 64, 0
L -184.733, -285.3512, 9.5124, -194.5572, -268.1478, -3.6248, 127, 64, 0
L -194.5572, -268.1478, -3.6248, -225.5161, -237.2754, -4.474, 127, 64, 0
L -225.5161, -237.2754, -5.1905, -238.7879, -238.7761, -15.5142, 127, 64, 0
L -238.7879, -238.7761, -15.5142, -254.3573, -240.1848, -16.2829, 127, 64, 0
L -254.3573, -240.1848, -16.2829, -269.5332, -238.7493, -13.8406, 127, 64, 0
L -269.5332, -238.7493, -13.8406, -281.4941, -255.8745, -7.7873, 127, 64, 0
L -281.4941, -255.8745, -7.7873, -300.1646, -259.6433, -11.1395, 127, 64, 0
L -300.1646, -259.6433, -11.1395, -327.9449, -254.66, -10.202, 127, 64, 0
L -327.9449, -254.66, -10.202, -347.1999, -246.3747, -1.3849, 127, 64, 0
L -347.1999, -246.3747, -1.3849, -358.24, -230.6213, -13.3369, 127, 64, 0
L -358.24, -230.6213, -13.3369, -361.595, -226.2039, -13.5831, 127, 64, 0
L -361.595, -226.2039, -13.5831, -376.7314, -226.5992, -13.3795, 127, 64, 0
L -376.7314, -226.5992, -13.3795, -376.4787, -232.4506, -13.5691, 127, 64, 0
L -376.4787, -232.4506, -13.5691, -395.15, -259.1412, -10.2528, 127, 64, 0
L -395.15, -259.1412, -10.2528, -412.315, -246.8577, -3.3877, 127, 64, 0
L -412.315, -246.8577, -3.3877, -431.2517, -238.3569, -4.6733, 127, 64, 0
L -431.2517, -238.3569, -4.6733, -435.6739, -218.8529, -6.1378, 127, 64, 0
L -435.6739, -218.8529, -6.1378, -429.7635, -186.6435, -4.9372, 127, 64, 0
L -429.7635, -186.6435, -4.9372, -418.684, -167.6007, 4.2026, 127, 64, 0
L -418.684, -167.6007, 4.2026, -404.1046, -158.7493, -8.3315, 127, 64, 0
L -404.1046, -158.7493, -8.3315, -402.2167, -158.491, -8.297, 127, 64, 0
L -402.2167, -158.491, -8.297, -402.7241, -142.3294, -8.8783, 127, 64, 0
L -402.7241, -142.3294, -8.8783, -408.8181, -141.6394, -7.6459, 127, 64, 0
L -408.8181, -141.6394, -7.6459, -434.8195, -124.1962, -5.2733, 127, 64, 0
L -434.8195, -124.1962, -5.2733, -419.4791, -103.585, 4.4908, 127, 64, 0
L -419.4791, -103.585, 4.4908, -415.751, -88.8772, 1.2341, 127, 64, 0
L -415.751, -88.8772, 1.2341, -394.53, -83.2429, -1.1514, 127, 64, 0
L -394.53, -83.2429, -1.1514, -362.6433, -89.2364, 0.624, 127, 64, 0
L -362.6433, -89.2364, 0.624, -344.3215, -98.8402, 8.6562, 127, 64, 0
L -344.3215, -98.8402, 8.6562, -327.924, -98.8816, 12.9141, 127, 64, 0
L -327.924, -98.8816, 12.9141, -313.3036, -98.6243, 12.8534, 127, 64, 0
L -313.3036, -98.6243, 12.8534, -305.6897, -93.8936, 11.2112, 127, 64, 0
L -305.6897, -93.8936, 11.2112, -308.6476, -74.117, -1.8938, 127, 64, 0
L -308.6476, -74.117, -1.8938, -308.2769, -63.1833, -1.8219, 127, 64, 0
L -308.2769, -63.1833, -1.8219, -315.4134, -54.377, -2.9868, 127, 64, 0
L -315.4134, -54.377, -2.9868, -326.2722, -31.4036, -3.8938, 127, 64, 0
L -326.2722, -31.4036, -3.8938, -344.3777, -28.6618, 8.929, 127, 64, 0
L -344.3777, -28.6618, 8.929, -361.3539, -57.1156, 11.3308, 127, 64, 0
L -361.3539, -57.1156, 11.3308, -397.1526, -58.6465, 6.3628, 127, 64, 0
L -397.1526, -58.6465, 6.3628, -398.7685, -47.8973, 13.7218, 127, 64, 0
L -398.7685, -47.8973, 13.7218, -407.7588, -27.5738, 19.4635, 127, 64, 0
L -407.7588, -27.5738, 19.4635, -415.6317, -9.5419, 17.3431, 127, 64, 0
L -415.6317, -9.5419, 17.3431, -424.8566, 4.639, 16.2467, 127, 64, 0
L -424.8566, 4.639, 16.2467, -418.2289, 22.6753, 9.1872, 127, 64, 0
L -418.2289, 22.6753, 9.1872, -406.6186, 31.254, -8.3374, 127, 64, 0
L -406.6186, 31.254, -8.3374, -400.951, 33.9834, -8.8879, 127, 64, 0
L -400.951, 33.9834, -8.8879, -391.5996, 33.1722, -8.8938, 127, 64, 0
L -391.5996, 33.1722, -8.8938, -379.8106, 36.7648, -8.8938, 127, 64, 0
L -379.8106, 36.7648, -8.8938, -375.9929, 37.1015, -8.8918, 127, 64, 0
L -375.9929, 37.1015, -8.8918, -369.8844, 31.4747, -7.7653, 127, 64, 0
L -369.8844, 31.4747, -7.7653, -359.9664, 25.1189, -6.6059, 127, 64, 0
L -359.9664, 25.1189, -6.6059, -325.491, 25.291, -4.6661, 127, 64, 0
L -325.491, 25.291, -4.6661, -313.9861, 32.1861, 3.7858, 127, 64, 0
L -313.9861, 32.1861, 3.7858, -314.3129, 47.8697, 7.6959, 127, 64, 0
L -314.3129, 47.8697, 7.6959, -315.9519, 66.7864, 6.7149, 127, 64, 0
L -315.9519, 66.7864, 6.7149, -323.1648, 79.506, 5.7478, 127, 64, 0
L -323.1648, 79.506, 5.7478, -315.1087, 94.3856, 5.3699, 127, 64, 0
L -315.1087, 94.3856, 5.3699, -298.1453, 107.2189, -8.3101, 127, 64, 0
L -298.1453, 107.2189, -8.3101, -285.5282, 107.16, -8.8938, 127, 64, 0
L -285.5282, 107.16, -8.8938, -273.1202, 111.8382, -8.8938, 127, 64, 0
L -273.1202, 111.8382, -8.8938, -261.261, 102.7383, -5.1904, 127, 64, 0
L -261.261, 102.7383, -5.1904, -256.2559, 99.1213, -3.8195, 127, 64, 0
L -256.2559, 99.1213, -3.8195, -248.949, 99.7746, -6.3174, 127, 64, 0
L -248.949, 99.7746, -6.3174, -225.9577, 100.1149, -6.32, 127, 64, 0
L -225.9577, 100.1149, -6.32, -208.314, 106.6649, 2.9457, 127, 64, 0
L -208.314, 106.6649, 2.9457, -208.1494, 127.5033, 7.6882, 127, 64, 0
L -208.1494, 127.5033, 7.6882, -214.4496, 147.6911, 5.4981, 127, 64, 0
L -214.4496, 147.6911, 5.4981, -217.6466, 191.8201, -5.125, 127, 64, 0
L -217.6466, 191.8201, -5.125, -195.8842, 198.122, 4.8109, 127, 64, 0
L -195.8842, 198.122, 4.8109, -182.51, 204.6383, 5.1189, 127, 64, 0
L -182.51, 204.6383, 5.1189, -168.1882, 212.8726, -0.2356, 127, 64, 0
L -168.1882, 212.8726, -0.2356, -153.2266, 221.3548, 0.6491, 127, 64, 0
L -153.2266, 221.3548, 0.6491, -136.3862, 212.926, -0.402, 127, 64, 0
L -136.3862, 212.926, -0.402, -128.6451, 200.411, -13.8938, 127, 64, 0
L -128.6451, 200.411, -13.8938, -124.1932, 194.3006, -13.8938, 127, 64, 0
L -124.1932, 194.3006, -13.8938, -118.2215, 194.876, -13.8938, 127, 64, 0
L -118.2215, 194.876, -13.8938, -109.3126, 194.729, -13.8842, 127, 64, 0
L -109.3126, 194.729, -13.8842, -110.1718, 200.7547, -13.7994, 127, 64, 0
L -110.1718, 200.7547, -13.7994, -102.6503, 208.1833, -11.4977, 127, 64, 0
L -102.6503, 208.1833, -11.4977, -87.8547, 224.9455, -3.348, 127, 64, 0
L -87.8547, 224.9455, -3.348, -75.6422, 216.1052, -3.379, 127, 64, 0
L -75.6422, 216.1052, -3.379, -71.3011, 210.7116, -0.3338, 127, 64, 0
L -71.3011, 210.7116, -0.3338, -60.9951, 194.3765, -13.4231, 127, 64, 0
L -60.9951, 194.3765, -13.4231, -46.5959, 196.3537, -13.797, 127, 64, 0
L -46.5959, 196.3537, -9.4322, -24.459, 221.6672, 0.4422, 127, 64, 0
L -24.459, 221.6672, 0.4422, -5.8844, 210.651, 0.7117, 127, 64, 0
L -5.8844, 210.651, 0.7117, 7.16, 204.2567, 3.7248, 127, 64, 0
L 7.16, 204.2567, 3.7248, 14.249, 183.5783, -6.2061, 127, 64, 0
L 14.249, 183.5783, -6.2061, 7.7629, 154.6435, -4.9372, 127, 64, 0
L 7.7629, 154.6435, -4.9372, -2.1213, 137.2599, 4.9208, 127, 64, 0
L -2.1213, 137.2599, 4.9208, -7.2327, 130.7323, -8.3366, 127, 64, 0
L -7.2327, 130.7323, -8.3366, -22.2602, 126.365, -8.8938, 127, 64, 0
L -22.2602, 126.365, -8.8938, -30.2147, 126.8048, -7.1944, 127, 64, 0
L -30.2147, 126.8048, -7.1944, -46.792, 122.571, -8.8424, 127, 64, 0
L -46.792, 122.571, -8.8424, -57.2165, 132.4721, -5.7827, 127, 64, 0
L -57.2165, 132.4721, -5.7827, -60.2165, 134.8368, -4.4836, 127, 64, 0
L -60.2165, 134.8368, -4.4836, -70.7469, 131.7716, -6.3433, 127, 64, 0
L -70.7469, 131.7716, -6.3433, -88.8537, 133.8282, -5.8841, 127, 64, 0
L -88.8537, 133.8282, -5.8841, -100.8448, 136.633, 1.7894, 127, 64, 0
L -100.8448, 136.633, 1.7894, -107.5482, 127.9549, 2.6669, 127, 64, 0
L -107.5482, 127.9549, 2.6669, -108.4647, 100.3671, 8.6903, 127, 64, 0
L -108.4647, 100.3671, 8.6903, -104.6565, 90.5315, 6.8994, 127, 64, 0
L -104.6565, 90.5315, 6.8994, -98.9277, 80.6752, 5.7373, 127, 64, 0
L -98.9277, 80.6752, 5.7373, -106.1333, 66.9774, 7.2735, 127, 64, 0
L -106.1333, 66.9774, 7.2735, -116.3957, 51.8999, 2.8736, 127, 64, 0
L -116.3957, 51.8999, 2.8736, -133.158, 29.4116, 5.8794, 127, 64, 0
L -133.158, 29.4116, 5.8794, -141.219, 8.867, 8.814, 127, 64, 0
L -141.219, 8.867, 8.814, -140.348, 0.5268, 8.8719, 127, 64, 0
L -140.348, 0.5268, 8.8719, -111.9659, -27.2781, 6.308, 127, 64, 0
L -111.9659, -27.2781, 6.308, -99.1477, -46.9266, 5.7424, 127, 64, 0
L -99.1477, -46.9266, 5.7424, -99.4756, -78.7957, 13.1919, 127, 64, 0
L -99.4756, -78.7957, 13.1919, -133.843, -98.1329, 5.9836, 127, 64, 0
L -133.843, -98.1329, 5.9836, -152.6261, -107.3894, 5.6939, 127, 64, 0
L -152.6261, -107.3894, 5.6939, -160.312, -126.1547, -0.3264, 127, 64, 0
L -160.312, -126.1547, -0.3264, -160.314, -140.4583, -8.6308, 127, 64, 0
L -160.314, -140.4583, -8.6308, -160.2589, -148.2617, 1.3606, 127, 64, 0
L -160.2589, -148.2617, 1.3606, -144.832, -157.781, 1.167, 127, 64, 0
L -144.832, -157.781, 1.167, -128.3456, -169.2198, -4.2117, 127, 64, 0
L -128.3456, -169.2198, -4.2117, -112.9202, -182.8909, 3.2852, 127, 64, 0
L -112.9202, -182.8909, 3.2852, -95.8804, -197.4867, 14.8019, 127, 64, 0
L -95.8804, -197.4867, 14.8019, -86.6936, -191.9778, 10.359, 127, 64, 0
L -86.6936, -191.9778, 10.359, -75.1, -179.2901, 0.8863, 127, 64, 0
L -75.1, -179.2901, 0.8863, -53.435, -157.6741, 1.1706, 127, 64, 0
L -53.435, -157.6741, 1.1706, -35.6512, -146.9387, 0.8037, 127, 64, 0
L -35.6512, -146.9387, 0.8037, -19.3667, -155.306, -2.2684, 127, 64, 0
L -19.3667, -155.306, -2.2684, -0.8018, -155.8217, 2.8241, 127, 64, 0
L -0.8018, -155.8217, 2.8241, 13.8221, -155.6439, 3.766, 127, 64, 0
L 13.8221, -155.6439, 3.766, 20.3957, -150.2175, -0.1032, 127, 64, 0
L 20.3957, -150.2175, -0.1032, 18.8923, -132.5244, -9.1853, 127, 64, 0
L 18.8923, -132.5244, -9.1853, 18.7676, -119.6984, -11.6829, 127, 64, 0
L 18.7676, -119.6984, -11.6829, 11.722, -110.3733, -12.9857, 127, 64, 0
L 11.722, -110.3733, -12.9857, 6.2389, -95.7901, -13.4793, 127, 64, 0
L 6.2389, -95.7901, -13.4793, -0.7541, -87.1584, -13.6555, 127, 64, 0
L -52.955, -105.3264, 1.2253, -66.326, -99.8337, 1.488, 127, 64, 0
L -66.326, -99.8337, 1.488, -73.2772, -77.1554, -6.805, 127, 64, 0
L -73.2772, -77.1554, -6.805, -66.8499, -46.8761, -5.4635, 127, 64, 0
L -66.8499, -46.8761, -4.9347, -50.1668, -14.5807, 3.6859, 127, 64, 0
L -50.1668, -14.5807, 1.3028, -31.1536, -9.391, -1.1237, 127, 64, 0
L -31.1536, -9.391, -1.1237, -4.6098, -14.5571, -0.1635, 127, 64, 0
L -4.6098, -14.5571, -0.1635, 19.2683, -26.8476, 8.1595, 127, 64, 0
L 19.2683, -26.8476, 8.1595, 20.4869, -31.8511, -3.8411, 127, 64, 0
L 20.4869, -31.8511, -3.8411, 28.3885, -42.5394, -3.8938, 127, 64, 0
L 28.3885, -42.5394, -3.8938, 43.4951, -42.258, -3.8938, 127, 64, 0
L 43.4951, -42.258, -3.8938, 43.3736, -35.788, -2.3995, 127, 64, 0
L 43.3736, -35.788, -2.3995, 53.6691, -23.6708, -0.8331, 127, 64, 0
L 53.6691, -23.6708, -0.8331, 61.564, -13.3545, -0.726, 127, 64, 0
L 61.564, -13.3545, 10.3213, 80.8562, -25.528, 11.2658, 127, 64, 0
L 80.8562, -25.528, 11.2658, 101.5472, -40.5822, 6.6138, 127, 64, 0
L 101.5472, -40.5822, 6.6138, 113.172, -49.7287, 11.3213, 127, 64, 0
L 113.172, -49.7287, 11.3213, 130.7016, -57.2822, 12.6493, 127, 64, 0
L 130.7016, -57.2822, 12.6493, 144.6889, -55.9506, 12.4625, 127, 64, 0
L 144.6889, -55.9506, 12.4625, 173.6197, -26.6197, 11.1679, 127, 64, 0
L 173.6197, -26.6197, 11.1679, 191.4961, -15.8585, 10.803, 127, 64, 0
L 191.4961, -15.8585, 10.803, 207.8084, -24.4142, 11.5976, 127, 64, 0
L 207.8084, -24.4142, 11.5976, 226.2532, -37.9309, 5.9297, 127, 64, 0
L 226.2532, -37.9309, 5.9297, 239.6719, -47.5658, 9.3564, 127, 64, 0
L 239.6719, -47.5658, 9.3564, 256.4246, -56.7657, 12.3082, 127, 64, 0
L 256.4246, -56.7657, 12.3082, 270.7859, -57.5959, 13.2441, 127, 64, 0
L 270.7859, -57.5959, 13.2441, 303.646, -22.6144, 10.2675, 127, 64, 0
L 303.646, -22.6144, 10.2675, 301.5394, -2.9565, -2.1029, 127, 64, 0
L 301.5394, -2.9565, -2.1029, 301.8675, 18.8649, -0.3261, 127, 64, 0
L 301.8675, 18.8649, -0.3261, 299.84, 28.2164, 13.2753, 127, 64, 0
L 299.84, 28.2164, 13.2753, 287.4311, 34.9729, 18.1504, 127, 64, 0
L 287.4311, 34.9729, 18.1504, 281.7047, 52.1683, 3.9073, 127, 64, 0
L 281.7047, 52.1683, 3.9073, 287.2364, 82.3567, 5.652, 127, 64, 0
L 287.2364, 82.3567, 5.652, 296.4017, 98.6427, 14.7888, 127, 64, 0
L 296.4017, 98.6427, 14.7888, 305.511, 105.8924, 1.1063, 127, 64, 0
L 305.511, 105.8924, 1.1063, 314.4381, 112.5063, 1.1062, 127, 64, 0
L 314.4381, 112.5063, 1.1062, 314.3466, 126.7113, 1.3984, 127, 64, 0
L 314.3466, 126.7113, 1.3984, 295.331, 136.9608, 4.3478, 127, 64, 0
L 295.331, 136.9608, 4.3478, 286.3724, 143.8301, 9.336, 127, 64, 0
L 286.3724, 143.8301, 15.6107, 294.9134, 165.2711, 1.8144, 127, 64, 0
L 294.9134, 165.2711, 1.8144, 306.3879, 169.2498, 1.1478, 127, 64, 0
L 306.3879, 169.2498, 1.1478, 317.876, 174.9689, 1.1178, 127, 64, 0
L 317.876, 174.9689, 1.1178, 325.3917, 174.2026, 1.1344, 127, 64, 0
L 325.3917, 174.2026, 1.1344, 337.7921, 177.9541, 1.1768, 127, 64, 0
L 337.7921, 177.9541, 1.1768, 353.6798, 168.2563, 3.112, 127, 64, 0
L 353.6798, 168.2563, 3.112, 381.4164, 168.5677, 4.1936, 127, 64, 0
L 381.4164, 168.5677, 4.1936, 395.1034, 164.9019, 10.3467, 127, 64, 0
L 395.1034, 164.9019, 10.3467, 402.8501, 175.241, 13.85, 127, 64, 0
L 402.8501, 175.241, 13.85, 402.8661, 195.51, 17.6667, 127, 64, 0
L 402.8661, 195.51, 17.6667, 400.7805, 208.1391, 16.4971, 127, 64, 0
L 400.7805, 208.1391, 16.4971, 393.8833, 220.4132, 15.7463, 127, 64, 0
L 393.8833, 220.4132, 15.7463, 402.9687, 237.6879, 14.6343, 127, 64, 0
L 402.9687, 237.6879, 14.6343, 413.1168, 243.7855, 1.2559, 127, 64, 0
L 413.1168, 243.7855, 1.2559, 419.5142, 247.5629, 4.8086, 127, 64, 0
L 419.5142, 247.5629, 4.8086, 420.4037, 264.4825, 1.7412, 127, 64, 0
L 420.4037, 264.4825, 1.7412, 415.3965, 263.7656, 1.108, 127, 64, 0
L 415.3965, 263.7656, 1.108, 394.6732, 278.6383, 3.9171, 127, 64, 0
L 394.6732, 278.6383, 3.9171, 392.3466, 328.6723, 5.282, 127, 64, 0
L 392.3466, 328.6723, 8.4596, 407.1782, 328.4488, 11.1811, 127, 64, 0
L 407.1782, 328.4488, 11.1811, 424.6236, 333.8756, 15.4216, 127, 64, 0
L 424.6236, 333.8756, 15.4216, 445.6918, 345.5174, 9.8835, 127, 64, 0
L 445.6918, 345.5174, 9.8835, 456.6625, 351.5806, 10.8439, 127, 64, 0
L 456.6625, 351.5806, 10.8439, 476.4, 343.3011, 8.3859, 127, 64, 0
L 476.4, 343.3011, 8.3859, 489.1734, 344.6551, 10.8917, 127, 64, 0
L 489.1734, 344.6551, 10.8917, 506.6148, 343.682, 12.477, 127, 64, 0
L 506.6148, 343.682, 12.477, 520.6416, 351.6736, 10.8161, 127, 64, 0
L 520.6416, 351.6736, 10.8161, 536.4525, 344.3489, 11.5121, 127, 64, 0
L 536.4525, 344.3489, 11.5121, 556.5244, 329.8731, 5.8357, 127, 64, 0
L 556.5244, 329.8731, 5.8357, 567.239, 321.2341, 9.9505, 127, 64, 0
L -14.1552, -85.7347, -3.419, -34.2606, -109.5571, 14.5574, 127, 64, 0
L -34.2606, -109.5571, 14.5574, -52.955, -105.3264, 1.9454, 127, 64, 0
L -0.7541, -87.1584, -9.755, -14.1552, -85.7347, -2.2259, 127, 64, 0
L -687.6811, -203.8596, -7.9565, -701.287, -216.8679, -8.273, 0, 73, 0
L -701.287, -216.8679, -8.273, -715.4185, -205.9197, -9.5282, 0, 73, 0
L -715.4185, -205.9197, -9.5282, -722.3807, -206.347, -7.5462, 0, 73, 0
L -722.3807, -206.347, -7.5462, -737.5718, -216.69, -7.7592, 0, 73, 0
L -737.5718, -216.69, -7.7592, -752.4819, -206.3297, -9.564, 0, 73, 0
L -752.4819, -206.3297, -9.564, -763.2254, -208.2248, -8.1186, 0, 73, 0
L -763.2254, -208.2248, -8.1186, -761.6522, -215.4745, -8.8353, 0, 73, 0
L -761.6522, -215.4745, -8.8353, -769.3402, -225.831, -7.9943, 0, 73, 0
L -769.3402, -225.831, -7.9943, -785.7487, -209.7479, -9.145, 0, 73, 0
L -785.7487, -209.7479, -9.145, -800.2294, -218.1956, -8.9534, 0, 73, 0
L -800.2294, -218.1956, -8.9534, -817.5143, -208.3992, -8.6496, 0, 73, 0
L -817.5143, -208.3992, -8.6496, -834.3698, -192.4804, -9.6832, 0, 73, 0
L -834.3698, -192.4804, -9.6832, -844.3846, -186.6213, -9.3766, 0, 73, 0
L -844.3846, -186.6213, -9.3766, -851.1286, -194.1868, -9.989, 0, 73, 0
L -851.1286, -194.1868, -9.989, -863.5478, -188.1234, -9.9182, 0, 73, 0
L -863.5478, -188.1234, -9.9182, -861.5476, -225.6019, -7.3056, 0, 73, 0
L -861.5476, -225.6019, -7.3056, -856.7641, -242.9807, -6.4462, 0, 73, 0
L -856.7641, -242.9807, -6.4462, -861.696, -261.6555, -4.7107, 0, 73, 0
L -861.696, -261.6555, -4.7107, -847.889, -259.1363, -5.1349, 0, 73, 0
L -847.889, -259.1363, -5.1349, -838.7356, -253.4977, -4.9363, 0, 73, 0
L -838.7356, -253.4977, -4.9363, -835.4573, -240.7995, -6.7012, 0, 73, 0
L -835.4573, -240.7995, -6.7012, -829.4002, -248.7716, -5.439, 0, 73, 0
L -829.4002, -248.7716, -5.439, -817.1728, -245.28, -7.77, 0, 73, 0
L -817.1728, -245.28, -7.77, -802.128, -234.6445, -7.3365, 0, 73, 0
L -802.128, -234.6445, -7.3365, -782.963, -249.5949, -11.423, 0, 73, 0
L -782.963, -249.5949, -11.423, -779.2789, -261.1908, -6.5486, 0, 73, 0
L -769.4986, -268.4178, -6.2769, -757.874, -267.3267, -5.6245, 0, 73, 0
L -757.874, -267.3267, -5.6245, -755.8129, -264.6888, -6.5004, 0, 73, 0
L -755.8129, -264.6888, -6.5004, -738.5045, -233.5732, -8.8399, 0, 73, 0
L -738.5045, -233.5732, -8.8399, -722.7074, -240.9724, -7.7625, 0, 73, 0
L -722.7074, -240.9724, -7.7625, -702.8529, -262.167, -5.1406, 0, 73, 0
L -702.8529, -262.167, -5.1406, -688.1853, -269.3938, -5.697, 0, 73, 0
L -688.1853, -269.3938, -5.697, -673.9615, -276.5176, -3.7911, 0, 73, 0
L -673.9615, -276.5176, -3.7911, -656.9506, -277.4889, -3.2094, 0, 73, 0
L -656.9506, -277.4889, -3.2094, -642.7916, -261.6804, -6.1127, 0, 73, 0
L -642.7916, -261.6804, -6.1127, -624.7164, -243.534, -5.5327, 0, 73, 0
L -624.7164, -243.534, -5.5327, -608.398, -231.4009, -8.9536, 0, 73, 0
L -608.398, -231.4009, -8.9536, -588.9777, -245.8316, -8.21, 0, 73, 0
L -588.9777, -245.8316, -8.21, -587.5282, -261.8222, -6.617, 0, 73, 0
L -587.5282, -261.8222, -6.617, -584.2532, -267.4073, -4.9341, 0, 73, 0
L -584.2532, -267.4073, -4.9341, -576.1191, -268.6711, -5.8701, 0, 73, 0
L -576.1191, -268.6711, -5.8701, -566.1331, -268.6306, -6.2946, 0, 73, 0
L -566.1331, -268.6306, -6.2946, -563.5045, -265.2164, -5.9995, 0, 73, 0
L -563.5045, -265.2164, -5.9995, -557.3442, -254.6985, -7.6867, 0, 73, 0
L -554.2653, -244.5377, -7.6867, -554.724, -231.544, -9.243, 0, 73, 0
L -554.724, -231.544, -9.243, -556.2868, -212.3375, -10.2687, 0, 73, 0
L -556.2868, -212.3375, -10.2687, -559.8916, -208.229, -9.792, 0, 73, 0
L -559.8916, -208.229, -9.792, -570.9, -210.2629, -9.53, 0, 73, 0
L -570.9, -210.2629, -9.53, -570.461, -215.3385, -8.5507, 0, 73, 0
L -570.461, -215.3385, -8.5507, -576.7578, -224.2458, -7.8895, 0, 73, 0
L -576.7578, -224.2458, -7.8895, -592.5089, -210.4309, -9.869, 0, 73, 0
L -592.5089, -210.4309, -9.869, -614.2558, -216.2888, -10.8773, 0, 73, 0
L -614.2558, -216.2888, -10.8773, -627.273, -206.1254, -10.1493, 0, 73, 0
L -627.273, -206.1254, -10.1493, -631.6476, -204.4984, -9.5545, 0, 73, 0
L -631.6476, -204.4984, -9.5545, -634.8286, -222.9199, -7.9631, 0, 73, 0
L -634.8286, -222.9199, -7.9631, -641.3343, -238.244, -6.9936, 0, 73, 0
L -641.3343, -238.244, -6.9936, -656.1748, -224.8983, -7.7363, 0, 73, 0
L -656.1748, -224.8983, -7.7363, -673.882, -240.2302, -6.5384, 0, 73, 0
L -673.882, -240.2302, -6.5384, -676.1272, -227.2014, -7.54, 0, 73, 0
L -676.1272, -227.2014, -7.54, -687.6811, -203.8596, -9.6072, 0, 73, 0
L -865.6444, -264.7382, -5.164, -880.5261, -224.185, -7.8882, 0, 73, 0
L -880.5261, -224.185, -7.8882, -894.7222, -261.796, -5.3029, 0, 73, 0
L -894.7222, -261.796, -5.3029, -889.385, -276.8324, -6.1288, 0, 73, 0
L -889.385, -276.8324, -6.1288, -890.2423, -297.317, -5.543, 0, 73, 0
L -890.2423, -297.317, -5.543, -893.3654, -307.9587, -3.4609, 0, 73, 0
L -893.3654, -307.9587, -3.4609, -899.529, -309.8928, -2.4521, 0, 73, 0
L -899.529, -309.8928, -2.4521, -896.4546, -332.274, -0.9443, 0, 73, 0
L -896.4546, -332.274, -0.9443, -897, -338.2149, -1.9801, 0, 73, 0
L -897, -338.2149, -1.9801, -904.4423, -346.92, -1.4117, 0, 73, 0
L -904.4423, -346.92, -1.4117, -918.4269, -377.7701, -2.4298, 0, 73, 0
L -918.4269, -377.7701, -2.4298, -917.9782, -391.201, -0.4656, 0, 73, 0
L -917.9782, -391.201, -0.4656, -906.1793, -413.77, -1.872, 0, 73, 0
L -906.1793, -413.77, -1.872, -917.589, -425.4576, -1.1577, 0, 73, 0
L -917.589, -425.4576, -1.1577, -918.3572, -439.2208, -1.7258, 0, 73, 0
L -918.3572, -439.2208, -1.7258, -904.7418, -449.4037, -1.7531, 0, 73, 0
L -904.7418, -449.4037, -1.7531, -895.3148, -444.7302, -1.9946, 0, 73, 0
L -895.3148, -444.7302, -1.9946, -903.7677, -414.302, -1.7684, 0, 73, 0
L -903.7677, -414.302, -1.7684, -887.9774, -368.877, -1.7076, 0, 73, 0
L -887.9774, -368.877, -1.7076, -874.4329, -369.54, -1.7925, 0, 73, 0
L -874.4329, -369.54, -1.7925, -863.176, -368.2731, -2.35, 0, 73, 0
L -863.176, -368.2731, -2.35, -857.8315, -380.5262, -1.8807, 0, 73, 0
L -857.8315, -380.5262, -1.8807, -856.8753, -397.5933, -1.9084, 0, 73, 0
L -856.8753, -397.5933, -1.9084, -853.4124, -412.1619, -2.116, 0, 73, 0
L -853.4124, -412.1619, -2.116, -841.28, -431.1585, -1.7025, 0, 73, 0
L -841.28, -431.1585, -1.7025, -830.7042, -425.8908, -2.38, 0, 73, 0
L -830.7042, -425.8908, -2.38, -830.2835, -408.685, -2.8959, 0, 73, 0
L -830.2835, -408.685, -2.8959, -828.1876, -388.1702, -1.8945, 0, 73, 0
L -828.1876, -388.1702, -1.8945, -841.9904, -379.5067, -3.6598, 0, 73, 0
L -841.9904, -379.5067, -3.6598, -849.2333, -352.4121, -3.3992, 0, 73, 0
L -849.2333, -352.4121, -3.3992, -850.8954, -346.5864, -3.4834, 0, 73, 0
L -850.8954, -346.5864, -3.4834, -863.5105, -328.4171, -2.809, 0, 73, 0
L -863.5105, -328.4171, -2.809, -862.3046, -309.731, -3.358, 0, 73, 0
L 362.6422, 284.9392, 11.48, 368.2298, 317.4322, 5.3261, 127, 64, 0
L 362.6422, 284.9392, 15.3155, 353.2583, 267.9207, 13.2114, 127, 64, 0
L 353.2583, 267.9207, 13.2114, 353.3376, 238.4767, 17.6006, 127, 64, 0
L -862.3046, -309.731, -3.358, -868.448, -308.3206, -3.358, 0, 73, 0
L -865.644, -293.6403, -1.267, -865.6444, -264.7382, -5.113, 0, 73, 0
L -96.2479, -452.2524, -10.8293, -99.1306, -446.8575, -10.8573, 0, 73, 0
L -99.1306, -446.8575, -10.8573, -98.7386, -424.153, -10.9604, 0, 73, 0
L -41.7194, -415.2853, -10.5919, -42.7152, -441.187, -10.8185, 0, 73, 0
L -42.7152, -441.187, -10.8185, -45.536, -444.3557, -10.8965, 0, 73, 0
L -23.4816, -401.4189, -10.9008, -23.353, -383.2436, -10.8912, 0, 73, 0
L -23.353, -383.2436, -10.8912, -31.1886, -372.5267, -10.8694, 0, 73, 0
L -31.1886, -372.5267, -10.8694, -30.8802, -351.167, -10.9078, 0, 73, 0
L -30.8802, -351.167, -10.9078, -7.601, -325.7269, -10.9075, 0, 73, 0
L -7.601, -325.7269, -10.9075, 19.9075, -325.491, -10.9901, 0, 73, 0
L 19.9075, -325.491, -10.9901, 26.2105, -322.7056, -10.7829, 0, 73, 0
L 26.2105, -322.7056, -10.7829, 75.5293, -323.204, -10.8605, 0, 73, 0
L 75.5293, -323.204, -10.8605, 82.3353, -347.473, -10.9323, 0, 73, 0
L 82.3353, -347.473, -10.9323, 78.208, -358.6378, -11.48, 0, 73, 0
L 78.208, -358.6378, -11.48, 78.3135, -382.5171, -10.801, 0, 73, 0
L 78.3135, -382.5171, -10.801, 56.8243, -413.271, -10.8991, 0, 73, 0
L 56.8243, -413.271, -10.8991, 72.8459, -427.9184, -10.8646, 0, 73, 0
L 72.8459, -427.9184, -10.8646, 71.9826, -441.9666, -10.9571, 0, 73, 0
L 71.9826, -441.9666, -10.9571, 58.5795, -473.4762, -10.9048, 0, 73, 0
L 58.5795, -473.4762, -10.9048, 76.5619, -487.6465, -10.9482, 0, 73, 0
L 76.5619, -487.6465, -10.9482, 77.8362, -506.7454, -10.9407, 0, 73, 0
L 77.8362, -506.7454, -10.9407, 56.6261, -539.579, -11.44, 0, 73, 0
L 56.6261, -539.579, -11.44, 26.6788, -524.8731, -10.9535, 0, 73, 0
L 26.6788, -524.8731, -10.9535, 17.9482, -517.3423, -10.9314, 0, 73, 0
L 17.9482, -517.3423, -10.9314, -7.4995, -517.6512, -10.8382, 0, 73, 0
L -7.4995, -517.6512, -10.8382, -20.5491, -522.831, -11.104, 0, 73, 0
L -20.5491, -522.831, -11.104, -22.1054, -509.2459, -10.9495, 0, 73, 0
L -22.1054, -509.2459, -10.9495, -7.9969, -494.9474, -10.9517, 0, 73, 0
L -7.9969, -494.9474, -10.9517, 22.8297, -478.1252, -10.896, 0, 73, 0
L 22.8297, -478.1252, -10.896, 9.4436, -461.2144, -10.9009, 0, 73, 0
L 9.4436, -461.2144, -10.9009, 8.191, -432.244, -10.843, 0, 73, 0
L 8.191, -432.244, -10.843, -9.1807, -433.8403, -9.4769, 0, 73, 0
L -9.1807, -433.8403, -9.4769, -25.5385, -434.704, -10.8594, 0, 73, 0
L -25.5385, -434.704, -10.8594, -28.906, -413.3684, -10.9169, 0, 73, 0
L -28.906, -413.3684, -10.9169, -23.4816, -401.4189, -10.9848, 0, 73, 0
P 100, 425, 4.1699, 0, 0, 0, 1, Map_by_Goodurden
P 593.8724, 332.5618, 0.8498, 0, 127, 0, 3, to_Lesser_Faydark
