L 520.1462, -337.3528, -2.8938, 520.1443, -395.8559, -2.8938, 0, 0, 0
L 520.1443, -395.8559, -2.8938, 647.3555, -395.8557, -2.8938, 0, 0, 0
L 647.3555, -395.8557, -2.8938, 647.332, -306.644, -2.8938, 0, 0, 0
L 647.332, -306.644, -2.8938, 520.144, -306.6449, -2.8938, 0, 0, 0
L 520.144, -306.6449, -2.8938, 520.1413, -322.6465, -2.8938, 0, 0, 0
L 519.1439, -322.6447, -2.8938, 519.1464, -324.1438, -2.8938, 0, 0, 0
L 519.1441, -322.6449, -2.8938, 520.1413, -322.6465, -2.8938, 0, 0, 0
L 520.1462, -337.3528, -2.8938, 519.1441, -337.3552, -2.8938, 0, 0, 0
L 519.1441, -337.3552, -2.8938, 519.1467, -335.8528, -2.8938, 0, 0, 0
L 508.8523, -335.8591, -2.8938, 519.1467, -335.8528, -2.8938, 0, 0, 0
L 519.1464, -324.1438, -2.8938, 508.8532, -324.1512, -2.8938, 0, 0, 0
L 508.8532, -324.1512, -2.8938, 508.8557, -322.6496, -2.8938, 0, 0, 0
L 508.8557, -322.6496, -2.8938, 507.8535, -322.6243, -2.8938, 0, 0, 0
L 507.8535, -322.6243, -2.8938, 507.8557, -306.6437, -2.8938, 0, 0, 0
L 507.8557, -306.6437, -2.8938, 476.2325, -306.6449, -2.8938, 0, 0, 0
L 508.8523, -335.8591, -2.8938, 508.8562, -337.3523, -2.8938, 0, 0, 0
L 507.8539, -337.3557, -2.8938, 507.8553, -353.3557, -2.8938, 0, 0, 0
L 507.8553, -353.3557, -2.8938, 460.7755, -353.3562, -2.8938, 0, 0, 0
L 460.7755, -353.3562, -2.8938, 412.7669, -305.3519, -2.8938, 0, 0, 0
L 412.7669, -305.3519, -2.8938, 381.165, -305.3557, -2.8938, 0, 0, 0
L 381.165, -305.3557, -2.8938, 381.1406, -289.3514, -2.8938, 0, 0, 0
L 381.1406, -289.3514, -2.8938, 380.1442, -289.3548, -2.8938, 0, 0, 0
L 380.1442, -289.3548, -2.8938, 380.1467, -287.8548, -2.8938, 0, 0, 0
L 369.8532, -287.8557, -2.8938, 380.1467, -287.8548, -2.8938, 0, 0, 0
L 369.8534, -276.1336, -2.8938, 380.1467, -276.1485, -2.8938, 0, 0, 0
L 380.1467, -276.1485, -2.8938, 380.1442, -274.6447, -2.8938, 0, 0, 0
L 380.1442, -274.6447, -2.8938, 381.1483, -274.6431, -2.8938, 0, 0, 0
L 381.1483, -274.6431, -2.8938, 381.1442, -258.6444, -2.8938, 0, 0, 0
L 381.1442, -258.6444, -2.8938, 428.1933, -258.6442, -2.8938, 0, 0, 0
L 428.1933, -258.6442, -2.8938, 476.2325, -306.6449, -2.8938, 0, 0, 0
L 508.8557, -337.3543, -2.8938, 507.8539, -337.3557, -2.8938, 0, 0, 0
L 369.8534, -276.1336, -2.8938, 369.8557, -274.6446, -2.8938, 0, 0, 0
L 369.8557, -274.6446, -2.8938, 368.8528, -274.5708, -2.8938, 0, 0, 0
L 369.8532, -287.8557, -2.8938, 369.8561, -289.3557, -2.8938, 0, 0, 0
L 369.8561, -289.3557, -2.8938, 368.8559, -289.3539, -2.8938, 0, 0, 0
L 368.8559, -289.3539, -2.8938, 368.8405, -305.3555, -2.8938, 0, 0, 0
L 368.8405, -305.3555, -2.8938, 353.2262, -305.3539, -2.8938, 0, 0, 0
L 353.2262, -305.3539, -2.8938, 320.8548, -337.7334, -2.8938, 0, 0, 0
L 320.8548, -337.7334, -2.8938, 320.8036, -353.6279, -2.8938, 0, 0, 0
L 320.8036, -353.6279, -2.8938, 289.3231, -369.3566, -2.8938, 0, 0, 0
L 289.3231, -369.3566, -2.8938, 273.721, -369.3555, -2.8938, 0, 0, 0
L 273.721, -369.3555, -2.8938, 242.1644, -353.6129, -2.8938, 0, 0, 0
L 242.1644, -353.6129, -2.8938, 242.1416, -337.7296, -2.8938, 0, 0, 0
L 242.1416, -337.7296, -2.8938, 209.7754, -305.3655, -2.8938, 0, 0, 0
L 209.7754, -305.3655, -2.8938, 194.1443, -305.3129, -2.8938, 0, 0, 0
L 194.1443, -305.3129, -2.8938, 194.1439, -258.644, -2.8938, 0, 0, 0
L 194.1439, -258.644, -2.8938, 225.1283, -258.6433, -2.8938, 0, 0, 0
L 225.1283, -258.6433, -2.8938, 241.2456, -274.6449, -2.8938, 0, 0, 0
L 241.2456, -274.6449, -2.8938, 274.1469, -274.6458, -2.8938, 0, 0, 0
L 274.1469, -274.6458, -2.8938, 274.1442, -257.6446, -2.8938, 0, 0, 0
L 274.1442, -257.6446, -2.8938, 275.646, -257.6469, -2.8938, 0, 0, 0
L 275.646, -257.6469, -2.8938, 275.646, -247.3531, -2.8938, 0, 0, 0
L 274.1447, -247.3557, -2.8938, 274.1447, -246.3537, -2.8938, 0, 0, 0
L 274.1447, -247.3557, -2.8938, 275.646, -247.3531, -2.8938, 0, 0, 0
L 274.1447, -246.3537, -2.8938, 258.1442, -246.3548, -2.8938, 0, 0, 0
L 258.1442, -246.3548, -2.8938, 258.1446, -230.7289, -2.8938, 0, 0, 0
L 258.1446, -230.7289, -2.8938, 225.7664, -198.3537, -2.8938, 0, 0, 0
L 225.7664, -198.3537, -2.8938, 209.9359, -198.3562, -2.8938, 0, 0, 0
L 209.9359, -198.3562, -2.8938, 194.1533, -166.8668, -2.8938, 0, 0, 0
L 194.1533, -166.8668, -2.8938, 194.1433, -151.1761, -2.8938, 0, 0, 0
L 194.1433, -151.1761, -2.8938, 209.8755, -119.6902, -2.8938, 0, 0, 0
L 209.8755, -119.6902, -2.8938, 225.7743, -119.6405, -2.8938, 0, 0, 0
L 225.7743, -119.6405, -2.8938, 258.1449, -87.2669, -2.8938, 0, 0, 0
L 258.1449, -87.2669, -2.8938, 258.1444, -71.6441, -2.8938, 0, 0, 0
L 258.1444, -71.6441, -2.8938, 274.1451, -71.6475, -2.8938, 0, 0, 0
L 274.1451, -71.6475, -2.8938, 274.144, -70.6448, -2.8938, 0, 0, 0
L 274.144, -70.6448, -2.8938, 275.646, -70.645, -2.8938, 0, 0, 0
L 275.646, -70.645, -2.8938, 275.6472, -65.8507, -2.8938, 0, 0, 0
L 274.5364, -65.8559, -2.8938, 275.6472, -65.8507, -2.8938, 0, 0, 0
L 274.644, -65.8554, -2.8938, 274.6467, -57.8537, -2.8938, 0, 0, 0
L 274.6467, -57.8537, -2.8938, 264.6442, -57.8558, -2.8938, 0, 0, 0
L 264.6442, -57.8558, -2.8938, 264.6464, 0.6493, -2.8938, 0, 0, 0
L 264.6464, 0.6493, -2.8938, 264.1442, 0.6497, -2.8938, 64, 64, 64
L 264.1442, 0.6497, -2.8938, 264.1528, 34.3727, -2.8938, 64, 64, 64
L 264.6435, 34.3688, -2.8938, 264.1528, 34.3727, -2.8938, 64, 64, 64
L 264.6435, 34.3688, -2.9007, 264.644, 96.3332, -2.8938, 0, 0, 0
L 264.644, 96.3332, -2.8938, 274.6446, 96.3588, -2.8938, 0, 0, 0
L 274.6446, 96.3588, -2.8938, 274.6478, 109.1436, -2.8938, 0, 0, 0
L 274.6478, 109.1436, -2.8938, 274.1438, 109.144, -2.8938, 0, 0, 0
L 274.1438, 109.144, -2.8938, 274.1451, 110.1436, -2.8938, 0, 0, 0
L 274.1451, 110.1436, -2.8938, 239.1434, 110.1479, -2.8938, 0, 0, 0
L 239.1434, 110.1479, -2.8938, 239.1444, 126.1452, -2.8938, 0, 0, 0
L 238.1439, 126.1704, -2.8938, 238.1459, 127.6453, -2.8938, 0, 0, 0
L 238.1459, 127.6453, -2.8938, 233.3492, 127.6453, -2.8938, 0, 0, 0
L 233.3556, 126.6465, -2.8938, 233.3492, 127.6453, -2.8938, 0, 0, 0
L 233.3556, 126.6465, -2.8938, 216.8548, 126.646, -2.8938, 0, 0, 0
L 238.1439, 126.1445, -2.8938, 239.1444, 126.1452, -2.8938, 0, 0, 0
L 216.8548, 126.646, -2.8938, 216.8565, 110.1441, -2.3927, 0, 0, 0
L 216.8565, 110.1441, -2.3938, 169.1428, 110.1432, -2.3927, 0, 0, 0
L 169.1428, 110.1432, -2.3927, 169.1474, 126.646, -2.8938, 0, 0, 0
L 169.1474, 126.646, -2.8938, 152.6449, 126.644, -2.8938, 0, 0, 0
L 152.6542, 127.6454, -2.8938, 146.8546, 127.6453, -2.8938, 0, 0, 0
L 146.8546, 127.6453, -2.8938, 146.8557, 98.3525, -2.8938, 0, 0, 0
L 146.8557, 98.3525, -2.8938, 147.8558, 98.3558, -2.8938, 0, 0, 0
L 147.8558, 98.3558, -2.8938, 147.8528, 96.8558, -2.8938, 0, 0, 0
L 147.8528, 96.8558, -2.8938, 152.646, 96.8528, -2.8938, 0, 0, 0
L 152.646, 96.8528, -2.8938, 152.6439, 98.3058, -2.8938, 0, 0, 0
L 152.6441, 98.3558, -2.8938, 155.1299, 98.3512, -2.8938, 0, 0, 0
L 155.1299, 98.3512, -2.8938, 155.1785, 102.3556, -2.8938, 0, 0, 0
L 155.1785, 102.3556, -2.8938, 177.8558, 102.355, -2.8938, 0, 0, 0
L 177.8558, 102.355, -2.8938, 177.8575, 79.6439, -2.8938, 0, 0, 0
L 177.856, 99.6705, -2.8938, 169.8449, 99.6315, -2.8938, 64, 64, 64
L 169.8449, 99.6315, -2.8938, 169.8431, 93.147, -2.8938, 64, 64, 64
L 169.8431, 93.147, -2.8937, 170.6956, 93.169, -2.6783, 64, 64, 64
L 170.6956, 93.169, -2.6783, 170.6963, 88.978, -2.6798, 64, 64, 64
L 170.6963, 88.978, -2.6798, 169.8397, 88.9775, -2.6682, 64, 64, 64
L 169.8428, 82.3336, -2.8938, 169.8397, 88.9775, -2.8938, 64, 64, 64
L 169.8428, 82.3336, -2.8938, 177.8557, 82.3371, -2.8938, 64, 64, 64
L 177.8575, 79.6439, -2.8938, 155.1442, 79.6445, -2.8938, 0, 0, 0
L 155.1442, 79.6445, -2.8938, 155.1494, 83.6461, -2.8938, 0, 0, 0
L 155.1494, 83.6461, -2.8938, 152.6437, 83.644, -2.8938, 0, 0, 0
L 152.6437, 83.644, -2.8938, 152.6466, 85.1436, -2.8938, 0, 0, 0
L 147.8528, 83.6441, -2.8938, 146.8507, 83.6477, -2.8938, 0, 0, 0
L 152.6466, 85.1436, -2.8938, 147.8533, 85.1457, -2.8938, 0, 0, 0
L 147.8557, 83.6448, -2.8938, 147.8533, 85.1457, -2.8938, 0, 0, 0
L 146.8507, 83.6477, -2.8938, 146.8557, 67.6447, -2.8938, 0, 0, 0
L 146.8557, 67.6447, -2.8938, 111.8522, 67.645, -2.8938, 0, 0, 0
L 111.8522, 67.645, -2.8938, 111.8555, 66.6852, -2.8938, 0, 0, 0
L 111.8551, 66.6441, -2.8938, 110.3532, 66.6467, -2.8938, 0, 0, 0
L 110.3507, 56.3541, -2.8938, 110.3532, 66.6467, -2.8938, 0, 0, 0
L 110.3507, 56.3541, -2.8938, 111.8551, 56.3558, -2.8938, 0, 0, 0
L 111.8551, 56.3558, -2.8938, 111.8486, 47.7393, -2.8938, 0, 0, 0
L 111.8486, 47.7393, -2.8938, 120.2292, 39.3549, -2.8938, 0, 0, 0
L 120.2292, 39.3549, -2.8938, 128.8548, 39.356, -2.8938, 0, 0, 0
L 128.8548, 39.356, -2.8938, 128.8569, 37.8549, -2.8938, 0, 0, 0
L 128.8569, 37.8549, -2.8938, 139.1488, 37.8556, -2.8938, 0, 0, 0
L 139.1488, 37.8556, -2.8938, 139.146, 38.7334, -2.8938, 0, 0, 0
L 139.146, 38.7334, -2.8938, 155.7312, 55.3213, -2.8938, 0, 0, 0
L 155.7312, 55.3213, -2.8938, 186.8468, 55.3562, -2.8938, 0, 0, 0
L 186.8468, 55.3562, -2.8938, 186.8289, 40.6443, -2.8938, 0, 0, 0
L 186.8289, 40.6443, -2.8938, 170.8549, 40.6463, -2.8938, 0, 0, 0
L 170.8549, 40.6463, -2.8938, 170.8516, 23.3518, -2.8938, 0, 0, 0
L 170.8516, 23.3518, -2.8938, 186.8557, 23.355, -2.8938, 0, 0, 0
L 186.8557, 23.355, -2.8938, 186.8549, 8.6441, -2.8938, 0, 0, 0
L 186.8549, 8.6441, -2.8938, 155.8092, 8.6442, -2.8938, 0, 0, 0
L 155.8092, 8.6442, -2.8938, 139.7637, 24.647, -2.8938, 0, 0, 0
L 139.7637, 24.647, -2.8938, 139.1437, 24.6439, -2.8938, 0, 0, 0
L 139.1437, 24.6439, -2.8938, 139.1499, 26.1442, -2.8938, 0, 0, 0
L 139.1499, 26.1442, -2.8938, 128.854, 26.1442, -2.8938, 0, 0, 0
L 128.854, 26.1442, -2.8938, 128.8557, 24.6448, -2.8938, 0, 0, 0
L 128.8557, 24.6448, -2.8938, 128.2323, 24.6446, -2.8938, 0, 0, 0
L 128.2323, 24.6446, -2.8938, 126.1175, 22.5284, -2.8938, 0, 0, 0
L 126.1175, 22.5284, -2.8938, 123.416, 25.8448, -2.8938, 0, 0, 0
L 123.416, 25.8448, -2.8938, 110.3541, 14.61, -2.8938, 0, 0, 0
L 110.3541, 14.61, -2.8938, 113.8602, 10.2712, -2.8938, 0, 0, 0
L 111.8537, 8.2568, -2.8938, 111.8556, 7.6456, -2.8938, 0, 0, 0
L 111.8556, 7.6456, -2.8938, 110.3559, 7.6418, -2.8938, 0, 0, 0
L 110.3559, 7.6418, -2.8938, 110.3545, 5.2222, -2.8938, 0, 0, 0
L 113.8543, 10.2873, -2.8938, 111.8537, 8.2568, -2.8938, 0, 0, 0
L 110.3551, 5.7701, -2.8938, 110.3556, -2.6453, -2.8938, 0, 0, 0
L 110.3556, -2.6453, -2.8938, 111.8559, -2.6442, -2.8938, 0, 0, 0
L 111.8559, -2.6442, -2.8938, 111.8511, -3.645, -2.8938, 0, 0, 0
L 111.8511, -3.645, -2.8938, 170.3557, -3.6433, -2.8938, 0, 0, 0
L 170.3557, -3.6433, -2.8938, 170.3567, -38.6495, -2.8938, 0, 0, 0
L 171.3558, -38.6441, -2.8938, 171.3524, -40.1424, -2.8938, 0, 0, 0
L 171.3524, -40.1424, -2.8938, 181.6467, -40.1514, -2.8938, 0, 0, 0
L 171.3557, -38.6439, -2.8938, 170.3567, -38.6495, -2.8938, 0, 0, 0
L 172.3017, -40.1447, -2.8938, 174.953, -40.1465, -2.8938, 0, 0, 0
L 181.6467, -40.1514, -2.8938, 181.6445, -38.6441, -2.8938, 0, 0, 0
L 181.6445, -38.6441, -2.8938, 198.6492, -38.6469, -2.8938, 0, 0, 0
L 198.6492, -38.6469, -2.8938, 198.6432, -21.3519, -2.8938, 0, 0, 0
L 198.6432, -21.3519, -2.8938, 182.6442, -21.3565, -2.8938, 0, 0, 0
L 182.6442, -21.3565, -2.8938, 182.6461, -6.6436, -2.8938, 0, 0, 0
L 182.6461, -6.6436, -2.8938, 229.3552, -6.6441, -2.8938, 0, 0, 0
L 229.3552, -6.6441, -2.8938, 229.3557, -53.3554, -2.8938, 0, 0, 0
L 229.3557, -53.3554, -2.8938, 181.644, -53.3498, -2.8938, 0, 0, 0
L 181.644, -53.3498, -2.8938, 181.6479, -51.856, -2.8938, 0, 0, 0
L 181.6479, -51.856, -2.8938, 171.3546, -51.85, -2.8938, 0, 0, 0
L 171.3546, -51.85, -2.8938, 171.3557, -53.356, -2.8938, 0, 0, 0
L 171.3557, -53.356, -2.8938, 170.3556, -53.3519, -2.8938, 0, 0, 0
L 170.3556, -53.3519, -2.8938, 170.3337, -130.8555, -2.8938, 0, 0, 0
L 170.3337, -130.8555, -2.8938, 132.3554, -130.8541, -2.8938, 0, 0, 0
L 132.3554, -130.8541, -2.8938, 132.3497, -143.1442, -2.8938, 0, 0, 0
L 132.3497, -143.1442, -2.8938, 164.8557, -143.1444, -2.8938, 0, 0, 0
L 164.8557, -143.1444, -2.8938, 164.8055, -237.8568, -2.3927, 0, 0, 0
L 164.8055, -237.8568, -2.3927, 86.1432, -237.8528, -2.3938, 0, 0, 0
L 86.1432, -237.8528, -2.3927, 86.1435, -143.1441, -2.3927, 0, 0, 0
L 86.1435, -143.1441, -2.8938, 118.6436, -143.1451, -2.8938, 0, 0, 0
L 118.6436, -143.1451, -2.8938, 118.6469, -130.8545, -2.8938, 0, 0, 0
L 118.6469, -130.8545, -2.8938, 81.144, -130.8556, -2.8938, 0, 0, 0
L 81.144, -130.8556, -2.8938, 81.1452, -96.3559, -2.8938, 0, 0, 0
L 81.1452, -96.3559, -2.8938, 80.1436, -96.355, -2.8938, 0, 0, 0
L 80.1436, -96.355, -2.8938, 80.1479, -94.8511, -2.8938, 0, 0, 0
L 69.8556, -94.8624, -2.8938, 80.1479, -94.8511, -2.8938, 0, 0, 0
L 69.8556, -94.8624, -2.8938, 69.8552, -96.2827, -2.8938, 0, 0, 0
L 69.8552, -96.2827, -2.8938, 52.8558, -96.3683, -2.8938, 0, 0, 0
L 52.8558, -96.3683, -2.8938, 52.8536, -113.6435, -2.8938, 0, 0, 0
L 52.8536, -113.6435, -2.8938, 68.856, -113.644, -2.8938, 0, 0, 0
L 68.856, -113.644, -2.8938, 68.8558, -128.3563, -2.8938, 0, 0, 0
L 68.8558, -128.3563, -2.8938, 22.1442, -128.3562, -2.8938, 0, 0, 0
L 22.1442, -128.3556, -2.8938, 22.1442, -114.307, -2.8938, 0, 0, 0
L 22.1442, -114.307, -2.8938, 30.1435, -114.343, -2.8938, 0, 0, 0
L 30.1432, -107.3914, -2.8938, 30.1435, -114.343, -2.8938, 0, 0, 0
L 30.1432, -107.3914, -2.8938, 29.2911, -107.394, -2.6913, 0, 0, 0
L 29.2911, -107.394, -2.6913, 29.291, -103.3542, -2.6928, 0, 0, 0
L 29.291, -103.3542, -2.6928, 30.1462, -103.3566, -2.8938, 0, 0, 0
L 30.1462, -103.3566, -2.8938, 30.1433, -96.7134, -2.8938, 0, 0, 0
L 30.1433, -96.7134, -2.8938, 22.1442, -96.7142, -2.8938, 0, 0, 0
L 22.1442, -96.7142, -2.8938, 22.1442, -81.6437, -2.8938, 0, 0, 0
L 22.1442, -81.6437, -2.8938, 69.7549, -81.6447, -2.8938, 0, 0, 0
L 69.8559, -81.6439, -2.8938, 69.8515, -83.1428, -2.8938, 0, 0, 0
L 69.8515, -83.1428, -2.8938, 80.1465, -83.153, -2.8938, 0, 0, 0
L 80.1465, -83.153, -2.8938, 80.1441, -81.6447, -2.8938, 0, 0, 0
L 80.1441, -81.6447, -2.8938, 81.1447, -81.6417, -2.8938, 0, 0, 0
L 81.1447, -81.6417, -2.8938, 81.1445, -3.644, -2.8938, 0, 0, 0
L 81.1445, -3.644, -2.8938, 97.1466, -3.6446, -2.8938, 0, 0, 0
L 97.1466, -3.6446, -2.8938, 97.1441, -2.644, -2.8938, 0, 0, 0
L 97.1441, -2.644, -2.8938, 98.6445, -2.6478, -2.8938, 0, 0, 0
L 98.6445, -2.6478, -2.8938, 98.6479, 7.6039, -2.8938, 0, 0, 0
L 98.6479, 7.6039, -2.8938, 97.1441, 7.6656, -2.8938, 0, 0, 0
L 97.1441, 7.6656, -2.8938, 97.1463, 24.645, -2.8441, 0, 0, 0
L 97.1463, 24.645, -2.8441, 80.144, 24.6442, -2.8938, 0, 0, 0
L 80.144, 24.6442, -2.8938, 80.1462, 26.1448, -2.8938, 0, 0, 0
L 80.1462, 26.1448, -2.8938, 69.8534, 26.1448, -2.8938, 0, 0, 0
L 69.8534, 26.1448, -2.8938, 69.8559, 24.6448, -2.8938, 0, 0, 0
L 69.8559, 24.6448, -2.8938, 68.8542, 24.6454, -2.8938, 0, 0, 0
L 68.8542, 24.6454, -2.8938, 68.8374, -39.3558, -2.8938, 0, 0, 0
L 68.8374, -39.3558, -2.8938, 21.7469, -39.3359, -1.8938, 0, 0, 0
L 21.7469, -39.3359, -1.8938, 6.1435, -23.7119, 0.1062, 0, 0, 0
L 6.1435, -23.7119, 0.1062, 6.1452, -7.3539, 0.1062, 0, 0, 0
L 6.1452, -7.3539, 0.1062, 5.1441, -7.3558, 0.1062, 0, 0, 0
L 5.1441, -7.3558, 0.1062, 5.1463, -5.8571, 0.1062, 0, 0, 0
L 5.1463, -5.8571, 0.1062, 0.3533, -5.8506, 0.3555, 0, 0, 0
L 0.3557, -6.8555, 0.1062, 0.3533, -5.8506, 0.1062, 0, 0, 0
L 0.3557, -6.8555, 0.1062, -16.1463, -6.854, 0.1062, 0, 0, 0
L -16.1463, -6.854, 0.1062, -16.1441, -23.3541, 0.6062, 0, 0, 0
L -16.1441, -23.3541, 0.6062, -63.8564, -23.3563, 0.6061, 0, 0, 0
L -63.8564, -23.3563, 0.6062, -63.8554, -6.8448, 0.1062, 0, 0, 0
L -63.8554, -6.8448, 0.1062, -80.3559, -6.8558, 0.1062, 0, 0, 0
L -80.352, -5.8556, 0.1062, -85.1454, -5.8533, 0.1062, 0, 0, 0
L -85.1454, -5.8533, 0.1062, -85.1447, -7.3563, 0.1062, 0, 0, 0
L -85.1447, -7.3563, 0.1062, -86.1461, -7.3516, 0.1062, 0, 0, 0
L -80.3559, -6.8558, 0.1062, -80.352, -5.8556, 0.1062, 0, 0, 0
L -86.1461, -7.3516, 0.1062, -86.1436, -23.3557, 0.1062, 0, 0, 0
L -86.1436, -23.3557, 0.1062, -133.2136, -23.3563, 0.1062, 0, 0, 0
L -133.2136, -23.3563, 0.1062, -180.8558, 24.2851, 0.1062, 0, 0, 0
L -180.8558, 24.2851, 0.1062, -180.8531, 71.3556, 0.1062, 0, 0, 0
L -180.8531, 71.3556, 0.1062, -165.7985, 71.3567, 0.1062, 0, 0, 0
L -165.7985, 71.3567, 0.1062, -117.7677, 23.3551, 0.1062, 0, 0, 0
L -117.7677, 23.3551, 0.1062, -86.2019, 23.3558, 0.1062, 0, 0, 0
L -86.2019, 23.3558, 0.1062, -86.1345, 7.3536, 0.1062, 0, 0, 0
L -86.1345, 7.3536, 0.1062, -85.1447, 7.3559, 0.1062, 0, 0, 0
L -85.1447, 7.3559, 0.1062, -85.1462, 5.8555, 0.1062, 0, 0, 0
L -85.1462, 5.8555, 0.1062, -80.3533, 5.8537, 0.1062, 0, 0, 0
L -80.3559, 6.8552, 0.1062, -80.3533, 5.8537, 0.3552, 0, 0, 0
L -80.3559, 6.8552, 0.1062, -63.8549, 6.8548, 0.1062, 0, 0, 0
L -63.8537, 23.3567, 0.6072, -16.143, 23.356, 0.6068, 0, 0, 0
L -16.143, 23.356, 0.6062, -16.1472, 6.8541, 0.1062, 0, 0, 0
L -16.1472, 6.8541, 0.1062, 0.3557, 6.8552, 0.1062, 0, 0, 0
L 0.3557, 6.8552, 0.1062, 0.3527, 5.8536, 0.1062, 0, 0, 0
L 0.3527, 5.8536, 0.3552, 5.1456, 5.8559, 0.1062, 0, 0, 0
L 5.1456, 5.8559, 0.1062, 5.1441, 7.3563, 0.1062, 0, 0, 0
L 5.1441, 7.3563, 0.1062, 6.1425, 7.3478, 0.1062, 0, 0, 0
L 84.1995, 24.6447, -2.8938, 84.1937, 29.9775, -2.8938, 0, 0, 0
L 84.1937, 29.9775, -2.8938, 93.49, 29.9762, -2.8938, 0, 0, 0
L 93.4877, 24.6445, -2.8938, 93.49, 29.9762, -2.8938, 0, 0, 0
L 81.1449, 39.3547, -2.8938, 80.144, 39.3551, -2.8938, 0, 0, 0
L 80.144, 39.3551, -2.8938, 80.1456, 37.8558, -2.8938, 0, 0, 0
L 80.1456, 37.8558, -2.8938, 69.8528, 37.8547, -2.8938, 0, 0, 0
L 69.8528, 37.8547, -2.8938, 69.8559, 39.3562, -2.8938, 0, 0, 0
L 69.8559, 39.3562, -2.8938, 21.7944, 39.3532, -2.8938, 0, 0, 0
L 21.7944, 39.3532, -1.8938, 6.2047, 23.795, 0.1062, 0, 0, 0
L 6.2047, 23.795, 0.1062, 6.1425, 7.3478, 0.1062, 0, 0, 0
L 5.3068, 7.3555, 0.1062, 5.1444, 7.3558, 0.1062, 0, 0, 0
L 16.8337, 34.4226, -0.8917, 27.351, 24.2377, -0.8938, 127, 127, 127
L 27.351, 24.2377, -0.8917, 27.366, -24.2319, -0.8938, 127, 127, 127
L 27.366, -24.2319, -0.8937, 16.8341, -34.4226, -0.8937, 127, 127, 127
L 19.6062, -37.1867, -1.8938, 32.5576, -24.1997, -1.8938, 127, 127, 127
L 32.5576, -24.1997, -1.8938, 32.3669, 24.4487, -1.8938, 127, 127, 127
L 32.3669, 24.4487, -1.8938, 19.5841, 37.1721, -1.8922, 127, 127, 127
L 22.9219, 39.3534, -2.8938, 38.418, 24.2146, -2.8938, 127, 127, 127
L 38.418, 24.2146, -2.8938, 38.1103, -24.1591, -2.8938, 127, 127, 127
L 38.1103, -24.1591, -2.8938, 22.9273, -39.3365, -2.8938, 127, 127, 127
L 81.1449, 39.3547, -2.8938, 81.1437, 55.3558, -2.8938, 0, 0, 0
L 97.1444, 56.2477, -2.8938, 97.144, 56.3558, -2.8938, 0, 0, 0
L 98.645, 56.3522, -2.8938, 98.644, 66.6454, -2.8938, 0, 0, 0
L 98.644, 66.6454, -2.8938, 97.1747, 66.6443, -2.8938, 0, 0, 0
L 97.1747, 66.6443, -2.8938, 96.9736, 67.6453, -2.8938, 0, 0, 0
L 96.9736, 67.6453, -2.8938, 19.6442, 67.6439, -2.8938, 0, 0, 0
L 19.6442, 67.6439, -2.8938, 19.6441, 156.8557, -2.8938, 0, 0, 0
L 19.6441, 156.8557, -2.8938, 97.686, 156.8548, -2.8938, 0, 0, 0
L 97.686, 156.8548, -2.8938, 97.1781, 157.8557, -2.8938, 0, 0, 0
L 97.1781, 157.8557, -2.8938, 98.6419, 157.8588, -2.8938, 0, 0, 0
L 98.6419, 157.8588, -2.8938, 98.6524, 168.1459, -2.8938, 0, 0, 0
L 98.6524, 168.1459, -2.8938, 97.144, 168.1443, -2.8938, 0, 0, 0
L 97.144, 168.1443, -2.8938, 97.1457, 169.1445, -2.8938, 0, 0, 0
L 97.1457, 169.1445, -2.8938, 81.144, 169.1449, -2.8938, 0, 0, 0
L 81.144, 169.1449, -2.8938, 81.1701, 200.2598, -2.8938, 0, 0, 0
L 81.1701, 200.2598, -2.8938, 97.1453, 216.2324, -2.8938, 0, 0, 0
L 97.1453, 216.2324, -2.8938, 97.1461, 249.1443, -2.8938, 0, 0, 0
L 97.1461, 249.1443, -2.8938, 80.156, 249.1442, -2.8938, 0, 0, 0
L 80.156, 249.1442, -2.8938, 80.1315, 250.6448, -2.8938, 0, 0, 0
L 80.1315, 250.6448, -2.8938, 69.8551, 250.6442, -2.8938, 0, 0, 0
L 69.8551, 250.6442, -2.8041, 69.8558, 249.1445, -2.8938, 0, 0, 0
L 69.8558, 249.1445, -2.8938, 68.8555, 249.1423, -2.8938, 0, 0, 0
L 68.8555, 249.1423, -2.8938, 68.8558, 233.1447, -2.8938, 0, 0, 0
L 68.8558, 233.1447, -2.8938, -25.855, 233.1437, 13.6061, 0, 0, 0
L -25.855, 233.1437, 13.6061, -25.8468, 241.1479, 13.6061, 0, 0, 0
L -25.8468, 241.1479, 13.6061, -26.8561, 241.1441, 13.606, 0, 0, 0
L -26.8561, 241.1441, 13.606, -26.8499, 242.6436, 13.6061, 0, 0, 0
L -26.8499, 242.6436, 13.6061, -37.1462, 242.6493, 13.6061, 0, 0, 0
L -37.1462, 242.6493, 13.6061, -37.1441, 241.1442, 13.6061, 0, 0, 0
L -37.1441, 241.1442, 13.6061, -38.1469, 241.1478, 13.6061, 0, 0, 0
L -38.3701, 206.6458, 13.6061, -127.3551, 206.644, 13.6061, 0, 0, 0
L -127.3551, 206.644, 13.6061, -127.3556, 333.8222, 13.6061, 0, 0, 0
L -127.3556, 333.8222, 13.6061, -68.852, 333.8562, 13.6061, 0, 0, 0
L -68.852, 333.8562, 13.6061, -68.8558, 334.8557, 13.606, 0, 0, 0
L -68.8558, 334.8557, 13.606, -67.3536, 334.8489, 13.6061, 0, 0, 0
L -68.358, 339.6442, 13.6061, -68.3529, 346.1496, 13.6061, 0, 0, 0
L -68.3529, 346.1496, 13.6061, -105.8125, 346.1433, 13.6061, 0, 0, 0
L -105.8125, 346.1433, 13.6061, -105.8545, 380.6442, 13.6061, 0, 0, 0
L -105.8545, 380.6442, 13.6061, -106.8558, 380.6447, 13.6061, 0, 0, 0
L -106.8558, 380.6447, 13.6061, -106.8582, 382.1438, 13.6061, 0, 0, 0
L -106.8582, 382.1438, 13.6061, -117.1492, 382.1464, 13.6061, 0, 0, 0
L -117.1658, 380.644, 13.6061, -118.145, 380.6471, 13.6061, 0, 0, 0
L -117.1445, 380.6435, 13.606, -117.1492, 382.1464, 13.6061, 0, 0, 0
L -118.145, 380.6471, 13.6061, -118.1441, 364.6442, 13.606, 0, 0, 0
L -118.1441, 364.6442, 13.606, -212.8558, 364.6437, 13.606, 0, 0, 0
L -212.8558, 364.6437, 13.606, -212.8555, 379.3559, 13.6061, 0, 0, 0
L -212.8555, 379.3559, 13.6061, -196.8557, 379.3534, 13.6061, 0, 0, 0
L -196.8557, 379.3534, 13.6061, -196.8517, 396.6471, 13.6061, 0, 0, 0
L -196.8517, 396.6471, 13.6061, -212.8529, 396.6422, 13.6204, 0, 0, 0
L -212.8529, 396.6422, 13.6061, -212.852, 412.646, 13.6061, 0, 0, 0
L -212.852, 412.646, 13.6061, -244.8557, 412.6446, 13.6061, 0, 0, 0
L -244.8557, 412.6446, 13.6061, -244.8542, 428.648, 13.6061, 0, 0, 0
L -245.8559, 428.7105, 13.6061, -245.8523, 430.1444, 13.6061, 0, 0, 0
L -245.8557, 428.644, 13.606, -244.8542, 428.648, 13.6061, 0, 0, 0
L -245.8523, 430.1444, 13.6061, -253.1448, 430.1474, 13.6061, 0, 0, 0
L -253.1448, 430.1474, 13.6061, -253.1447, 420.6442, 13.6061, 0, 0, 0
L -253.1447, 420.6442, 13.6061, -283.8562, 420.6447, 13.606, 0, 0, 0
L -283.8562, 420.6447, 13.606, -283.8494, 428.6519, 13.6061, 0, 0, 0
L -286.3552, 428.6442, 13.606, -286.3537, 430.1444, 13.6061, 0, 0, 0
L -286.3557, 428.6442, 13.606, -283.8494, 428.6519, 13.6061, 0, 0, 0
L -286.3537, 430.1444, 13.6061, -291.1453, 430.1462, 13.6061, 0, 0, 0
L -291.1453, 430.1462, 13.6061, -291.1444, 428.6435, 13.606, 0, 0, 0
L -291.1444, 428.6435, 13.606, -292.1465, 428.6492, 13.6061, 0, 0, 0
L -292.1465, 428.6492, 13.6061, -292.144, 393.644, 13.606, 0, 0, 0
L -292.144, 393.644, 13.606, -308.1471, 393.6451, 13.6061, 0, 0, 0
L -308.1471, 393.6451, 13.6061, -308.144, 392.6438, 13.606, 0, 0, 0
L -308.144, 392.6438, 13.606, -309.6438, 392.6472, 13.6061, 0, 0, 0
L -309.6438, 392.6472, 13.6061, -309.646, 387.8544, 13.6061, 0, 0, 0
L -309.646, 387.8544, 13.6061, -308.1442, 387.8557, 13.6061, 0, 0, 0
L -308.942, 385.3552, 13.6061, -300.1438, 385.3559, 13.606, 0, 0, 0
L -300.1438, 385.3559, 13.606, -300.1644, 354.6437, 13.6061, 0, 0, 0
L -300.1644, 354.6437, 13.6061, -330.8557, 354.6447, 13.6061, 0, 0, 0
L -330.8557, 354.6447, 13.6061, -330.8548, 385.3557, 13.6061, 0, 0, 0
L -330.8548, 385.3557, 13.6061, -322.8014, 385.3514, 13.6061, 0, 0, 0
L -308.1449, 387.8559, 13.6061, -308.942, 385.3552, 13.6061, 0, 0, 0
L -322.8014, 385.3514, 13.6061, -322.8557, 387.8557, 13.606, 0, 0, 0
L -322.8557, 387.8557, 13.606, -321.3571, 387.8519, 13.6061, 0, 0, 0
L -321.3571, 387.8519, 13.6061, -321.3523, 392.6476, 13.6061, 0, 0, 0
L -321.3523, 392.6476, 13.6061, -322.8559, 392.644, 13.606, 0, 0, 0
L -322.8559, 392.644, 13.606, -322.8518, 393.6462, 13.6061, 0, 0, 0
L -322.8518, 393.6462, 13.6061, -350.6449, 393.6472, 13.6061, 0, 0, 0
L -350.6449, 393.6472, 13.6061, -350.6438, 392.644, 13.606, 0, 0, 0
L -350.6438, 392.644, 13.606, -352.1437, 392.6485, 13.6061, 0, 0, 0
L -352.1437, 392.6485, 13.6061, -352.1451, 387.8523, 13.6061, 0, 0, 0
L -350.6204, 385.3546, 13.6061, -342.6446, 385.3557, 13.6061, 0, 0, 0
L -342.6446, 385.3557, 13.6061, -342.644, 354.6442, 13.606, 0, 0, 0
L -342.644, 354.6442, 13.606, -373.3559, 354.6449, 13.6061, 0, 0, 0
L -373.3559, 354.6449, 13.6061, -372.9692, 385.3535, 13.6061, 0, 0, 0
L -372.9692, 385.3535, 13.6061, -365.343, 385.3564, 13.6061, 0, 0, 0
L -365.3552, 387.8557, 13.6061, -363.8562, 387.8514, 13.6061, 0, 0, 0
L -365.3557, 387.8559, 13.606, -365.343, 385.3564, 13.6061, 0, 0, 0
L -363.8562, 387.8514, 13.6061, -363.8537, 392.6458, 13.6061, 0, 0, 0
L -350.6442, 387.8557, 13.6061, -350.6442, 387.7796, 13.6061, 0, 0, 0
L -365.3408, 393.6478, 13.6061, -381.3557, 393.644, 13.606, 0, 0, 0
L -363.8537, 392.6458, 13.6061, -365.3561, 392.6442, 13.6061, 0, 0, 0
L -365.3561, 392.6442, 13.6061, -365.3408, 393.6478, 13.6061, 0, 0, 0
L -381.3559, 393.6447, 13.6061, -381.3523, 428.6381, 13.6061, 0, 0, 0
L -381.3523, 428.6381, 13.6061, -382.3559, 428.6442, 13.606, 0, 0, 0
L -382.3559, 428.6442, 13.606, -382.3523, 430.1494, 13.6061, 0, 0, 0
L -382.3523, 430.1494, 13.6061, -387.1453, 430.1451, 13.6061, 0, 0, 0
L -387.1453, 430.1451, 13.6061, -387.1438, 428.6444, 13.606, 0, 0, 0
L -387.1438, 428.6444, 13.606, -389.6374, 428.6306, 13.6061, 0, 0, 0
L -389.6374, 428.6306, 13.6061, -389.6702, 420.6442, 13.6061, 0, 0, 0
L -389.6702, 420.6442, 13.6061, -420.3557, 420.6437, 13.606, 0, 0, 0
L -420.3557, 420.6437, 13.606, -420.3562, 451.3559, 13.6061, 0, 0, 0
L -420.3562, 451.3559, 13.6061, -389.644, 451.3553, 13.6061, 0, 0, 0
L -389.644, 451.3553, 13.6061, -389.6465, 443.3247, 13.6061, 0, 0, 0
L -389.6465, 443.3247, 13.6061, -387.1904, 443.3561, 13.6061, 0, 0, 0
L -387.144, 443.3548, 13.6061, -387.1494, 441.8573, 13.6061, 0, 0, 0
L -387.1494, 441.8573, 13.6061, -382.3539, 441.8507, 13.6061, 0, 0, 0
L -382.3539, 441.8507, 13.6061, -382.3557, 443.2934, 13.6061, 0, 0, 0
L -382.3555, 443.3557, 13.606, -381.3539, 443.353, 13.6061, 0, 0, 0
L -381.3539, 443.353, 13.6061, -381.3568, 471.6453, 13.6061, 0, 0, 0
L -382.3553, 471.6716, 13.6061, -382.3525, 473.1437, 13.6061, 0, 0, 0
L -382.3562, 471.6442, 13.606, -381.3568, 471.6453, 13.6061, 0, 0, 0
L -382.3525, 473.1437, 13.6061, -387.1458, 473.1465, 13.6061, 0, 0, 0
L -387.1458, 473.1465, 13.6061, -387.1451, 471.644, 13.6061, 0, 0, 0
L -387.1451, 471.644, 13.6061, -389.6469, 471.6521, 13.6061, 0, 0, 0
L -389.6469, 471.6521, 13.6061, -389.6446, 463.6442, 13.6061, 0, 0, 0
L -389.6446, 463.6442, 13.6061, -420.3557, 463.6444, 13.6061, 0, 0, 0
L -420.3557, 463.6444, 13.6061, -420.3559, 494.3552, 13.6061, 0, 0, 0
L -420.3559, 494.3552, 13.6061, -389.644, 494.3552, 13.6061, 0, 0, 0
L -389.644, 494.3552, 13.6061, -389.6451, 486.348, 13.6061, 0, 0, 0
L -389.6451, 486.348, 13.6061, -387.1437, 486.3555, 13.606, 0, 0, 0
L -387.1437, 486.3555, 13.606, -387.1465, 484.8564, 13.6061, 0, 0, 0
L -387.1465, 484.8564, 13.6061, -382.3532, 484.8534, 13.6061, 0, 0, 0
L -382.3557, 486.3557, 13.606, -381.3548, 486.3491, 13.6061, 0, 0, 0
L -381.3548, 486.3491, 13.6061, -381.3448, 520.8556, 13.6061, 0, 0, 0
L -381.3448, 520.8556, 13.6061, -343.3564, 520.8541, 13.6061, 0, 0, 0
L -343.3564, 520.8541, 13.6061, -343.3523, 527.3546, 13.6061, 0, 0, 0
L -343.3523, 527.3546, 13.6061, -342.3564, 527.3423, 13.6061, 0, 0, 0
L -342.3564, 527.3423, 13.6061, -342.3491, 537.6454, 13.6061, 0, 0, 0
L -342.3491, 537.6454, 13.6061, -343.8557, 537.644, 13.606, 0, 0, 0
L -343.8557, 537.644, 13.606, -343.846, 538.6458, 13.6061, 0, 0, 0
L -343.846, 538.6458, 13.6061, -375.8553, 538.6439, 13.606, 0, 0, 0
L -375.8553, 538.6439, 13.606, -375.8559, 608.3528, 13.6042, 0, 0, 0
L -375.8559, 608.3528, 13.6061, -297.1408, 608.3537, 13.6061, 0, 0, 0
L -297.1408, 608.3537, 13.6061, -297.1818, 538.6441, 13.6061, 0, 0, 0
L -297.1818, 538.6441, 13.6061, -329.1501, 538.6468, 13.6061, 0, 0, 0
L -328.126, 593.37, 14.6061, -344.7527, 593.335, 14.6061, 64, 64, 64
L -344.7527, 593.335, 14.6061, -344.7504, 603.9631, 14.6061, 64, 64, 64
L -344.7504, 603.9631, 14.6061, -328.126, 603.9695, 14.6061, 64, 64, 64
L -328.126, 603.9695, 14.6061, -328.126, 593.37, 14.6061, 64, 64, 64
L -329.1501, 538.6468, 13.6061, -329.144, 537.7202, 13.6061, 0, 0, 0
L -329.1458, 537.644, 13.6061, -330.6444, 537.6473, 13.6061, 0, 0, 0
L -330.6444, 537.6473, 13.6061, -330.6444, 527.3536, 13.6061, 0, 0, 0
L -330.6444, 527.3536, 13.6061, -329.6442, 527.3556, 13.606, 0, 0, 0
L -329.6442, 527.3556, 13.6061, -329.6449, 520.8546, 13.6061, 0, 0, 0
L -329.6449, 520.8546, 13.6061, -292.144, 520.8546, 13.6061, 0, 0, 0
L -292.144, 520.8546, 13.6061, -292.1458, 486.3523, 13.6061, 0, 0, 0
L -292.1458, 486.3523, 13.6061, -291.1437, 486.3559, 13.606, 0, 0, 0
L -291.1437, 486.3559, 13.606, -291.1496, 484.8575, 13.6061, 0, 0, 0
L -291.1496, 484.8575, 13.6061, -286.3523, 484.8496, 13.6061, 0, 0, 0
L -286.3523, 484.8496, 13.6061, -286.3557, 486.3561, 13.606, 0, 0, 0
L -286.3557, 486.3561, 13.606, -283.8555, 486.3208, 13.6061, 0, 0, 0
L -283.8555, 486.3208, 13.6061, -283.8552, 494.3557, 13.6061, 0, 0, 0
L -283.8552, 494.3557, 13.6061, -253.144, 494.3555, 13.6061, 0, 0, 0
L -253.144, 494.3555, 13.6061, -253.1461, 463.6442, 13.6061, 0, 0, 0
L -253.1461, 463.6442, 13.6061, -283.8557, 463.6444, 13.6061, 0, 0, 0
L -283.8557, 463.6444, 13.6061, -283.8528, 471.661, 13.6061, 0, 0, 0
L -283.8528, 471.661, 13.6061, -286.3559, 471.6437, 13.6061, 0, 0, 0
L -286.3559, 471.6437, 13.6061, -286.3521, 473.1449, 13.6061, 0, 0, 0
L -286.3521, 473.1449, 13.6061, -291.1428, 473.1456, 13.6061, 0, 0, 0
L -291.1428, 473.1456, 13.6061, -291.1447, 471.644, 13.606, 0, 0, 0
L -291.1447, 471.644, 13.606, -292.1456, 471.644, 13.6061, 0, 0, 0
L -292.1456, 471.644, 13.6061, -292.1467, 443.3564, 13.6061, 0, 0, 0
L -292.1467, 443.3564, 13.6061, -291.1435, 443.3552, 13.606, 0, 0, 0
L -291.1435, 443.3552, 13.606, -291.1548, 441.8555, 13.6061, 0, 0, 0
L -291.1548, 441.8555, 13.6061, -286.3507, 441.8541, 13.6061, 0, 0, 0
L -286.3507, 441.8541, 13.6061, -286.3559, 443.3559, 13.606, 0, 0, 0
L -286.3559, 443.3559, 13.606, -283.8553, 443.3416, 13.6061, 0, 0, 0
L -283.8553, 443.3416, 13.6061, -283.8557, 451.3562, 13.606, 0, 0, 0
L -283.8557, 451.3562, 13.606, -253.1442, 451.3557, 13.6061, 0, 0, 0
L -253.1442, 451.3557, 13.6061, -253.1457, 439.3557, 13.6061, 0, 0, 0
L -253.1457, 439.3557, 14.154, -250.3541, 439.3539, 14.159, 0, 0, 0
L -250.3541, 439.3539, 13.6061, -250.3559, 441.8562, 13.6061, 0, 0, 0
L -250.3559, 441.8562, 13.6061, -245.8538, 441.8507, 13.6061, 0, 0, 0
L -245.8538, 441.8507, 13.6061, -245.8548, 443.3559, 13.6061, 0, 0, 0
L -245.8548, 443.3559, 13.6061, -244.8539, 443.3507, 13.6061, 0, 0, 0
L -244.8539, 443.3507, 13.6061, -244.8557, 459.3557, 13.606, 0, 0, 0
L -244.8557, 459.3557, 13.606, -197.7598, 459.3491, 13.6061, 0, 0, 0
L -197.7598, 459.3491, 13.6061, -149.7721, 411.3546, 13.6061, 0, 0, 0
L -149.7721, 411.3546, 13.6061, -118.144, 411.3557, 13.6061, 0, 0, 0
L -118.144, 411.3557, 13.6061, -118.1477, 395.353, 13.6061, 0, 0, 0
L -118.1477, 395.353, 13.6061, -117.1437, 395.3552, 13.606, 0, 0, 0
L -117.1437, 395.3552, 13.606, -117.1457, 393.8573, 13.6061, 0, 0, 0
L -117.1457, 393.8573, 13.6061, -106.8573, 393.8428, 13.6061, 0, 0, 0
L -106.8573, 393.8428, 13.6061, -106.8525, 395.3561, 13.6061, 0, 0, 0
L -106.8525, 395.3561, 13.6061, -105.8542, 395.3462, 13.6061, 0, 0, 0
L -105.8542, 395.3462, 13.6061, -105.8546, 473.3557, 13.6061, 0, 0, 0
L -105.8546, 473.3557, 13.6061, -47.3755, 473.3564, 13.7559, 0, 0, 0
L -45.8594, 474.3591, 13.6061, -45.8382, 484.6476, 13.6061, 0, 0, 0
L -47.3755, 473.3564, 13.6061, -47.3524, 474.3555, 13.6061, 0, 0, 0
L -47.3524, 474.3555, 13.6061, -45.8594, 474.3591, 13.6061, 0, 0, 0
L 159.8582, 730.8567, -5.3928, 81.1427, 730.8563, -5.3928, 0, 0, 0
L 81.1427, 730.8563, -5.3928, 81.1436, 723.3628, -5.8937, 0, 0, 0
L 81.1436, 723.3628, -5.3937, 65.1444, 723.3103, -5.3937, 0, 0, 0
L 65.1444, 723.3103, -5.3937, 65.1441, 710.6441, -5.3937, 0, 0, 0
L 65.1441, 710.6441, -5.3937, 81.1427, 710.6463, -5.3937, 0, 0, 0
L 81.1503, 707.3671, -5.3937, 65.1441, 707.3309, -5.3937, 0, 0, 0
L 65.1444, 694.687, -5.3937, 81.1415, 694.63, -5.3937, 0, 0, 0
L 81.1415, 694.63, -5.8937, 81.157, 681.3493, -5.3932, 0, 0, 0
L 81.157, 681.3493, -5.3937, 65.1441, 681.3559, -5.3937, 0, 0, 0
L 65.1441, 681.3559, -5.3937, 65.1441, 668.644, -5.3937, 0, 0, 0
L 65.1441, 668.644, -5.3937, 81.144, 668.6453, -5.3937, 0, 0, 0
L 81.144, 668.6453, -5.8937, 81.1454, 665.3544, -5.8937, 0, 0, 0
L 65.1441, 707.3556, -5.3937, 65.1441, 694.644, -5.3937, 0, 0, 0
L 81.1454, 665.3544, -5.3937, 65.1439, 665.3559, -5.3937, 0, 0, 0
L 65.1439, 665.3559, -5.3937, 65.1437, 652.644, -5.3937, 0, 0, 0
L 65.1437, 652.644, -5.3937, 81.1452, 652.6453, -5.3937, 0, 0, 0
L 81.1452, 652.6453, -5.8937, 81.1444, 632.3544, -5.8937, 0, 0, 0
L 81.1444, 632.3544, -5.3937, 65.144, 632.3558, -5.3937, 0, 0, 0
L 65.144, 632.3558, -5.3937, 65.1449, 619.644, -5.3937, 0, 0, 0
L 65.1449, 619.644, -5.3937, 81.1504, 619.6449, -5.3937, 0, 0, 0
L 81.1427, 710.6463, -5.8937, 81.1503, 707.3671, -5.8937, 0, 0, 0
L 159.8582, 730.8567, -5.3937, 159.8523, 723.3527, -5.8937, 0, 0, 0
L 159.8523, 723.3527, -5.3937, 175.8554, 723.3556, -5.3937, 0, 0, 0
L 175.8554, 723.3556, -5.3937, 175.8554, 710.644, -5.3937, 0, 0, 0
L 175.8554, 710.644, -5.3937, 159.8536, 710.645, -5.3937, 0, 0, 0
L 159.8536, 710.645, -5.8937, 159.8551, 707.3621, -5.8937, 0, 0, 0
L 159.8551, 707.3621, -5.3937, 175.8556, 707.3298, -5.3937, 0, 0, 0
L 175.8556, 707.3298, -5.3937, 175.8557, 694.6441, -5.3937, 0, 0, 0
L 175.8557, 694.6441, -5.3937, 159.8533, 694.6458, -5.3937, 0, 0, 0
L 159.8533, 694.6458, -5.8937, 159.8557, 681.3538, -5.3937, 0, 0, 0
L 159.8557, 681.3538, -5.3937, 175.8559, 681.3559, -5.3937, 0, 0, 0
L 175.8559, 681.3559, -5.3937, 175.8557, 668.644, -5.3937, 0, 0, 0
L 175.8557, 668.644, -5.3937, 159.855, 668.6467, -5.3937, 0, 0, 0
L 159.855, 668.6467, -5.8937, 159.8543, 665.3551, -5.8937, 0, 0, 0
L 159.8543, 665.3551, -5.3937, 175.8564, 665.3541, -5.3937, 0, 0, 0
L 175.8564, 665.3541, -5.3937, 175.8558, 652.644, -5.3937, 0, 0, 0
L 175.8558, 652.644, -5.3937, 159.8556, 652.6458, -5.3937, 0, 0, 0
L 159.8556, 652.6458, -5.8937, 159.8548, 632.3546, -5.8937, 0, 0, 0
L 159.8548, 632.3546, -5.3937, 175.8551, 632.356, -5.3937, 0, 0, 0
L 175.8551, 632.356, -5.3937, 175.8249, 619.6441, -5.3937, 0, 0, 0
L 175.8249, 619.6441, -5.3937, 159.8569, 619.6444, -5.3937, 0, 0, 0
L 159.8569, 619.6444, -5.8937, 159.8522, 616.3547, -5.8937, 0, 0, 0
L 159.8522, 616.3547, -5.3937, 175.8559, 616.3559, -5.3937, 0, 0, 0
L 175.8559, 616.3559, -5.3937, 175.8558, 603.6444, -5.3937, 0, 0, 0
L 175.8558, 603.6444, -5.3937, 159.8502, 603.6463, -5.3937, 0, 0, 0
L 159.8502, 603.6463, -5.8937, 159.8691, 597.1431, -5.3928, 0, 0, 0
L 159.8691, 597.1431, -5.3937, 127.3549, 597.1477, -6.3937, 0, 0, 0
L 127.3549, 597.1477, -5.8937, 127.3555, 590.6441, -5.8937, 0, 0, 0
L 127.3555, 590.6441, -5.8937, 126.3559, 590.6454, -5.8937, 0, 0, 0
L 126.3559, 590.6454, -5.8937, 126.3532, 585.8546, -5.8937, 0, 0, 0
L 126.3532, 585.8546, -5.8937, 127.8554, 585.8556, -5.8937, 0, 0, 0
L 127.8554, 585.8556, -5.8937, 127.8572, 584.8535, -5.8937, 0, 0, 0
L 127.8572, 584.8535, -5.8937, 207.8536, 584.8556, -5.8937, 0, 0, 0
L 207.8536, 584.8556, -5.8937, 207.8052, 569.7168, -5.8937, 0, 0, 0
L 207.8052, 569.7168, -5.8937, 191.8542, 553.7671, -5.8937, 0, 0, 0
L 191.8542, 553.7671, -5.8937, 191.8556, 537.8111, -4.8937, 0, 0, 0
L 191.8556, 537.811, -4.8937, 176.1836, 522.1435, -2.8938, 0, 0, 0
L 176.1836, 522.1435, -2.8938, 159.8516, 522.145, -2.8938, 0, 0, 0
L 159.8247, 521.1439, -2.8938, 158.3549, 521.1475, -2.8938, 0, 0, 0
L 159.8557, 521.1436, -2.8938, 159.8516, 522.145, -2.8938, 0, 0, 0
L 158.3549, 521.1475, -2.8938, 158.3557, 516.3514, -2.8938, 0, 0, 0
L 158.3557, 516.3514, -2.8938, 159.8562, 516.3555, -2.8938, 0, 0, 0
L 159.8562, 516.3555, -2.8938, 159.8466, 513.8536, -2.8938, 0, 0, 0
L 159.8466, 513.8536, -2.8938, 163.7937, 513.8558, -2.8938, 0, 0, 0
L 163.7937, 513.8558, -2.8938, 163.8552, 491.1438, -2.8938, 0, 0, 0
L 163.8552, 491.1438, -2.8938, 159.8548, 491.1471, -2.8938, 0, 0, 0
L 159.8548, 491.1471, -2.8938, 159.8554, 488.6834, -2.8938, 0, 0, 0
L 159.8454, 488.644, -2.8938, 158.3557, 488.646, -2.8938, 0, 0, 0
L 158.3557, 488.646, -2.8938, 158.3516, 483.9051, -2.8938, 0, 0, 0
L 158.3516, 483.9051, -2.8938, 159.8557, 483.8383, -2.8938, 0, 0, 0
L 159.8557, 483.8383, -2.8938, 159.8526, 482.8548, -2.8938, 0, 0, 0
L 159.8526, 482.8548, -2.8938, 175.8532, 482.8562, -2.8938, 0, 0, 0
L 175.8532, 482.8562, -2.8938, 175.8545, 435.766, -2.8938, 0, 0, 0
L 175.8545, 435.766, -2.8938, 127.8552, 387.7687, -2.8938, 0, 0, 0
L 127.8552, 387.7687, -2.8938, 127.8558, 356.1442, -2.8938, 0, 0, 0
L 127.8558, 356.1442, -2.8938, 111.8532, 356.1456, -2.8938, 0, 0, 0
L 111.8532, 356.1456, -2.8938, 111.8554, 355.1442, -2.8938, 0, 0, 0
L 111.8554, 355.1442, -2.8938, 110.3555, 355.1471, -2.8938, 0, 0, 0
L 110.3555, 355.1471, -2.8938, 110.3555, 344.8521, -2.8938, 0, 0, 0
L 110.3555, 344.8521, -2.8938, 111.8558, 344.8557, -2.8938, 0, 0, 0
L 111.8558, 344.8557, -2.8938, 111.8528, 343.8544, -2.8938, 0, 0, 0
L 111.8528, 343.8544, -2.8938, 127.8559, 343.8557, -2.8938, 0, 0, 0
L 127.8559, 343.8557, -2.8938, 127.8551, 328.2294, -2.8938, 0, 0, 0
L 127.8551, 328.2294, -2.8938, 160.2259, 295.8602, -2.8938, 0, 0, 0
L 160.2259, 295.8602, -2.8938, 176.1201, 295.819, -2.8938, 0, 0, 0
L 176.1201, 295.819, -2.8938, 191.8375, 264.3851, -2.8938, 0, 0, 0
L 191.8375, 264.3851, -2.8938, 191.8619, 248.6699, 1.5664, 0, 0, 0
L 191.8619, 248.6699, -2.8938, 176.1185, 217.1768, -2.8938, 0, 0, 0
L 176.1185, 217.1768, -2.8938, 160.2269, 217.1426, -2.8938, 0, 0, 0
L 160.2269, 217.1426, -2.8938, 127.8532, 184.7663, -2.8938, 0, 0, 0
L 127.8532, 184.7663, -2.8938, 127.8559, 169.1443, -2.8938, 0, 0, 0
L 127.8559, 169.1443, -2.8938, 111.8542, 169.1468, -2.8938, 0, 0, 0
L 111.8542, 169.1468, -2.8938, 111.8558, 168.1442, -2.8938, 0, 0, 0
L 111.8558, 168.1442, -2.8938, 110.356, 168.1476, -2.8938, 0, 0, 0
L 110.356, 168.1476, -2.8938, 110.3506, 157.8555, -2.8938, 0, 0, 0
L 110.3506, 157.8555, -2.8938, 111.8562, 157.855, -2.8938, 0, 0, 0
L 111.8562, 157.855, -2.8938, 111.8452, 156.8552, -2.8938, 0, 0, 0
L 111.8452, 156.8552, -2.8938, 146.8555, 156.8557, -2.8938, 0, 0, 0
L 146.8555, 156.8557, -2.8938, 146.8551, 139.3559, -2.8938, 0, 0, 0
L 146.8551, 139.3559, -2.8938, 152.6457, 139.3538, -2.8938, 0, 0, 0
L 152.6442, 140.3555, -2.8938, 152.6457, 139.3538, -2.8938, 0, 0, 0
L 152.6442, 140.3555, -2.8938, 169.1436, 140.3522, -2.8938, 0, 0, 0
L 169.1436, 140.3522, -2.8938, 169.148, 156.8563, -2.4178, 0, 0, 0
L 169.148, 156.8563, -2.3932, 216.8568, 156.8559, -2.3927, 0, 0, 0
L 216.8568, 156.8559, -2.3927, 216.8539, 140.3549, -2.8938, 0, 0, 0
L 216.8539, 140.3549, -2.8938, 233.3557, 140.3543, -2.8938, 0, 0, 0
L 233.3557, 140.3543, -2.8938, 233.3531, 139.3579, -2.8938, 0, 0, 0
L 233.3531, 139.3579, -2.8938, 238.1461, 139.3516, -2.8938, 0, 0, 0
L 238.1461, 139.3516, -2.8938, 238.1442, 140.8559, -2.8938, 0, 0, 0
L 238.1442, 140.8559, -2.8938, 239.1469, 140.853, -2.8938, 0, 0, 0
L 239.1469, 140.853, -2.8938, 239.1442, 199.3557, -2.8938, 0, 0, 0
L 239.1442, 199.3557, -2.8938, 317.1458, 199.3539, -2.8938, 0, 0, 0
L 317.1458, 199.3539, -2.8938, 317.1442, 200.3558, -2.8938, 0, 0, 0
L 317.1442, 200.3558, -2.8938, 318.6442, 200.3519, -2.8938, 0, 0, 0
L 318.6442, 200.3519, -2.8938, 318.6469, 205.1456, -2.8938, 0, 0, 0
L 318.6469, 205.1456, -2.8938, 317.644, 205.1441, -2.8938, 0, 0, 0
L 317.644, 205.1441, -2.8938, 317.6451, 213.1362, -2.8938, 0, 0, 0
L 317.6451, 213.1362, -2.8938, 307.6442, 213.1651, -2.8938, 0, 0, 0
L 307.6442, 213.1651, -2.8938, 307.6444, 222.1476, -2.8938, 0, 0, 0
L 307.6444, 222.1476, -2.8938, 254.1439, 222.144, -2.8938, 0, 0, 0
L 254.1439, 222.144, -2.8938, 254.3095, 255.8546, -2.8938, 0, 0, 0
L 254.3095, 255.8546, -2.8938, 406.8557, 255.8591, -2.8938, 0, 0, 0
L 406.8557, 255.8591, -2.8938, 406.8543, 245.8558, -2.8938, 0, 0, 0
L 406.8543, 245.8558, -2.8938, 423.6447, 245.8532, -2.8938, 0, 0, 0
L 423.6447, 245.8532, -2.8938, 423.6449, 262.3494, -2.3934, 0, 0, 0
L 471.3584, 262.3566, -2.3938, 423.6449, 262.3494, -2.8938, 0, 0, 0
L 471.3584, 262.3566, -2.8938, 471.3532, 245.8548, -2.8938, 0, 0, 0
L 471.3532, 245.8548, -2.8938, 503.6206, 245.8521, -2.8938, 0, 0, 0
L 503.6206, 245.8521, -2.8938, 503.8838, 262.3559, -2.8938, 0, 0, 0
L 503.8838, 262.3559, -2.3938, 550.8546, 262.3559, -2.3936, 0, 0, 0
L 550.8546, 262.3559, -2.3938, 550.8532, 215.6452, -2.8938, 0, 0, 0
L 550.8532, 215.6452, -2.3938, 503.6431, 215.6469, -2.8938, 0, 0, 0
L 503.6431, 215.6469, -2.3938, 503.6465, 232.1449, -2.8938, 0, 0, 0
L 503.6465, 232.1449, -2.8938, 471.3564, 232.1484, -2.8938, 0, 0, 0
L 471.3564, 232.1484, -2.8938, 471.3514, 215.6458, -2.8938, 0, 0, 0
L 471.3514, 215.6458, -2.8938, 423.6419, 215.6442, -2.8938, 0, 0, 0
L 423.6419, 215.6442, -2.8938, 423.6469, 232.144, -2.8938, 0, 0, 0
L 423.6469, 232.144, -2.8938, 406.8548, 232.1459, -2.8938, 0, 0, 0
L 406.8548, 232.1459, -2.8938, 406.8557, 222.1439, -2.8938, 0, 0, 0
L 406.8557, 222.1439, -2.8938, 341.3512, 222.1462, -2.8938, 0, 0, 0
L 341.3512, 222.1462, -2.8938, 341.3552, 213.1442, -2.8938, 0, 0, 0
L 341.3552, 213.1442, -2.8938, 331.3568, 213.1471, -2.8938, 0, 0, 0
L 331.3568, 213.1471, -2.8938, 331.3534, 205.1442, -2.8938, 0, 0, 0
L 331.3534, 205.1442, -2.8938, 330.355, 205.1466, -2.8938, 0, 0, 0
L 594.807, -395.8557, 2.1175, 594.8419, -392.158, 2.1175, 64, 64, 64
L 616.1233, -395.8557, 2.1175, 616.1231, -392.165, 2.1175, 64, 64, 64
L 616.1231, -392.165, 2.1175, 609.878, -392.212, 2.1185, 64, 64, 64
L 609.877, -392.203, 2.1185, 601.8818, -392.203, 2.1185, 255, 0, 255
L 601.8818, -392.214, 2.1185, 594.8419, -392.158, 2.1175, 64, 64, 64
L 368.8528, -274.5708, -2.8938, 368.8557, -258.644, -2.8938, 0, 0, 0
L 368.8557, -258.644, -2.8938, 337.6772, -258.7325, -2.8938, 0, 0, 0
L 337.6772, -258.7325, -2.8938, 321.744, -274.6515, -2.8938, 0, 0, 0
L 321.744, -274.6515, -2.8938, 288.8571, -274.6422, -2.8938, 0, 0, 0
L 288.8571, -274.6422, -2.8938, 288.8451, -257.6435, -2.8938, 0, 0, 0
L 288.8451, -257.6435, -2.8938, 287.3543, -257.6456, -2.8938, 0, 0, 0
L 287.3543, -257.6456, -2.8938, 287.3553, -247.3523, -2.8938, 0, 0, 0
L 287.3553, -247.3523, -2.8938, 288.8548, -247.3557, -2.8938, 0, 0, 0
L 288.8548, -247.3557, -2.8938, 288.8528, -246.3504, -2.8938, 0, 0, 0
L 288.8528, -246.3504, -2.8938, 304.8559, -246.355, -2.8938, 0, 0, 0
L 304.8559, -246.355, -2.8938, 304.8553, -215.3257, -2.8938, 0, 0, 0
L 304.8553, -215.3257, -2.8938, 288.8559, -199.2673, -2.8938, 0, 0, 0
L 288.8559, -199.2673, -2.8938, 288.8546, -166.3514, -2.8938, 0, 0, 0
L 288.8546, -166.3514, -2.8938, 305.8552, -166.3557, -2.8938, 0, 0, 0
L 305.8552, -166.3557, -2.8938, 305.8523, -164.8567, -2.8938, 0, 0, 0
L 305.8523, -164.8567, -2.8938, 310.6474, -164.8531, -2.8938, 0, 0, 0
L 310.6474, -164.8531, -2.8938, 310.6442, -166.355, -2.8938, 0, 0, 0
L 310.6442, -166.355, -2.8938, 313.1444, -166.3541, -2.8938, 0, 0, 0
L 313.1444, -166.3541, -2.8938, 313.1449, -170.3557, -2.8938, 0, 0, 0
L 313.1449, -170.3557, -2.8938, 335.8557, -170.3551, -2.8938, 0, 0, 0
L 335.8557, -170.3551, -2.8938, 335.8552, -147.7096, -2.8938, 0, 0, 0
L 335.8552, -147.7096, -2.8938, 313.1442, -147.645, -2.8938, 0, 0, 0
L 313.1442, -147.645, -2.8938, 313.1469, -151.6332, -2.8938, 0, 0, 0
L 313.1469, -151.6332, -2.8938, 310.6442, -151.6579, -2.8938, 0, 0, 0
L 310.6442, -151.6579, -2.8938, 310.6465, -153.1432, -2.8938, 0, 0, 0
L 310.6465, -153.1432, -2.8938, 305.8537, -153.1473, -2.8938, 0, 0, 0
L 305.8537, -153.1473, -2.8938, 305.8552, -151.6436, -2.8938, 0, 0, 0
L 305.8552, -151.6436, -2.8938, 288.8535, -151.6476, -2.8938, 0, 0, 0
L 288.8535, -151.6476, -2.8938, 288.857, -118.7283, -2.8938, 0, 0, 0
L 288.857, -118.7283, -2.8938, 304.7898, -102.7981, -2.8938, 0, 0, 0
L 304.7898, -102.7981, -2.8938, 304.8559, -71.6439, -2.8938, 0, 0, 0
L 304.8559, -71.6439, -2.8938, 288.8528, -71.6494, -2.8938, 0, 0, 0
L 287.3555, -70.6501, -2.8938, 287.351, -65.8473, -2.8938, 0, 0, 0
L 287.351, -65.8473, -2.8938, 288.4631, -65.8559, -2.8938, 0, 0, 0
L 288.3512, -65.855, -2.8938, 288.3532, -59.1435, -2.8938, 0, 0, 0
L 288.8528, -71.6494, -2.8938, 288.8559, -70.645, -2.8938, 0, 0, 0
L 288.8559, -70.645, -2.8938, 287.3555, -70.6501, -2.8938, 0, 0, 0
L 289.9431, -57.8541, -2.8938, 298.353, -57.8564, -2.8938, 0, 0, 0
L 298.353, -57.8564, -2.8938, 298.3543, 96.3556, -2.8938, 0, 0, 0
L 298.3543, 96.3556, -2.8938, 288.3543, 96.3508, -2.8938, 0, 0, 0
L 288.3543, 96.3508, -2.8938, 288.3503, 109.1418, -2.8938, 0, 0, 0
L 288.3503, 109.1418, -2.8938, 288.8562, 109.1679, -2.8938, 0, 0, 0
L 288.8562, 109.1679, -2.8938, 288.846, 110.1447, -2.8938, 0, 0, 0
L 288.846, 110.1447, -2.8938, 366.3557, 110.1453, -2.8938, 0, 0, 0
L 366.3557, 110.1453, -2.8938, 366.3557, 199.342, -2.8938, 0, 0, 0
L 366.3557, 199.342, -2.8938, 331.858, 199.3564, -2.8938, 0, 0, 0
L 331.858, 199.3564, -2.8938, 331.8541, 200.3557, -2.8938, 0, 0, 0
L 331.8541, 200.3557, -2.8938, 330.3548, 200.3577, -2.8938, 0, 0, 0
L 330.3548, 200.3577, -2.8938, 330.355, 205.1466, -2.8938, 0, 0, 0
L 98.645, 56.3522, -2.8938, 97.145, 56.3558, -2.8938, 0, 0, 0
L 97.145, 56.3558, -2.8938, 97.1388, 55.35, -2.8938, 0, 0, 0
L 97.1388, 55.35, -2.8938, 81.1804, 55.3558, -2.8938, 0, 0, 0
L -63.8549, 6.8548, 0.1062, -63.8537, 23.3567, 0.1062, 0, 0, 0
L -38.1469, 241.1478, 13.6061, -38.1452, 206.6441, 13.6061, 0, 0, 0
L -67.3536, 334.8489, 13.6061, -67.3539, 339.6462, 13.6061, 0, 0, 0
L -68.358, 339.6442, 13.6061, -67.3539, 339.6462, 13.6061, 0, 0, 0
L -350.6204, 385.3546, 13.6061, -350.6447, 387.8559, 13.6061, 0, 0, 0
L -350.6447, 387.8559, 13.6061, -352.1451, 387.8523, 13.6061, 0, 0, 0
L -382.3541, 486.3564, 13.6061, -382.3532, 484.8534, 13.6061, 0, 0, 0
L 152.6449, 126.644, -2.8938, 152.6542, 127.6454, -2.8938, 0, 0, 0
L 97.1441, 263.8512, -2.8938, 80.1449, 263.8559, -2.8938, 0, 0, 0
L 80.1449, 263.8559, -2.8938, 80.1466, 262.3555, -2.8938, 0, 0, 0
L 80.1466, 262.3555, -2.8938, 69.8836, 262.3555, -2.8938, 0, 0, 0
L 69.8836, 262.3555, -2.8041, 69.8405, 263.8557, -2.8361, 0, 0, 0
L 69.8405, 263.8557, -2.8361, 68.8549, 263.8503, -2.8349, 0, 0, 0
L 68.8549, 263.8503, -2.8938, 68.8558, 279.8548, -2.8938, 0, 0, 0
L 68.8558, 279.8548, -2.8938, 22.1576, 279.8564, -2.8938, 0, 0, 0
L 22.1576, 279.8564, -2.8938, 22.1446, 263.8541, -2.8938, 0, 0, 0
L 22.1446, 263.8541, -1.8938, -25.855, 263.8557, 13.6061, 0, 0, 0
L -25.855, 263.8557, 13.6061, -25.8533, 255.8543, 13.6061, 0, 0, 0
L -26.8538, 254.3556, 13.6061, -37.1469, 254.3557, 13.6061, 0, 0, 0
L -25.8533, 255.8543, 13.6061, -26.8557, 255.8554, 13.6061, 0, 0, 0
L -26.8557, 255.8554, 13.6061, -26.8538, 254.3556, 13.6061, 0, 0, 0
L -37.1469, 254.3557, 13.6061, -37.1441, 255.8548, 13.6061, 0, 0, 0
L -37.1441, 255.8548, 13.6061, -38.1445, 255.8542, 13.6061, 0, 0, 0
L -38.1445, 255.8542, 13.6061, -38.145, 333.8557, 13.6061, 0, 0, 0
L -38.145, 333.8557, 13.6061, -54.1499, 333.8534, 13.6061, 0, 0, 0
L -54.1499, 333.8534, 13.6061, -54.1448, 334.8557, 13.6061, 0, 0, 0
L -54.1448, 334.8557, 13.6061, -55.6441, 334.848, 13.6061, 0, 0, 0
L -55.6441, 334.848, 13.6061, -55.6488, 339.6481, 13.6061, 0, 0, 0
L -55.6488, 339.6481, 13.6061, -54.6435, 339.6442, 13.6061, 0, 0, 0
L -54.6435, 339.6442, 13.6061, -54.6458, 346.1464, 13.6061, 0, 0, 0
L -54.6458, 346.1464, 13.6061, -16.6443, 346.1519, 13.6061, 0, 0, 0
L -16.6443, 346.1519, 13.6061, -16.6474, 380.641, 13.6061, 0, 0, 0
L -15.6472, 382.1442, 13.6061, -5.3532, 382.1444, 13.6061, 0, 0, 0
L -5.3532, 382.1444, 13.6061, -5.3558, 380.6442, 13.606, 0, 0, 0
L -5.3558, 380.6442, 13.606, -4.3548, 380.646, 13.6061, 0, 0, 0
L -4.3548, 380.646, 13.6061, -4.3567, 364.6544, 13.6061, 0, 0, 0
L -4.3567, 364.6544, 13.6061, 10.7861, 364.6974, 13.6061, 0, 0, 0
L 10.7861, 364.6974, 13.6061, 26.7341, 380.646, 13.6061, 0, 0, 0
L 26.7341, 380.646, 13.6061, 42.6989, 380.6431, 13.6061, 0, 0, 0
L 42.6989, 380.6431, 13.6061, 58.325, 396.2352, 13.6061, 0, 0, 0
L 58.325, 396.2352, 13.6061, 58.3237, 443.7649, 13.6061, 0, 0, 0
L 58.3237, 443.7649, 13.6061, 42.7126, 459.3557, 13.6061, 0, 0, 0
L 42.7126, 459.3557, 13.6061, 26.7303, 459.3555, 13.6061, 0, 0, 0
L 58.3562, 428.5351, 13.6061, 50.3669, 428.5335, 13.606, 64, 64, 64
L 50.3669, 428.5335, 13.6061, 50.2971, 411.2162, 13.606, 64, 64, 64
L 50.2971, 411.2162, 13.6061, 58.3558, 411.2176, 13.6061, 64, 64, 64
L 26.7303, 459.3555, 13.6061, 10.7751, 475.3133, 13.6061, 0, 0, 0
L 10.7751, 475.3133, 13.6061, -4.3558, 475.3552, 13.6061, 0, 0, 0
L -4.3558, 475.3552, 13.6061, -4.3555, 444.3165, 13.6061, 0, 0, 0
L -4.3555, 444.3165, 13.6061, 11.6443, 428.2656, 13.6061, 0, 0, 0
L 11.6443, 428.2656, 13.6061, 11.6454, 411.7341, 13.6061, 0, 0, 0
L 11.6454, 411.7341, 13.6061, -4.7333, 395.3525, 13.6061, 0, 0, 0
L -4.7333, 395.3525, 13.6061, -5.3559, 395.3557, 13.606, 0, 0, 0
L -5.3528, 393.8546, 13.6061, -15.6491, 393.8571, 13.6061, 0, 0, 0
L -5.3551, 395.3559, 13.6061, -5.3528, 393.8546, 13.6061, 0, 0, 0
L -16.6474, 380.641, 13.6061, -15.644, 380.6447, 13.6061, 0, 0, 0
L -15.644, 380.6447, 13.6061, -15.6472, 382.1442, 13.6061, 0, 0, 0
L -15.6491, 393.8571, 13.6061, -15.6441, 395.3548, 13.6061, 0, 0, 0
L -15.6441, 395.3548, 13.6061, -16.6473, 395.3523, 13.6061, 0, 0, 0
L -16.6473, 395.3523, 13.6061, -16.6551, 473.3562, 13.6061, 0, 0, 0
L -16.6551, 473.3562, 13.6061, -32.5906, 473.3539, 13.6061, 0, 0, 0
L -32.5906, 473.3539, 13.6061, -32.6773, 474.3553, 13.6061, 0, 0, 0
L -32.6773, 474.3553, 13.6061, -34.1447, 474.3498, 13.6061, 0, 0, 0
L -34.1447, 474.3498, 13.6061, -34.1441, 484.6476, 13.6061, 0, 0, 0
L -34.1441, 484.6476, 13.6061, -32.6437, 484.6442, 13.606, 0, 0, 0
L -32.6437, 484.6442, 13.606, -32.6512, 485.6413, 13.6061, 0, 0, 0
L -32.6512, 485.6413, 13.6061, -16.6439, 485.6591, 13.6061, 0, 0, 0
L -16.6439, 485.6591, 13.6061, -16.6442, 532.355, 13.6061, 0, 0, 0
L -16.6442, 532.355, 13.6061, -31.3546, 532.3556, 13.6061, 0, 0, 0
L -31.3546, 532.3556, 13.6061, -31.3504, 516.3567, 13.6061, 0, 0, 0
L -31.3504, 516.3567, 13.6061, -48.631, 516.3488, 13.6061, 0, 0, 0
L -48.631, 516.3488, 13.6061, -48.7064, 532.355, 13.6061, 0, 0, 0
L -48.7064, 532.355, 13.6061, -63.3558, 532.3553, 13.606, 0, 0, 0
L -63.3558, 532.3553, 13.606, -63.3102, 501.2214, 13.6061, 0, 0, 0
L -63.3102, 501.2214, 13.6061, -47.3543, 485.2701, 13.6061, 0, 0, 0
L -47.3543, 485.2701, 13.6061, -47.3547, 484.6437, 13.6061, 0, 0, 0
L -47.3547, 484.6437, 13.6061, -45.8382, 484.6476, 13.6061, 0, 0, 0
L 97.1441, 263.8512, -2.8938, 97.1454, 296.769, -2.8938, 0, 0, 0
L 97.1454, 296.769, -2.8938, 81.1859, 312.7239, -2.8938, 0, 0, 0
L 81.1859, 312.7239, -2.8938, 81.1449, 343.8557, -2.8938, 0, 0, 0
L 81.1449, 343.8557, -2.8938, 97.1461, 343.8528, -2.8938, 0, 0, 0
L 97.1461, 343.8528, -2.8938, 97.1441, 344.8546, -2.8938, 0, 0, 0
L 97.1441, 344.8546, -2.8938, 98.6457, 344.8503, -2.8938, 0, 0, 0
L 98.6457, 344.8503, -2.8938, 98.6445, 355.1471, -2.8938, 0, 0, 0
L 97.1479, 356.1435, -2.8938, 81.1443, 356.1442, -2.8938, 0, 0, 0
L 81.1443, 356.1442, -2.8938, 81.1465, 450.8539, -2.8938, 0, 0, 0
L 81.1465, 450.8539, -2.8938, 129.1463, 450.8541, -2.8938, 0, 0, 0
L 129.1463, 450.8541, -2.8938, 129.1435, 482.8528, -2.8938, 0, 0, 0
L 129.1435, 482.8528, -2.8938, 145.146, 482.8553, -2.8938, 0, 0, 0
L 145.146, 482.8553, -2.8938, 145.1442, 483.855, -2.8938, 0, 0, 0
L 145.1442, 483.855, -2.8938, 146.6372, 483.8516, -2.8938, 0, 0, 0
L 146.6372, 483.8516, -2.8938, 146.6666, 488.648, -2.8938, 0, 0, 0
L 145.1441, 488.6764, -2.8938, 145.1469, 491.1446, -2.8938, 0, 0, 0
L 145.1469, 491.1446, -2.8938, 141.1442, 491.1447, -2.8938, 0, 0, 0
L 145.1543, 488.644, -2.8938, 146.6666, 488.648, -2.8938, 0, 0, 0
L 141.145, 491.144, -2.8938, 141.144, 513.8343, -2.8938, 0, 0, 0
L 141.144, 513.8343, -2.8938, 145.1234, 513.8651, -2.8938, 0, 0, 0
L 145.1234, 513.8651, -2.8938, 145.1812, 516.3556, -2.8938, 0, 0, 0
L 145.1812, 516.3556, -2.8938, 146.6425, 516.3504, -2.8938, 0, 0, 0
L 146.6425, 516.3504, -2.8938, 146.649, 521.888, -2.8938, 0, 0, 0
L 146.649, 521.888, -2.8938, 145.1442, 521.1693, -2.8938, 0, 0, 0
L 145.1442, 521.1693, -2.8938, 145.151, 522.1377, -2.8938, 0, 0, 0
L 145.151, 522.1377, -2.8938, 128.6971, 522.2125, -2.8938, 0, 0, 0
L 128.6971, 522.2125, -2.8938, 113.1782, 537.7317, -4.8937, 0, 0, 0
L 113.1782, 537.7317, -4.8937, 113.1449, 585.8556, -5.8937, 0, 0, 0
L 113.1449, 585.8556, -5.8937, 114.6432, 585.8509, -5.8937, 0, 0, 0
L 114.6432, 585.8509, -5.8937, 114.6495, 590.648, -5.8937, 0, 0, 0
L 114.6495, 590.648, -5.8937, 113.644, 590.6443, -5.8937, 0, 0, 0
L 113.644, 590.6443, -5.8937, 113.647, 597.1485, -5.9081, 0, 0, 0
L 113.647, 597.1485, -6.3937, 81.1317, 597.1462, -5.8937, 0, 0, 0
L 81.1317, 597.1462, -5.3928, 81.1491, 603.6485, -5.8937, 0, 0, 0
L 81.1491, 603.6485, -5.3937, 65.1693, 603.6441, -5.3937, 0, 0, 0
L 65.1693, 603.6441, -5.3937, 65.1443, 616.3556, -5.3937, 0, 0, 0
L 65.1443, 616.3556, -5.3937, 81.1423, 616.3499, -5.3937, 0, 0, 0
L 81.1423, 616.3499, -5.8937, 81.1504, 619.6449, -5.8937, 0, 0, 0
L 97.1479, 356.1435, -2.8938, 97.1441, 355.144, -2.8938, 0, 0, 0
L 97.1441, 355.144, -2.8938, 98.6445, 355.1471, -2.8938, 0, 0, 0
L 598.82, -384.5205, -2.8938, 601.87, -384.5187, -2.8938, 64, 64, 64
L 609.818, -384.521, -2.8938, 612.8745, -384.5187, -2.8938, 64, 64, 64
L 612.8745, -384.5187, -2.8938, 612.873, -392.187, -2.8938, 64, 64, 64
L 598.82, -384.5205, -2.8938, 598.829, -392.183, -2.8938, 64, 64, 64
L 601.87, -384.5187, -2.8927, 601.8818, -392.214, -0.8824, 64, 64, 64
L 609.877, -392.203, -0.8824, 609.818, -384.521, -2.8938, 64, 64, 64
L 601.8736, -386.7438, -1.8823, 609.839, -386.7552, -1.8802, 127, 127, 127
L 601.8776, -389.2513, 0.1179, 609.841, -389.2552, 0.1198, 127, 127, 127
L 602.126, -385.4904, -2.8938, 609.842, -385.4977, -2.8917, 127, 127, 127
L 601.8719, -388.49, -0.8805, 609.842, -388.38, -0.8816, 127, 127, 127
P 604, -392, 1, 0, 127, 0, 3, to_Lesser_Faydark
P 375, 350, -2, 0, 0, 0, 1, Map_bu_Goodurden
