L 129.1698, -423.7361, -16.3937, 177.1333, -375.7862, -16.3937, 0, 0, 0
L 177.1333, -375.7862, -16.3937, 177.1793, -344.1438, -16.3937, 0, 0, 0
L 177.1793, -344.1438, -16.3937, 193.1463, -344.1451, -16.3937, 0, 0, 0
L 207.876, -344.1483, -16.3937, 223.8557, -344.1442, -16.3937, 0, 0, 0
L 223.8557, -344.1442, -16.3937, 223.8557, -402.9855, -16.3937, 0, 0, 0
L 212.822, -403.74, -11.3813, 176.2757, -438.8127, -16.3937, 0, 0, 0
L 176.2757, -438.8127, -16.3937, 129.1493, -438.8566, -16.3937, 0, 0, 0
L 129.1493, -438.8566, -16.3937, 129.1698, -423.7361, -16.3937, 0, 0, 0
L 223.8557, -402.9855, -11.3824, 206.5169, -403.176, -11.3824, 65, 65, 65
L 206.5169, -403.176, -11.3824, 206.4961, -397.2144, -11.3823, 65, 65, 65
L 206.4961, -397.2144, -11.3823, 206.4762, -387.5187, -11.3813, 255, 0, 255
L 206.4762, -387.5187, -11.3813, 206.5191, -381.7171, -11.3824, 65, 65, 65
L 206.5191, -381.7171, -11.3824, 223.8294, -381.7194, -11.3824, 65, 65, 65
L 193.1439, -343.1449, -16.3937, 194.6441, -343.1478, -16.3937, 0, 0, 0
L 194.6441, -343.1478, -16.3937, 194.6459, -338.3494, -16.3937, 0, 0, 0
L 193.6468, -338.3552, -16.3937, 194.6459, -338.3494, -16.3937, 0, 0, 0
L 207.355, -338.3557, -16.3937, 206.3554, -338.3514, -16.3937, 0, 0, 0
L 206.3554, -338.3514, -16.3937, 206.3525, -343.1442, -16.3937, 0, 0, 0
L 207.8557, -343.1449, -16.3937, 206.3525, -343.1442, -16.3937, 0, 0, 0
L 207.355, -338.3557, -16.3937, 207.3525, -330.3521, -16.3937, 0, 0, 0
L 193.645, -330.3555, -16.3937, 193.6468, -338.3552, -16.3937, 0, 0, 0
L 193.1442, -343.1438, -16.3937, 193.1463, -344.1451, -16.3937, 0, 0, 0
L 207.8444, -343.1442, -16.3937, 207.876, -344.1483, -16.3937, 0, 0, 0
L 193.645, -330.3555, -16.3937, 183.6454, -330.3557, -16.3937, 0, 0, 0
L 183.6454, -330.3557, -16.3937, 183.6495, -271.8546, -16.3937, 0, 0, 0
L 183.6495, -271.8546, -16.3937, 174.6442, -271.8546, -16.3937, 0, 0, 0
L 174.6442, -271.8546, -16.3937, 174.6528, -261.8543, -16.3937, 0, 0, 0
L 174.6528, -261.8543, -16.3937, 161.7325, -261.855, -16.3937, 0, 0, 0
L 161.7325, -261.855, -16.3937, 145.233, -278.3564, -16.3937, 0, 0, 0
L 146.1996, -277.3897, -16.3937, 146.2049, -270.3174, -16.3937, 65, 65, 65
L 146.2049, -270.3174, -16.3937, 128.8813, -270.314, -16.3937, 65, 65, 65
L 128.8813, -270.314, -16.3937, 128.8831, -278.3557, -16.3937, 65, 65, 65
L 145.233, -278.3564, -16.3937, 114.1441, -278.3548, -16.3937, 0, 0, 0
L 114.1441, -278.3548, -16.3937, 114.1448, -231.6424, -16.3937, 0, 0, 0
L 114.1448, -231.6424, -15.8927, 130.1437, -231.6459, -16.3937, 0, 0, 0
L 130.1437, -231.6459, -16.3937, 130.1449, -219.3658, -16.3937, 0, 0, 0
L 130.1449, -219.3658, -16.3937, 122.144, -219.3269, -16.3937, 0, 0, 0
L 122.144, -219.3269, -16.3937, 122.1449, -156.644, -32.8937, 0, 0, 0
L 122.1449, -156.644, -32.8937, 152.8558, -156.6651, -32.8937, 0, 0, 0
L 152.8558, -156.6651, -32.8937, 152.8404, -219.356, -16.3937, 0, 0, 0
L 152.8404, -219.356, -16.3937, 144.8565, -219.355, -16.3937, 0, 0, 0
L 144.8565, -219.355, -16.3937, 144.8557, -231.645, -16.3937, 0, 0, 0
L 144.8557, -231.645, -16.3937, 160.8557, -231.6649, -16.3937, 0, 0, 0
L 160.8557, -231.6649, -16.3937, 160.8492, -248.1508, -16.3937, 0, 0, 0
L 174.6474, -248.1449, -16.3937, 160.8492, -248.1508, -16.3937, 0, 0, 0
L 174.6474, -248.1449, -16.3937, 174.6451, -238.1442, -16.3937, 0, 0, 0
L 174.6451, -238.1442, -16.3937, 183.6475, -238.1486, -16.3937, 0, 0, 0
L 183.6475, -238.1486, -16.3937, 183.6442, -176.1451, -16.3937, 0, 0, 0
L 183.6442, -176.1451, -16.3937, 193.6434, -176.1482, -16.3937, 0, 0, 0
L 207.3526, -176.1477, -16.3937, 217.3557, -176.145, -16.3937, 0, 0, 0
L 217.3557, -176.145, -16.3937, 217.3548, -330.3557, -16.3937, 0, 0, 0
L 217.3548, -330.3557, -16.3937, 207.3525, -330.3521, -16.3937, 0, 0, 0
L 193.6434, -176.1482, -16.3937, 193.6513, -162.3532, -16.3937, 0, 0, 0
L 207.3599, -162.3511, -16.3937, 207.3526, -176.1477, -16.3937, 0, 0, 0
L 207.3599, -162.3511, -16.3937, 215.8557, -162.3538, -16.3937, 0, 0, 0
L 215.8557, -162.3538, -16.3937, 215.8071, -99.6444, 0.1062, 0, 0, 0
L 215.8071, -99.6444, 0.1062, 207.8552, -99.6467, 0.1062, 0, 0, 0
L 193.186, -99.6461, 0.1062, 185.1841, -99.6444, 0.1062, 0, 0, 0
L 185.1841, -99.6444, 0.1062, 185.1451, -162.3557, -16.3937, 0, 0, 0
L 185.1451, -162.3557, -16.3937, 193.6513, -162.3532, -16.3937, 0, 0, 0
L 193.186, -99.6461, 0.1062, 193.1413, -87.3539, 0.1062, 0, 0, 0
L 207.8552, -99.6467, 0.1072, 207.8557, -87.3563, 0.1062, 0, 0, 0
L 207.8557, -87.3563, 0.1062, 240.1868, -87.3555, 0.1062, 0, 0, 0
L 240.1868, -87.3555, 0.1062, 255.8295, -71.7592, 0.1062, 0, 0, 0
L 255.9121, -55.6803, 0.1062, 271.8555, -39.6852, 0.1062, 0, 0, 0
L 271.8555, -39.6852, 0.1062, 271.8249, 7.7637, 0.1062, 0, 0, 0
L 271.8249, 7.7637, 0.1062, 256.1823, 23.3567, 0.1062, 0, 0, 0
L 256.1823, 23.3567, 0.1062, 160.7913, 23.3563, 0.1062, 0, 0, 0
L 160.7913, 23.3563, 0.1062, 145.1445, 7.6597, 0.1062, 0, 0, 0
L 145.1445, 7.6597, 0.1062, 145.1475, -9.1443, 0.1062, 0, 0, 0
L 145.1475, -9.1443, 0.1062, 122.8506, -9.148, 0.1062, 0, 0, 0
L 145.1414, -22.8545, 0.1062, 122.8519, -22.8531, 0.1062, 0, 0, 0
L 122.8519, -22.8531, 0.1062, 122.8573, -39.3267, 0.6072, 0, 0, 0
L 75.1407, -39.3599, 0.6062, 75.1584, -23.3508, 0.1062, 0, 0, 0
L 75.1407, -39.3599, 0.6072, 122.8573, -39.3267, 0.1062, 0, 0, 0
L 122.8506, -9.148, 0.1062, 122.858, 7.3555, 0.6072, 0, 0, 0
L 122.858, 7.3555, 0.6072, 75.1467, 7.3563, 0.6072, 0, 0, 0
L 75.1467, 7.3563, 0.6062, 75.147, -8.6489, 0.1062, 0, 0, 0
L 255.8198, -71.7686, 0.1062, 255.9121, -55.6803, 0.1062, 0, 0, 0
L 145.1414, -22.8545, 0.1062, 145.1836, -71.7721, 0.1062, 0, 0, 0
L 145.1836, -71.7721, 0.1062, 160.8094, -87.3564, 0.1062, 0, 0, 0
L 160.8094, -87.3564, 0.1062, 193.1413, -87.3539, 0.1062, 0, 0, 0
L 75.1584, -23.3508, 0.1062, 21.8658, -23.3563, 0.1062, 0, 0, 0
L 21.8658, -23.3563, 0.1062, 5.7632, -7.3563, 0.1062, 0, 0, 0
L 5.7632, -7.3563, 0.1062, -6.1283, -7.3342, 0.1062, 0, 0, 0
L -6.144, 7.3578, 0.1062, 6.1482, 7.3335, 0.1062, 0, 0, 0
L 6.1482, 7.3335, 0.1062, 6.1448, 23.3557, 0.1062, 0, 0, 0
L 6.1448, 23.3557, 0.1062, 52.8515, 23.356, 0.1062, 0, 0, 0
L 52.8515, 23.356, 0.1062, 52.8558, 8.647, 0.1062, 0, 0, 0
L 52.8558, 8.647, 0.1062, 36.8496, 8.6476, 0.1062, 0, 0, 0
L 36.8496, 8.6476, 0.1062, 36.8547, -8.6449, 0.1062, 0, 0, 0
L 36.8547, -8.6449, 0.1062, 75.147, -8.6489, 0.1062, 0, 0, 0
L -6.1283, -7.3342, 0.1062, -6.1809, -23.7711, 0.1062, 0, 0, 0
L -6.1809, -23.7711, 0.1062, -21.7411, -39.3299, 0.1062, 0, 0, 0
L -21.7411, -39.3299, 0.1062, -117.1484, -39.3552, 0.1062, 0, 0, 0
L -117.1484, -39.3552, 0.1062, -132.8499, -23.7407, 0.1062, 0, 0, 0
L -132.855, 23.6342, 0.1062, -116.8926, 39.6959, 0.1062, 0, 0, 0
L -116.8926, 39.6959, 0.1062, -116.8262, 55.7625, 0.1062, 0, 0, 0
L -116.8262, 55.7625, 0.1062, -101.2771, 71.3122, 0.1062, 0, 0, 0
L -101.2771, 71.3122, 0.1062, -68.8546, 71.3585, 0.1062, 0, 0, 0
L -68.8546, 71.3585, 0.1062, -68.8563, 83.6466, 0.1062, 0, 0, 0
L -46.1441, 83.6454, 0.1062, -54.1394, 83.6456, 0.1062, 0, 0, 0
L -54.1394, 83.6456, 0.1062, -54.1978, 71.3524, 0.1062, 0, 0, 0
L -54.1978, 71.3524, 0.1062, -21.8279, 71.3566, 0.1062, 0, 0, 0
L -21.8279, 71.3566, 0.1062, -6.1538, 55.7424, 0.1062, 0, 0, 0
L -6.144, 7.3578, 0.1062, -6.1538, 55.7424, 0.1062, 0, 0, 0
L -132.8552, -23.6591, 0.1062, -132.855, -7.3323, 0.1062, 0, 0, 0
L -132.8552, 23.6622, 0.1062, -132.8524, 7.3556, 0.1062, 0, 0, 0
L -132.8524, 7.3556, 0.1062, -145.1468, 7.3559, 0.1062, 0, 0, 0
L -145.1465, -7.3578, 0.1062, -132.855, -7.3323, 0.1062, 0, 0, 0
L -145.1465, -7.3578, 0.1062, -145.1433, -23.7154, 0.1062, 0, 0, 0
L -145.1433, -23.7154, 0.1062, -161.2269, -39.3534, -1.8938, 0, 0, 0
L -161.2269, -39.3534, -1.8938, -176.7642, -39.3528, -2.8938, 0, 0, 0
L -176.7642, -39.3528, -2.8938, -192.7521, -55.3423, -2.8938, 0, 0, 0
L -192.7521, -55.3423, -2.8938, -207.8547, -55.3558, -2.8938, 0, 0, 0
L -207.8547, -55.3558, -2.8938, -207.8026, -24.2135, -2.8938, 0, 0, 0
L -207.8026, -24.2135, -2.8938, -191.8525, -8.2652, -2.8938, 0, 0, 0
L -191.8525, -8.2652, -2.8938, -191.8519, 8.2665, -2.8938, 0, 0, 0
L -191.8519, 8.2665, -2.8938, -207.8232, 24.2345, -2.8938, 0, 0, 0
L -207.8232, 24.2345, -2.8938, -208.1127, 55.3562, -2.8938, 0, 0, 0
L -207.8557, 27.7334, -2.8938, -199.8412, 27.7306, -2.8938, 65, 65, 65
L -199.8412, 27.7306, -2.8938, -199.8256, 45.377, -2.8938, 65, 65, 65
L -199.8256, 45.377, -2.8938, -207.8557, 45.799, -2.8938, 65, 65, 65
L -208.1127, 55.3562, -2.8938, -192.8052, 55.3556, -2.8938, 0, 0, 0
L -192.8052, 55.3556, -2.8938, -176.7861, 39.3765, -2.8938, 0, 0, 0
L -176.7861, 39.3765, -2.8938, -160.6878, 39.2755, -1.8938, 0, 0, 0
L -160.6878, 39.2755, -1.8938, -145.1448, 23.6423, 0.1062, 0, 0, 0
L -145.1448, 23.6423, 0.1062, -145.1468, 7.3559, 0.1062, 0, 0, 0
L -52.582, 83.6443, 0.1062, -46.1454, 83.6441, 0.1062, 0, 0, 0
L -68.855, 146.3538, 16.6062, -76.8543, 146.3558, 16.6061, 0, 0, 0
L -76.8543, 146.3558, 16.6061, -76.8562, 83.6457, 0.1062, 0, 0, 0
L -76.8562, 83.6457, 0.1062, -68.8563, 83.6466, 0.1062, 0, 0, 0
L -46.145, 83.6441, 0.1062, -46.1441, 146.3542, 16.6061, 0, 0, 0
L -46.1441, 146.3542, 16.6061, -54.1439, 146.3528, 16.6062, 0, 0, 0
L -54.1439, 146.3528, 16.6062, -54.1458, 158.6478, 16.6061, 0, 0, 0
L -68.856, 158.6522, 16.6061, -68.855, 146.3538, 16.6061, 0, 0, 0
L -68.856, 158.6522, 16.6062, -127.3558, 158.645, 16.6061, 0, 0, 0
L -127.3558, 158.645, 16.6061, -127.3538, 236.646, 16.6062, 0, 0, 0
L -127.3525, 251.3207, 16.6062, -127.3546, 285.8557, 16.6061, 0, 0, 0
L -127.3546, 285.8557, 16.6061, -89.3551, 285.8555, 16.6062, 0, 0, 0
L -89.3551, 285.8555, 16.6062, -89.3538, 294.1433, 16.6062, 0, 0, 0
L -93.8558, 294.1449, 16.6061, -93.852, 298.1433, 16.6062, 0, 0, 0
L -93.852, 298.1433, 16.9058, -98.13, 298.1467, 16.9058, 0, 0, 0
L -98.13, 298.1467, 16.6062, -98.1649, 294.1437, 16.6062, 0, 0, 0
L -89.3538, 294.1433, 16.6062, -120.8558, 294.1449, 16.6061, 0, 0, 0
L -120.8558, 294.1449, 16.6061, -120.8558, 316.8552, 16.6061, 0, 0, 0
L -120.8558, 316.8552, 16.6061, -116.856, 316.8487, 16.6062, 0, 0, 0
L -102.1436, 316.8552, 16.6061, -102.1477, 332.7706, 16.6062, 0, 0, 0
L -102.1477, 332.7706, 16.6062, -93.7706, 341.1453, 16.6062, 0, 0, 0
L -93.7706, 341.1453, 16.6062, -86.1441, 341.1449, 16.6061, 0, 0, 0
L -86.1441, 341.1449, 16.6061, -86.1842, 371.8564, 17.1051, 0, 0, 0
L -86.1842, 371.8564, 17.1071, -132.8563, 371.8566, 17.1071, 0, 0, 0
L -132.8563, 371.8566, 17.1071, -132.8567, 325.1422, 17.1071, 0, 0, 0
L -132.8567, 325.1422, 17.1071, -116.8554, 325.1469, 16.6062, 0, 0, 0
L -116.8554, 325.1469, 16.6061, -116.856, 316.8487, 16.6061, 0, 0, 0
L -98.1439, 316.855, 16.6061, -98.1463, 312.8557, 16.6062, 0, 0, 0
L -98.1463, 312.8557, 16.9058, -93.8643, 312.8525, 16.9058, 0, 0, 0
L -93.8643, 312.8525, 16.6062, -93.8379, 316.8555, 16.6062, 0, 0, 0
L -102.1436, 316.8552, 16.6062, -71.1666, 316.8559, 16.6062, 0, 0, 0
L -71.1666, 316.8559, 16.6062, -71.1728, 294.1442, 16.6062, 0, 0, 0
L -71.1728, 294.1442, 16.6062, -75.6444, 294.1476, 16.6062, 0, 0, 0
L -75.6444, 294.1476, 16.6062, -75.6453, 285.8582, 16.6062, 0, 0, 0
L -75.6453, 285.8582, 16.6062, -38.1441, 285.8251, 16.6062, 0, 0, 0
L -38.1441, 285.8251, 16.6062, -38.1454, 208.3582, 16.6062, 0, 0, 0
L -38.1454, 208.3582, 16.6061, -25.8541, 208.328, 16.6062, 0, 0, 0
L -25.852, 193.6441, 16.6061, -38.1469, 193.6442, 16.6061, 0, 0, 0
L -38.1469, 193.6442, 16.6062, -38.1437, 158.6465, 16.6061, 0, 0, 0
L -38.1437, 158.6465, 16.6061, -54.1458, 158.6478, 16.6062, 0, 0, 0
L -25.852, 193.6441, 16.6062, -25.8576, 177.6064, 16.6061, 0, 0, 0
L -25.8557, 182.9005, 16.6061, -17.5791, 182.8984, 16.6062, 65, 65, 65
L -17.5791, 182.8984, 16.6062, -17.5807, 177.6441, 16.6061, 65, 65, 65
L -15.3809, 177.6449, 16.6061, -15.3834, 185.7066, 16.6062, 65, 65, 65
L -15.3834, 185.7066, 16.6062, 1.9374, 185.705, 16.6062, 65, 65, 65
L 1.9374, 185.705, 16.6062, 1.9343, 177.6502, 16.6062, 65, 65, 65
L -25.8576, 177.6064, 16.6062, 5.2446, 177.6553, 16.6062, 0, 0, 0
L 21.2332, 193.6435, 16.6062, 33.1507, 193.6442, 16.6061, 0, 0, 0
L 33.149, 208.3551, 16.6061, 13.2268, 208.3536, 16.6062, 0, 0, 0
L 13.2268, 208.3536, 16.6062, 4.8532, 216.7336, 16.6062, 0, 0, 0
L 4.8532, 216.7336, 16.6062, 4.8558, 224.3551, 16.6061, 0, 0, 0
L 4.8558, 224.3551, 16.6061, -25.854, 224.3557, 16.6061, 0, 0, 0
L -25.854, 224.3557, 16.6061, -25.8541, 208.328, 16.6062, 0, 0, 0
L 5.1609, 177.6437, 16.6062, 21.2332, 193.6435, 16.6062, 0, 0, 0
L 33.1507, 193.6442, 16.6062, 33.1439, 145.3138, 16.6062, 0, 0, 0
L 33.1439, 145.3138, 16.6062, 48.7368, 129.6733, 16.6062, 0, 0, 0
L 48.7368, 129.6733, 16.6062, 128.2475, 129.6581, 16.6062, 0, 0, 0
L 128.2475, 129.6581, 16.6062, 143.8222, 145.2334, 16.6062, 0, 0, 0
L 143.8222, 145.2334, 16.6062, 143.86, 161.2713, 16.6062, 0, 0, 0
L 143.86, 161.2713, 16.6062, 159.8557, 177.289, 16.6062, 0, 0, 0
L 159.8557, 177.289, 16.6062, 159.8512, 193.6414, 16.6062, 0, 0, 0
L 159.8512, 193.6414, 16.6061, 171.9926, 193.6757, 16.6062, 0, 0, 0
L 171.9926, 193.6757, 16.6062, 172.4262, 185.6457, 16.6062, 0, 0, 0
L 172.4262, 185.6457, 16.6062, 234.856, 185.6508, 0.1062, 0, 0, 0
L 234.856, 185.6508, 0.1062, 234.8536, 193.6403, 0.1062, 0, 0, 0
L 234.8536, 193.6403, 0.1062, 247.146, 193.6873, 0.1062, 0, 0, 0
L 247.148, 208.3588, 0.1062, 234.8534, 208.3206, 0.1062, 0, 0, 0
L 234.8534, 208.3206, 0.1062, 234.8557, 216.3548, 0.1062, 0, 0, 0
L 234.8557, 216.3548, 0.1062, 172.1641, 216.3557, 16.6062, 0, 0, 0
L 172.1641, 216.3557, 16.6062, 172.1396, 208.3559, 16.6062, 0, 0, 0
L 172.1396, 208.3559, 16.6062, 159.8682, 208.3551, 16.6062, 0, 0, 0
L 159.8682, 208.3551, 16.6062, 159.7995, 224.7886, 16.6062, 0, 0, 0
L 159.7995, 224.7886, 16.6062, 144.274, 240.3145, 16.6062, 0, 0, 0
L 144.274, 240.3145, 16.6062, 48.7314, 240.32, 16.6062, 0, 0, 0
L 48.7314, 240.32, 16.6062, 33.1439, 224.6613, 16.6062, 0, 0, 0
L 33.1439, 224.6613, 16.6062, 33.149, 208.3551, 16.6062, 0, 0, 0
L 247.146, 193.6873, 0.1062, 247.1442, 135.1451, 0.1062, 0, 0, 0
L 247.1442, 135.1451, 0.1062, 374.3541, 135.1442, 0.1062, 0, 0, 0
L 374.3541, 135.1442, 0.1062, 374.3559, 224.3459, 0.1062, 0, 0, 0
L 374.3559, 224.3459, 0.1062, 247.1451, 224.3557, 0.1062, 0, 0, 0
L 247.1451, 224.3557, 0.1062, 247.148, 208.3588, 0.1062, 0, 0, 0
L -127.3525, 251.3207, 16.6062, -139.6478, 251.3588, 16.6062, 0, 0, 0
L -139.6456, 236.645, 16.6061, -127.3538, 236.646, 16.6062, 0, 0, 0
L -139.6478, 251.3588, 16.6062, -139.6442, 267.355, 16.6062, 0, 0, 0
L -139.6442, 267.355, 16.6062, -174.6449, 267.3548, 16.6062, 0, 0, 0
L -174.6449, 267.3548, 16.6061, -174.6448, 275.6449, 16.6061, 0, 0, 0
L -170.6716, 275.644, 16.6062, -170.6384, 279.6426, 16.6062, 0, 0, 0
L -170.6384, 279.6426, 16.6062, -166.3523, 279.6469, 16.6062, 0, 0, 0
L -166.3523, 279.6469, 16.6062, -166.356, 275.6447, 16.6061, 0, 0, 0
L -174.6448, 275.6449, 16.6061, -143.6451, 275.6442, 16.6061, 0, 0, 0
L -143.6451, 275.6442, 16.6061, -143.6543, 298.3559, 16.6062, 0, 0, 0
L -143.6543, 298.3559, 16.6062, -193.3547, 298.3543, 16.6062, 0, 0, 0
L -166.3557, 298.3552, 16.6062, -166.3516, 294.3544, 16.6062, 0, 0, 0
L -166.3516, 294.3544, 16.6062, -170.6468, 294.3539, 16.6062, 0, 0, 0
L -170.6468, 294.3539, 16.6062, -170.644, 298.3546, 16.6061, 0, 0, 0
L -193.3547, 298.3543, 16.6061, -193.3628, 275.6442, 16.6061, 0, 0, 0
L -193.3557, 295.5133, 16.6061, -185.3833, 295.5128, 16.6062, 65, 65, 65
L -185.3833, 295.5128, 16.6062, -185.388, 278.1929, 16.6062, 65, 65, 65
L -185.388, 278.1929, 16.6062, -193.3548, 278.1965, 16.6061, 65, 65, 65
L -193.3628, 275.6442, 16.6061, -189.3537, 275.6455, 16.6062, 0, 0, 0
L -189.3537, 275.6455, 16.6062, -189.36, 267.3482, 16.6061, 0, 0, 0
L -189.3556, 273.1442, 16.6061, -187.8567, 273.1467, 16.6062, 0, 0, 0
L -187.8567, 273.1467, 16.6062, -187.8528, 268.3535, 16.6062, 0, 0, 0
L -189.2787, 268.3552, 16.6062, -187.8528, 268.3535, 16.6062, 0, 0, 0
L -174.6452, 268.3557, 16.6061, -176.1416, 268.3521, 16.6062, 0, 0, 0
L -176.1416, 268.3521, 16.6062, -176.1483, 273.1467, 16.6062, 0, 0, 0
L -174.6449, 273.1442, 16.6061, -176.1483, 273.1467, 16.6062, 0, 0, 0
L -189.36, 267.3482, 16.6062, -217.6451, 267.3537, 16.6062, 0, 0, 0
L -217.6451, 267.3537, 16.6061, -217.6451, 279.6517, 16.6061, 0, 0, 0
L -209.6775, 279.6431, 20.6034, -217.6451, 279.6517, 20.6034, 0, 0, 0
L -209.6444, 279.7307, 20.601, -209.6453, 342.3557, 33.106, 0, 0, 0
L -209.6453, 342.3557, 33.106, -218.1477, 342.3519, 33.106, 0, 0, 0
L -218.1448, 354.6539, 33.106, -218.1477, 342.3519, 33.106, 0, 0, 0
L -231.8537, 354.646, 33.106, -231.8506, 342.3648, 33.106, 0, 0, 0
L -231.8506, 342.3648, 33.106, -240.3555, 342.3328, 33.106, 0, 0, 0
L -240.3555, 342.3328, 33.106, -240.3546, 279.6442, 20.5511, 0, 0, 0
L -240.3546, 279.6442, 20.5511, -232.3554, 279.6478, 20.5157, 0, 0, 0
L -232.3554, 279.6478, 16.6062, -232.3557, 267.3541, 16.6061, 0, 0, 0
L -232.3557, 267.3541, 16.6062, -266.8548, 267.3557, 16.6061, 0, 0, 0
L -266.8548, 267.3557, 16.6061, -266.8494, 229.853, 16.6062, 0, 0, 0
L -266.8494, 229.853, 16.6062, -275.1385, 229.8513, 16.6062, 0, 0, 0
L -275.1385, 229.8513, 16.6062, -275.1632, 234.3559, 16.6062, 0, 0, 0
L -275.1632, 234.3559, 16.6062, -297.8557, 234.3198, 16.6062, 0, 0, 0
L -297.8557, 234.3198, 16.6062, -297.8553, 211.668, 16.6062, 0, 0, 0
L -297.8553, 211.668, 16.6062, -275.144, 211.6707, 16.6062, 0, 0, 0
L -275.144, 211.6707, 16.6062, -275.1456, 216.142, 16.6062, 0, 0, 0
L -275.1456, 216.142, 16.6062, -266.8595, 216.1499, 16.6062, 0, 0, 0
L -266.8595, 216.1499, 16.6062, -266.8168, 178.1437, 16.6062, 0, 0, 0
L -266.8168, 178.1437, 16.6062, -139.6442, 178.145, 16.6061, 0, 0, 0
L -139.6442, 178.145, 16.6061, -139.6456, 236.645, 16.6062, 0, 0, 0
L -231.8537, 354.646, 33.106, -269.3353, 354.6438, 33.106, 0, 0, 0
L -269.3353, 354.6438, 33.106, -269.3553, 481.8075, 33.106, 0, 0, 0
L -269.3553, 481.8075, 33.106, -253.3541, 481.8654, 33.106, 0, 0, 0
L -238.642, 481.8543, 33.106, -180.1449, 481.8557, 33.106, 0, 0, 0
L -180.1449, 481.8557, 33.106, -180.1468, 446.8557, 33.106, 0, 0, 0
L -180.1468, 446.8557, 33.106, -167.8524, 446.855, 33.106, 0, 0, 0
L -180.1451, 432.1505, 33.106, -167.8537, 432.1435, 33.106, 0, 0, 0
L -167.8537, 432.1435, 33.106, -167.8548, 424.1442, 33.106, 0, 0, 0
L -167.8548, 424.1442, 33.106, -105.1474, 424.1435, 49.606, 0, 0, 0
L -105.1474, 424.1435, 49.606, -105.1467, 432.1691, 49.606, 0, 0, 0
L -105.1467, 432.1691, 49.606, -92.8504, 432.1419, 49.606, 0, 0, 0
L -92.8506, 446.8552, 49.606, -105.1294, 446.8559, 49.606, 0, 0, 0
L -105.1294, 446.8559, 49.606, -105.1607, 454.8561, 49.606, 0, 0, 0
L -105.1607, 454.8561, 49.606, -167.8557, 454.8528, 33.106, 0, 0, 0
L -167.8557, 454.8528, 33.106, -167.8524, 446.855, 33.106, 0, 0, 0
L -180.1451, 432.1505, 33.106, -180.1451, 354.644, 33.106, 0, 0, 0
L -180.1451, 354.644, 33.106, -218.1448, 354.6539, 33.106, 0, 0, 0
L -92.8506, 446.8552, 49.606, -92.8558, 462.855, 49.606, 0, 0, 0
L -92.8558, 462.855, 49.606, -45.7625, 462.8519, 49.606, 0, 0, 0
L -45.7625, 462.8519, 49.606, 2.2298, 414.8519, 49.606, 0, 0, 0
L 2.2298, 414.8519, 49.606, 33.8145, 414.8555, 49.606, 0, 0, 0
L 33.8145, 414.8555, 49.606, 33.8613, 398.8546, 49.606, 0, 0, 0
L 33.8552, 384.144, 49.606, 33.8556, 368.1456, 49.606, 0, 0, 0
L 33.8556, 368.1456, 49.606, -13.1698, 368.1444, 49.606, 0, 0, 0
L -13.1698, 368.1444, 49.606, -61.231, 416.1442, 49.606, 0, 0, 0
L -92.8525, 417.412, 49.606, -92.8504, 432.1419, 49.606, 0, 0, 0
L -92.8549, 416.1442, 49.606, -61.231, 416.1442, 49.606, 0, 0, 0
L 33.8552, 384.144, 49.606, 46.148, 384.1449, 49.606, 0, 0, 0
L 46.1445, 398.8539, 49.606, 33.8613, 398.8546, 49.606, 0, 0, 0
L 132.415, 394.2556, 50.606, 132.411, 390.2248, 50.606, 65, 65, 65
L 132.411, 390.2248, 50.606, 128.114, 390.2219, 50.606, 65, 65, 65
L 127.9984, 394.1157, 50.1865, 128.114, 390.2219, 50.2139, 65, 65, 65
L 132.415, 394.2556, 50.606, 127.9984, 394.1157, 50.606, 65, 65, 65
L 110.2845, 414.9132, 50.606, 110.2793, 410.9202, 50.606, 65, 65, 65
L 110.2793, 410.9202, 50.606, 106.3294, 410.9211, 50.606, 65, 65, 65
L 106.3299, 414.9073, 50.606, 106.3294, 410.9211, 50.606, 65, 65, 65
L 106.3299, 414.9073, 50.606, 110.2845, 414.9132, 50.606, 65, 65, 65
L 84.7625, 393.358, 50.606, 88.754, 393.3578, 50.606, 65, 65, 65
L 88.754, 393.3578, 50.606, 88.7566, 389.4082, 50.606, 65, 65, 65
L 88.7566, 389.4082, 50.606, 84.7656, 389.4003, 50.606, 65, 65, 65
L 84.7656, 389.4003, 50.606, 84.7625, 393.358, 50.6062, 65, 65, 65
L 106.9756, 368.534, 50.606, 106.9757, 372.459, 50.606, 65, 65, 65
L 106.9757, 372.459, 50.606, 110.927, 372.471, 50.606, 65, 65, 65
L 110.9304, 368.586, 50.606, 110.927, 372.471, 50.606, 65, 65, 65
L 110.9304, 368.586, 50.606, 106.9756, 368.534, 50.606, 65, 65, 65
L 94.7519, 376.146, 45.106, 124.8556, 376.1453, 45.106, 65, 65, 65
L 124.8556, 376.1453, 45.106, 124.8546, 406.8557, 45.106, 65, 65, 65
L 124.8546, 406.8557, 45.106, 94.1449, 406.8557, 45.106, 65, 65, 65
L 94.1449, 406.8557, 45.106, 94.1441, 376.1442, 45.106, 65, 65, 65
L 96.9368, 393.8815, 45.1062, 98.959, 397.6967, 45.1062, 127, 127, 127
L 98.959, 397.6967, 45.1062, 103.224, 401.8641, 45.1062, 127, 127, 127
L 103.224, 401.8641, 45.1062, 107.4348, 404.876, 45.1062, 127, 127, 127
L 107.4348, 404.876, 45.1062, 111.6495, 404.419, 45.1062, 127, 127, 127
L 111.6495, 404.419, 45.1062, 116.114, 401.8038, 45.1062, 127, 127, 127
L 116.114, 401.8038, 45.1062, 119.7276, 398.371, 45.1062, 127, 127, 127
L 119.7276, 398.371, 45.1062, 122.786, 393.5568, 45.1062, 127, 127, 127
L 122.786, 393.5568, 45.1062, 122.46, 389.4612, 45.1062, 127, 127, 127
L 122.46, 389.4612, 45.1062, 119.9753, 385.2547, 45.1081, 127, 127, 127
L 119.9753, 385.2547, 45.1081, 116.3766, 381.6071, 45.1062, 127, 127, 127
L 116.3766, 381.6071, 45.1062, 111.7267, 379.7, 45.1062, 127, 127, 127
L 111.7267, 379.7, 45.1062, 107.3674, 378.9583, 45.1062, 127, 127, 127
L 107.3674, 378.9583, 45.1062, 103.263, 381.2171, 45.1082, 127, 127, 127
L 103.263, 381.2171, 45.1082, 98.9431, 385.2875, 45.1062, 127, 127, 127
L 98.9431, 385.2875, 45.1062, 96.9265, 389.5971, 45.1062, 127, 127, 127
L 96.9265, 389.5971, 45.1062, 96.9368, 393.8815, 45.1062, 127, 127, 127
L 46.1445, 398.8539, 49.606, 46.1441, 406.8561, 49.606, 0, 0, 0
L 46.1441, 406.8561, 49.606, 76.1483, 406.8541, 49.606, 0, 0, 0
L 76.1483, 406.8541, 49.606, 76.1449, 438.3557, 49.606, 0, 0, 0
L 76.1449, 438.3557, 49.606, 156.3548, 438.3557, 49.606, 0, 0, 0
L 156.3548, 438.3557, 49.606, 156.3496, 430.355, 49.606, 0, 0, 0
L 156.3498, 415.6988, 49.606, 156.354, 367.3546, 49.606, 0, 0, 0
L 157.3557, 367.3399, 49.606, 157.3525, 365.8578, 49.606, 0, 0, 0
L 157.3525, 365.8578, 49.606, 162.1424, 365.8489, 49.606, 0, 0, 0
L 162.1424, 365.8489, 49.606, 162.1442, 367.3546, 49.606, 0, 0, 0
L 156.354, 367.3546, 49.606, 179.1483, 367.3541, 42.106, 0, 0, 0
L 191.3461, 384.1469, 41.106, 191.3565, 352.651, 41.106, 0, 0, 0
L 191.3565, 352.651, 41.106, 156.3557, 352.6426, 49.6062, 0, 0, 0
L 162.1442, 352.644, 49.6062, 162.147, 354.1447, 49.606, 0, 0, 0
L 162.147, 354.1447, 49.606, 157.3488, 354.1446, 49.606, 0, 0, 0
L 157.3488, 354.1446, 49.606, 157.3557, 352.6465, 49.606, 0, 0, 0
L 156.3557, 352.6426, 49.606, 156.3446, 344.6437, 49.606, 0, 0, 0
L 156.3446, 344.6437, 49.606, 76.1443, 344.6721, 49.606, 0, 0, 0
L 76.1443, 344.6721, 49.606, 76.1479, 376.1474, 49.606, 0, 0, 0
L 76.1479, 376.1474, 49.606, 46.1555, 376.1433, 49.606, 0, 0, 0
L 46.1555, 376.1433, 49.606, 46.148, 384.1449, 49.606, 0, 0, 0
L 191.3525, 398.8731, 41.106, 191.356, 430.355, 41.106, 0, 0, 0
L 191.356, 430.355, 41.106, 156.3496, 430.355, 49.606, 0, 0, 0
L 162.1442, 430.355, 49.606, 162.1491, 428.8546, 49.606, 0, 0, 0
L 162.1491, 428.8546, 49.606, 157.3557, 428.8539, 49.606, 0, 0, 0
L 157.3557, 428.8539, 49.606, 157.3557, 430.3543, 49.606, 0, 0, 0
L 157.3548, 415.6442, 49.606, 157.3514, 417.1447, 49.606, 0, 0, 0
L 157.3514, 417.1447, 49.606, 162.1468, 417.1444, 49.6062, 0, 0, 0
L 162.1468, 417.1444, 49.606, 162.1442, 415.6843, 49.606, 0, 0, 0
L 156.3498, 415.6988, 49.606, 179.1459, 415.6417, 41.6062, 0, 0, 0
L 179.1459, 415.6417, 41.106, 179.1483, 367.3541, 41.106, 0, 0, 0
L -238.642, 481.8543, 33.106, -238.6654, 494.1462, 33.106, 0, 0, 0
L -238.6654, 494.1462, 33.106, -222.6441, 494.1594, 33.1062, 0, 0, 0
L -222.6441, 494.1594, 33.1062, -222.644, 588.8369, 49.606, 0, 0, 0
L -222.644, 588.8369, 49.606, -230.6471, 588.8591, 49.606, 0, 0, 0
L -245.3592, 588.8514, 49.606, -253.3546, 588.8556, 49.606, 0, 0, 0
L -253.3546, 588.8556, 49.606, -253.35, 540.8495, 34.106, 0, 0, 0
L -269.3374, 540.8558, 33.106, -269.3571, 524.3495, 33.106, 0, 0, 0
L -291.646, 524.3533, 33.106, -269.3571, 524.3495, 33.106, 0, 0, 0
L -291.646, 524.3533, 33.106, -291.6428, 540.8528, 33.6071, 0, 0, 0
L -253.35, 540.8495, 33.6071, -339.3568, 540.8568, 33.6071, 0, 0, 0
L -339.3568, 540.8568, 33.606, -339.3532, 524.3582, 33.1062, 0, 0, 0
L -339.3532, 524.3582, 33.106, -361.6465, 524.3397, 33.106, 0, 0, 0
L -361.6428, 510.6444, 33.106, -339.3408, 510.6471, 33.3742, 0, 0, 0
L -339.3408, 510.6471, 33.106, -339.3602, 494.1302, 33.6071, 0, 0, 0
L -291.6483, 510.6514, 33.106, -291.6424, 494.1397, 33.6071, 0, 0, 0
L -291.6483, 510.6514, 33.106, -269.3602, 510.6386, 33.106, 0, 0, 0
L -269.3602, 510.6386, 33.106, -269.3364, 494.1442, 33.106, 0, 0, 0
L -339.3602, 494.1302, 33.106, -253.3549, 494.1474, 33.106, 0, 0, 0
L -253.3549, 494.1474, 33.106, -253.3541, 481.8654, 33.106, 0, 0, 0
L -361.6465, 524.3397, 33.106, -361.6446, 541.1645, 33.106, 0, 0, 0
L -361.6446, 541.1645, 33.106, -377.4015, 556.8549, 33.106, 0, 0, 0
L -377.4015, 556.8549, 33.106, -472.6793, 556.8555, 33.106, 0, 0, 0
L -472.6793, 556.8555, 33.106, -488.31, 541.28, 33.106, 0, 0, 0
L -488.31, 541.28, 33.106, -488.355, 524.4154, 33.106, 0, 0, 0
L -500.6464, 510.6442, 33.106, -488.3523, 510.6469, 33.1062, 0, 0, 0
L -500.6492, 524.3416, 33.106, -488.355, 524.4154, 33.1062, 0, 0, 0
L -488.3523, 510.6469, 33.106, -488.3566, 461.8158, 33.106, 0, 0, 0
L -488.3566, 461.8158, 33.106, -472.6472, 446.3672, 33.1062, 0, 0, 0
L -472.6472, 446.3672, 33.1062, -393.338, 446.1435, 33.106, 0, 0, 0
L -393.338, 446.1435, 33.106, -377.6449, 461.8818, 33.106, 0, 0, 0
L -377.6449, 461.8818, 33.106, -377.6446, 477.7613, 33.106, 0, 0, 0
L -377.6446, 477.7613, 33.106, -361.6444, 493.8247, 33.106, 0, 0, 0
L -361.6444, 493.8247, 33.106, -361.6428, 510.6444, 33.106, 0, 0, 0
L -230.6471, 588.8591, 49.606, -230.6467, 647.8556, 49.606, 0, 0, 0
L -230.6467, 647.8556, 49.606, -247.1509, 647.8484, 49.606, 0, 0, 0
L -260.8627, 647.8573, 49.6007, -277.351, 647.8488, 54.8935, 0, 0, 0
L -277.351, 647.8488, 54.8935, -277.3383, 605.3234, 49.606, 0, 0, 0
L -277.3383, 605.3234, 49.606, -262.6442, 605.3256, 49.606, 0, 0, 0
L -262.6442, 605.3256, 49.606, -262.6462, 617.1458, 49.606, 0, 0, 0
L -245.3514, 617.1485, 53.3006, -262.6462, 617.1458, 53.2989, 0, 0, 0
L -245.3514, 617.1485, 49.606, -245.3592, 588.8514, 49.606, 0, 0, 0
L -245.3562, 600.1471, 49.606, -243.8539, 600.1417, 49.606, 0, 0, 0
L -243.8539, 600.1417, 49.606, -243.8536, 595.3535, 49.606, 0, 0, 0
L -243.8536, 595.3535, 49.606, -245.3557, 595.3535, 49.606, 0, 0, 0
L -245.3557, 595.3535, 49.606, -245.3349, 594.6439, 49.606, 0, 0, 0
L -245.3349, 594.6439, 49.606, -243.8439, 594.647, 49.606, 0, 0, 0
L -243.8439, 594.647, 49.606, -243.8571, 589.8528, 49.606, 0, 0, 0
L -245.354, 589.8556, 49.606, -243.8571, 589.8528, 49.606, 0, 0, 0
L -230.6442, 589.8528, 49.606, -232.1457, 589.8613, 49.606, 0, 0, 0
L -232.1457, 589.8613, 49.606, -232.1452, 594.6445, 49.606, 0, 0, 0
L -232.1452, 594.6445, 49.606, -230.6442, 594.6464, 49.606, 0, 0, 0
L -230.6442, 595.3535, 49.606, -232.1436, 595.3546, 49.606, 0, 0, 0
L -232.1436, 595.3546, 49.606, -232.1473, 600.1171, 49.606, 0, 0, 0
L -230.6442, 600.1734, 49.606, -232.1473, 600.1171, 49.606, 0, 0, 0
L -247.1435, 660.144, 49.606, -247.1509, 647.8484, 49.606, 0, 0, 0
L -260.8627, 647.8573, 49.606, -260.8507, 660.1513, 49.606, 0, 0, 0
L -247.1435, 660.144, 49.606, -214.6442, 660.1544, 49.606, 0, 0, 0
L -214.6442, 660.1544, 49.606, -214.6433, 754.857, 50.1052, 0, 0, 0
L -214.6433, 754.857, 50.1071, -246.6493, 754.8517, 49.606, 0, 0, 0
L -261.3557, 754.8517, 49.606, -293.3559, 754.857, 50.1071, 0, 0, 0
L -293.3559, 754.857, 50.1066, -293.3557, 660.145, 49.606, 0, 0, 0
L -293.3557, 660.145, 49.606, -260.8507, 660.1513, 49.606, 0, 0, 0
L -261.3557, 754.8517, 49.606, -261.353, 763.1457, 49.606, 0, 0, 0
L -261.353, 763.1457, 49.606, -262.3557, 763.1441, 49.606, 0, 0, 0
L -262.3557, 763.1441, 49.606, -262.419, 833.3538, 49.606, 0, 0, 0
L -262.419, 833.3538, 49.606, -220.524, 833.3196, 49.606, 0, 0, 0
L -220.5358, 818.6477, 48.106, -245.6494, 818.6449, 49.106, 0, 0, 0
L -245.6494, 818.6449, 49.606, -245.6548, 763.1434, 49.606, 0, 0, 0
L -245.6548, 763.1434, 49.606, -246.6474, 763.1507, 49.606, 0, 0, 0
L -246.6474, 763.1507, 49.606, -246.6493, 754.8517, 49.606, 0, 0, 0
L -220.524, 833.3196, 42.106, -213.437, 857.6308, 45.5902, 0, 0, 0
L -213.437, 857.6308, 45.5902, -190.6938, 880.3952, 47.247, 0, 0, 0
L -190.6938, 880.3952, 47.247, -159.765, 889.3087, 47.739, 0, 0, 0
L -159.765, 889.3087, 47.739, -127.3315, 880.4211, 47.739, 0, 0, 0
L -127.3315, 880.4211, 47.739, -104.5734, 857.6616, 45.691, 0, 0, 0
L -104.5734, 857.6616, 45.691, -95.6787, 825.966, 45.5707, 0, 0, 0
L -95.6787, 825.966, 45.5707, -104.6047, 794.3061, 45.3346, 0, 0, 0
L -104.6047, 794.3061, 45.3346, -127.3092, 771.6014, 45.3626, 0, 0, 0
L -127.3092, 771.6014, 45.3626, -159.391, 762.6802, 45.1824, 0, 0, 0
L -159.391, 762.6802, 45.1824, -190.6641, 771.5741, 42.2023, 0, 0, 0
L -190.6641, 771.5741, 42.2023, -213.4438, 794.3944, 45.756, 0, 0, 0
L -213.4438, 794.3944, 45.756, -220.5358, 818.6477, 42.106, 0, 0, 0
L -188.518, 809.6292, 42.1062, -192.6702, 825.9991, 42.1062, 0, 0, 0
L -192.6702, 825.9991, 42.1062, -188.764, 842.3382, 42.1062, 0, 0, 0
L -188.764, 842.3382, 42.1062, -175.3437, 855.706, 42.1062, 0, 0, 0
L -175.3437, 855.706, 42.1062, -159.98, 859.6724, 42.1062, 0, 0, 0
L -159.98, 859.6724, 42.1062, -142.6548, 855.778, 42.1062, 0, 0, 0
L -142.6548, 855.778, 42.1062, -129.9267, 842.3398, 42.1062, 0, 0, 0
L -129.9267, 842.3398, 42.1054, -125.3215, 825.9666, 42.1062, 0, 0, 0
L -125.3215, 825.9666, 42.1062, -129.9356, 809.6503, 42.1062, 0, 0, 0
L -129.9356, 809.6503, 42.1062, -142.6574, 796.9285, 42.1062, 0, 0, 0
L -158.999, 792.3275, 42.1062, -175.3312, 796.9202, 42.1062, 0, 0, 0
L -175.3312, 796.9202, 42.1062, -188.518, 809.6292, 42.1062, 0, 0, 0
L -159.6559, 827.5752, 42.3723, -145.9821, 827.5825, 42.3723, 0, 0, 0
L -145.9821, 827.5825, 42.3723, -145.9825, 824.8962, 42.3723, 0, 0, 0
L -145.9825, 824.8962, 42.3723, -159.6219, 824.8958, 42.3723, 0, 0, 0
L -159.6559, 827.5752, 42.3723, -159.6219, 824.8958, 42.3723, 0, 0, 0
L -142.6574, 796.9285, 42.1062, -158.999, 792.3275, 42.1062, 0, 0, 0
L -159.525, 794.6832, 42.1062, -174.6221, 799.62, 42.1062, 0, 0, 0
L -174.6221, 799.62, 42.1062, -185.9309, 810.3531, 42.1062, 0, 0, 0
L -185.9309, 810.3531, 42.1062, -190.3305, 825.9965, 42.1062, 0, 0, 0
L -190.3305, 825.9965, 42.1062, -185.9107, 841.6784, 42.1062, 0, 0, 0
L -185.9107, 841.6784, 42.1062, -174.5032, 852.9704, 42.1062, 0, 0, 0
L -174.5032, 852.9704, 42.1062, -159.4, 857.3305, 42.1062, 0, 0, 0
L -159.4, 857.3305, 42.1062, -143.3315, 852.9202, 42.1062, 0, 0, 0
L -143.3315, 852.9202, 42.1062, -132.811, 841.6698, 42.1062, 0, 0, 0
L -132.811, 841.6698, 42.1062, -127.6734, 825.9858, 42.1062, 0, 0, 0
L -127.6734, 825.9858, 42.1062, -132.73, 810.3405, 42.1062, 0, 0, 0
L -132.73, 810.3405, 42.1062, -143.3402, 799.73, 42.1062, 0, 0, 0
L -143.3402, 799.73, 42.1062, -159.332, 794.6783, 42.1062, 0, 0, 0
L -634.3563, 478.1383, 33.6071, -634.3565, 556.8619, 33.6071, 0, 0, 0
L -634.3565, 556.8619, 33.6071, -626.8707, 556.8501, 33.106, 0, 0, 0
L -626.8707, 556.8501, 33.606, -626.7998, 572.8551, 33.606, 0, 0, 0
L -626.7998, 572.8551, 33.606, -614.144, 572.8304, 33.6062, 0, 0, 0
L -614.144, 572.8304, 33.6062, -614.1471, 556.8576, 33.606, 0, 0, 0
L -614.1471, 556.8576, 33.106, -610.8524, 556.8523, 33.106, 0, 0, 0
L -610.8524, 556.8523, 33.606, -610.855, 572.7967, 33.606, 0, 0, 0
L -610.855, 572.7967, 33.606, -598.1439, 572.8546, 33.606, 0, 0, 0
L -598.1439, 572.8546, 33.606, -598.1468, 556.8511, 33.606, 0, 0, 0
L -584.8664, 556.8582, 33.106, -598.1468, 556.8511, 33.106, 0, 0, 0
L -584.8664, 556.8582, 33.606, -584.8271, 572.8556, 33.606, 0, 0, 0
L -584.8271, 572.8556, 33.606, -572.144, 572.8553, 33.606, 0, 0, 0
L -572.144, 572.8553, 33.606, -572.1462, 556.8574, 33.606, 0, 0, 0
L -572.1462, 556.8574, 33.106, -568.8483, 556.8505, 33.106, 0, 0, 0
L -568.8483, 556.8505, 33.606, -568.8556, 572.8554, 33.606, 0, 0, 0
L -568.8556, 572.8554, 33.606, -556.1441, 572.855, 33.606, 0, 0, 0
L -556.1441, 572.855, 33.606, -556.1468, 556.8549, 33.6062, 0, 0, 0
L -556.1468, 556.8549, 33.106, -535.8514, 556.8546, 33.106, 0, 0, 0
L -535.8514, 556.8546, 33.606, -535.8556, 572.8553, 33.606, 0, 0, 0
L -535.8556, 572.8553, 33.606, -523.1448, 572.8556, 33.606, 0, 0, 0
L -523.1448, 572.8556, 33.606, -523.1476, 556.8573, 33.606, 0, 0, 0
L -523.1476, 556.8573, 33.106, -519.8514, 556.8523, 33.106, 0, 0, 0
L -519.8514, 556.8523, 33.606, -519.8553, 572.8556, 33.606, 0, 0, 0
L -519.8553, 572.8556, 33.606, -507.1818, 572.8556, 33.6062, 0, 0, 0
L -507.1818, 572.8556, 33.6062, -507.1413, 556.8481, 33.606, 0, 0, 0
L -500.6426, 556.8745, 33.6071, -500.6492, 524.3416, 32.606, 0, 0, 0
L -500.6426, 556.8745, 33.6, -507.1413, 556.8481, 33.606, 0, 0, 0
L -500.6464, 510.6442, 32.606, -500.6428, 478.1899, 33.6071, 0, 0, 0
L -500.6428, 478.1899, 33.6066, -507.1496, 478.1333, 33.1062, 0, 0, 0
L -507.1496, 478.1333, 33.606, -507.1442, 462.1447, 33.606, 0, 0, 0
L -507.1442, 462.1447, 33.606, -519.8559, 462.1444, 33.606, 0, 0, 0
L -519.8559, 462.1444, 33.606, -519.8546, 478.1415, 33.606, 0, 0, 0
L -519.8546, 478.1415, 33.106, -523.1444, 478.1487, 33.106, 0, 0, 0
L -523.1444, 478.1487, 33.606, -523.1444, 462.144, 33.606, 0, 0, 0
L -523.1444, 462.144, 33.606, -535.8559, 462.1464, 33.606, 0, 0, 0
L -535.8559, 462.1464, 33.606, -535.8541, 478.146, 33.606, 0, 0, 0
L -535.8541, 478.146, 33.106, -556.1488, 478.151, 33.106, 0, 0, 0
L -556.1488, 478.151, 33.606, -556.1441, 462.1444, 33.606, 0, 0, 0
L -556.1441, 462.1444, 33.606, -568.8556, 462.1447, 33.606, 0, 0, 0
L -568.8556, 462.1447, 33.606, -568.8515, 478.1435, 33.606, 0, 0, 0
L -568.8515, 478.1435, 33.106, -572.1467, 478.1464, 33.106, 0, 0, 0
L -572.1467, 478.1464, 33.606, -572.144, 462.1449, 33.606, 0, 0, 0
L -572.144, 462.1449, 33.606, -584.8558, 462.1523, 33.606, 0, 0, 0
L -584.8558, 462.1523, 33.606, -584.8531, 478.1451, 33.606, 0, 0, 0
L -584.8531, 478.1451, 33.106, -598.1461, 478.1456, 33.106, 0, 0, 0
L -598.1461, 478.1456, 33.606, -598.1439, 462.1449, 33.606, 0, 0, 0
L -598.1439, 462.1449, 33.606, -610.8551, 462.1442, 33.606, 0, 0, 0
L -610.8551, 462.1442, 33.606, -610.8532, 478.1426, 33.606, 0, 0, 0
L -610.8532, 478.1426, 33.106, -614.1588, 478.1472, 33.106, 0, 0, 0
L -614.1588, 478.1472, 33.606, -614.1446, 462.144, 33.606, 0, 0, 0
L -614.1446, 462.144, 33.606, -626.8551, 462.1442, 33.606, 0, 0, 0
L -626.8551, 462.1442, 33.606, -626.8506, 478.1467, 33.606, 0, 0, 0
L -626.8506, 478.1467, 33.106, -634.3563, 478.1383, 33.6071, 0, 0, 0
L 191.3461, 384.1469, 41.106, 198.1462, 384.1261, 41.106, 0, 0, 0
L 192.3209, 384.144, 41.106, 192.4723, 385.6435, 41.106, 0, 0, 0
L 192.4723, 385.6435, 41.106, 197.1462, 385.6465, 41.106, 0, 0, 0
L 197.1462, 385.6465, 41.106, 197.1439, 384.1541, 41.106, 0, 0, 0
L 198.1462, 384.1261, 41.106, 198.1452, 346.644, 41.106, 0, 0, 0
L 198.1452, 346.644, 41.106, 282.8559, 346.6585, 41.106, 0, 0, 0
L 282.8559, 346.6585, 41.106, 282.8548, 431.3561, 41.106, 0, 0, 0
L 282.8548, 431.3561, 41.106, 198.1448, 431.3557, 41.106, 0, 0, 0
L 198.1448, 431.3557, 41.106, 198.1494, 398.8521, 41.106, 0, 0, 0
L 198.1494, 398.8521, 41.106, 191.3525, 398.8731, 41.106, 0, 0, 0
L 197.144, 398.8552, 41.106, 197.1484, 397.3595, 41.106, 0, 0, 0
L 197.1484, 397.3595, 41.106, 192.3488, 397.3509, 41.106, 0, 0, 0
L 192.3488, 397.3509, 41.106, 192.3557, 398.855, 41.106, 0, 0, 0
L 237.8434, 387.7769, 42.5521, 236.4499, 391.1302, 42.5521, 0, 0, 0
L 236.4499, 391.1302, 42.5521, 237.835, 394.4802, 42.5521, 0, 0, 0
L 237.835, 394.4802, 42.5521, 241.187, 395.8804, 42.5521, 0, 0, 0
L 241.187, 395.8804, 42.5521, 244.5416, 394.4875, 42.5521, 0, 0, 0
L 244.5416, 394.4875, 42.5521, 245.9347, 391.1422, 42.5521, 0, 0, 0
L 245.9347, 391.1422, 42.5521, 244.55, 387.7823, 42.5521, 0, 0, 0
L 244.55, 387.7823, 42.5521, 241.1964, 386.3904, 42.5521, 0, 0, 0
L 241.1964, 386.3904, 42.5521, 237.8434, 387.7769, 42.5521, 0, 0, 0
L -231.2789, 302.5749, 20.6312, -230.1264, 298.9356, 20.6022, 65, 65, 65
L -230.1264, 298.9356, 18.6062, -226.8867, 296.5808, 18.1037, 65, 65, 65
L -222.7538, 296.5756, 17.6062, -226.8867, 296.5808, 17.6062, 65, 65, 65
L -222.7538, 296.5756, 18.1062, -219.4148, 299.52, 18.6062, 65, 65, 65
L -219.4148, 299.52, 19.1062, -218.3723, 302.2121, 20.6062, 65, 65, 65
L -218.3723, 302.2121, 20.6062, -219.1751, 305.5742, 22.1062, 65, 65, 65
L -219.1751, 305.5742, 22.1062, -219.1756, 300.1723, 21.657, 65, 65, 65
L -219.1756, 300.1723, 21.6571, -230.4663, 300.1716, 21.6571, 65, 65, 65
L -230.4663, 300.1716, 21.657, -230.4638, 306.4171, 22.6062, 65, 65, 65
L -231.2789, 302.5749, 21.1062, -230.4678, 305.966, 22.1062, 65, 65, 65
P 197, -391, 0, 0, 127, 0, 3, to_Lesser_Faydark
P 150, -600, 0, 0, 0, 0, 1, Map_by_Goodurden
