P 3326.5583, 4750.6566, 536.8084, 0, 0, 0, 1, Undeads
P 3792.3922, 4750.4624, 305.7594, 0, 0, 0, 1, Pythons
P 2756.1277, 3912.2462, 375.2615, 0, 0, 0, 1, Pythons
P 3401.994, 3345.5032, 401.634, 0, 0, 0, 1, Gorillas
P 4166.541, 4105.1885, 398.8127, 0, 0, 0, 1, Jaguars
P 3372.3186, 3930.8789, 328.1358, 0, 0, 0, 1, Gorillas
P 4137.9296, 3264.7728, 338.5378, 0, 0, 0, 1, Raptors
P 3909.7328, 3621.9418, 401.711, 0, 0, 0, 1, Raptors
P 3036.4382, 5054.5356, 403.74, 0, 0, 0, 1, Undeads
P 4014.1552, 4304.2157, 373.9393, 0, 0, 0, 1, Jaguars
