L 5355.5195, 2299.1523, 302.5683, 1959.4882, 2294.458, 301.8546, 0, 0, 240
L 1959.4882, 2294.458, 300.6773, 1962.5668, 5736.7201, 300.6492, 0, 0, 240
L 5352.8852, 5736.2611, 300.6569, 1962.5668, 5736.7201, 300.6673, 0, 0, 240
L 5355.5195, 2299.1523, 300.6476, 5352.8852, 5736.2611, 300.6458, 0, 0, 240
L 2909.4953, 3896.3604, 382.3299, 2908.1491, 3898.21, 382.3299, 255, 0, 255
L 2908.1491, 3898.21, 382.3299, 2909.853, 3901.902, 382.3301, 255, 0, 255
L 2909.853, 3901.902, 382.3301, 2911.864, 3901.8375, 382.3301, 255, 0, 255
L 2911.864, 3901.8375, 382.3301, 2914.1003, 3898.3989, 382.3301, 255, 0, 255
L 2914.1003, 3898.3989, 382.3301, 2913.751, 3897.2222, 382.3301, 255, 0, 255
L 2913.751, 3897.2222, 382.3301, 2909.4868, 3896.3488, 382.3299, 255, 0, 255
L 3337.4872, 3424.809, 402.5745, 3345.3461, 3423.4229, 402.499, 64, 64, 64
L 3345.3461, 3423.4229, 402.3933, 3343.9558, 3415.581, 402.2608, 64, 64, 64
L 3343.9558, 3415.581, 402.2196, 3336.1082, 3416.9535, 402.2803, 64, 64, 64
L 3336.1082, 3416.9535, 402.3965, 3337.4872, 3424.809, 402.5024, 64, 64, 64
L 3339.2224, 3392.6511, 400.9909, 3347.215, 3392.6543, 400.1417, 64, 64, 64
L 3347.215, 3392.6543, 400.4707, 3347.215, 3384.7058, 400.6739, 64, 64, 64
L 3345.1487, 3384.6979, 400.4775, 3345.1406, 3368.5192, 400.4066, 64, 64, 64
L 3347.2395, 3368.516, 400.9266, 3347.2438, 3361.5691, 402.9979, 64, 64, 64
L 3344.7914, 3361.4531, 403.9495, 3344.7089, 3339.5668, 404.3464, 64, 64, 64
L 3339.7188, 3339.568, 404.5711, 3346.7644, 3339.5666, 403.9239, 64, 64, 64
L 3346.7644, 3339.5666, 403.637, 3346.7609, 3332.5331, 403.6374, 64, 64, 64
L 3346.7609, 3332.5331, 403.637, 3339.7253, 3332.4992, 403.8618, 64, 64, 64
L 3339.7253, 3332.4992, 405.3414, 3339.7188, 3339.568, 406.3442, 64, 64, 64
L 3341.46, 3361.4877, 404.4467, 3340.8137, 3339.5679, 405.1308, 64, 64, 64
L 3339.7321, 3361.4711, 403.9653, 3339.7363, 3368.5275, 403.9657, 64, 64, 64
L 3347.2395, 3368.516, 403.9676, 3339.7363, 3368.5275, 403.9662, 64, 64, 64
L 3341.3434, 3368.5248, 403.9667, 3341.3422, 3384.6831, 401.177, 64, 64, 64
L 3347.215, 3384.7058, 399.9465, 3339.2627, 3384.675, 399.8099, 64, 64, 64
L 3339.2627, 3384.675, 399.5416, 3339.2224, 3392.6511, 399.8967, 64, 64, 64
L 3347.2438, 3361.5691, 404.4463, 3339.7321, 3361.4711, 404.5686, 64, 64, 64
L 3418.8784, 3308.1914, 400.7794, 3418.8771, 3318.7721, 400.7701, 64, 64, 64
L 3418.8771, 3318.7721, 399.8217, 3429.4585, 3318.7703, 399.7934, 64, 64, 64
L 3429.4585, 3318.7703, 401.3799, 3429.4517, 3308.193, 401.439, 64, 64, 64
L 3429.4517, 3308.193, 399.7934, 3418.8784, 3308.1914, 399.7934, 64, 64, 64
L 3447.5812, 3318.5569, 404.4098, 3440.5383, 3318.5542, 403.158, 64, 64, 64
L 3440.5383, 3318.5542, 402.7126, 3440.5259, 3325.5934, 402.7096, 64, 64, 64
L 3440.5259, 3325.5934, 402.9454, 3447.5769, 3325.5947, 403.8038, 64, 64, 64
L 3447.5769, 3325.5947, 404.2432, 3447.5812, 3318.5569, 404.8996, 64, 64, 64
L 3445.6406, 3325.5945, 403.8041, 3445.6408, 3343.666, 402.7137, 64, 64, 64
L 3440.5336, 3343.7251, 402.7137, 3447.5745, 3343.641, 402.7135, 64, 64, 64
L 3447.5745, 3343.641, 402.7139, 3447.5779, 3350.1023, 402.7133, 64, 64, 64
L 3440.5417, 3350.1057, 402.7137, 3447.5779, 3350.1023, 402.7139, 64, 64, 64
L 3440.5417, 3350.1057, 402.7139, 3440.5336, 3343.7251, 402.7135, 64, 64, 64
L 3441.8366, 3343.666, 402.7137, 3441.8245, 3325.5934, 400.7914, 64, 64, 64
L 3440.4414, 3403.1945, 401.4094, 3433.3996, 3403.2026, 401.5799, 64, 64, 64
L 3433.3996, 3403.2026, 401.5572, 3433.4036, 3410.601, 401.4574, 64, 64, 64
L 3433.4036, 3410.601, 399.7936, 3440.4429, 3410.5927, 399.7936, 64, 64, 64
L 3440.4429, 3410.5927, 399.7945, 3440.4414, 3403.1945, 399.7945, 64, 64, 64
L 3412.7453, 3374.3798, 400.5846, 3407.5205, 3374.3683, 400.5846, 64, 64, 64
L 3407.5205, 3374.3683, 400.5846, 3407.5295, 3377.5907, 400.5846, 64, 64, 64
L 3407.5295, 3377.5907, 400.5846, 3404.9578, 3377.5742, 400.5846, 64, 64, 64
L 3404.9578, 3377.5742, 400.5846, 3404.9358, 3382.1691, 400.5846, 64, 64, 64
L 3404.9358, 3382.1691, 400.5846, 3412.7411, 3382.1779, 400.5846, 64, 64, 64
L 3412.7411, 3382.1779, 400.5846, 3412.7453, 3374.3798, 400.5846, 64, 64, 64
L 3412.7424, 3361.7721, 400.5846, 3412.7417, 3353.9794, 400.5846, 64, 64, 64
L 3412.7417, 3353.9794, 400.5846, 3404.9479, 3353.9726, 400.5846, 64, 64, 64
L 3404.9479, 3353.9726, 400.5846, 3404.9434, 3358.5601, 400.5846, 64, 64, 64
L 3407.532, 3358.5576, 400.5846, 3407.5207, 3361.7687, 400.5846, 64, 64, 64
L 3407.5207, 3361.7687, 400.5846, 3412.7424, 3361.7721, 400.5846, 64, 64, 64
L 3392.3429, 3377.5812, 400.5846, 3389.9319, 3377.5871, 400.5846, 64, 64, 64
L 3389.9319, 3377.5871, 400.5846, 3389.9353, 3374.3787, 400.5846, 64, 64, 64
L 3389.9353, 3374.3787, 400.5846, 3384.5527, 3374.3771, 400.5846, 64, 64, 64
L 3384.5527, 3374.3771, 400.5846, 3384.5369, 3382.1685, 400.5846, 64, 64, 64
L 3384.5369, 3382.1685, 400.5846, 3392.3402, 3382.1729, 400.5849, 64, 64, 64
L 3392.3402, 3382.1729, 400.5846, 3392.3429, 3377.5812, 400.5846, 64, 64, 64
L 3389.9346, 3361.7354, 400.5846, 3389.9319, 3358.6331, 400.5846, 64, 64, 64
L 3392.3389, 3353.9726, 400.5846, 3392.3445, 3358.5612, 400.5846, 64, 64, 64
L 3392.3389, 3353.9726, 400.5846, 3384.5529, 3353.9794, 400.5849, 64, 64, 64
L 3384.5529, 3353.9794, 400.5855, 3384.5453, 3361.8024, 400.5846, 64, 64, 64
L 3384.5453, 3361.8024, 400.5846, 3389.9346, 3361.7354, 400.5846, 64, 64, 64
L 3389.9328, 3358.5578, 400.5846, 3392.3445, 3358.5612, 400.5846, 64, 64, 64
L 3407.532, 3358.5576, 400.5846, 3404.9434, 3358.5601, 400.5846, 64, 64, 64
L 3526.1875, 3344.3076, 408.461, 3526.3256, 3260.4099, 419.7934, 64, 64, 64
L 3534.5581, 3260.141, 419.7934, 3524.6875, 3260.4668, 419.7934, 64, 64, 64
L 3524.6875, 3260.4668, 419.7934, 3524.3643, 3251.9987, 419.7934, 64, 64, 64
L 3524.3643, 3251.9987, 419.7934, 3533.73, 3250.775, 419.7934, 64, 64, 64
L 3533.73, 3250.775, 419.7934, 3534.5581, 3260.141, 419.7934, 64, 64, 64
L 3531.7881, 3260.2287, 419.7934, 3531.6709, 3344.3074, 408.461, 64, 64, 64
L 3523.6269, 3344.3332, 408.461, 3533.7024, 3344.3004, 408.461, 64, 64, 64
L 3533.7024, 3344.3004, 408.461, 3533.7004, 3354.3791, 408.461, 64, 64, 64
L 3523.6309, 3354.3703, 408.461, 3533.7004, 3354.3791, 408.461, 64, 64, 64
L 3523.6309, 3354.3703, 408.461, 3523.6269, 3344.3332, 408.461, 64, 64, 64
L 3360.1167, 3418.7471, 402.6702, 3359.7417, 3411.8611, 402.9864, 64, 64, 64
L 3360.1167, 3418.7471, 400.8088, 3367.1399, 3418.3002, 400.446, 64, 64, 64
L 3367.1399, 3418.3002, 402.7203, 3366.7871, 3411.4917, 403.3229, 64, 64, 64
L 3366.7871, 3411.4917, 403.1881, 3359.7417, 3411.8611, 403.1883, 64, 64, 64
L 3376.945, 3403.9987, 400.67, 3377.6669, 3411.6298, 400.42, 64, 64, 64
L 3383.9436, 3403.2734, 400.79, 3384.686, 3410.2809, 400.74, 64, 64, 64
L 3377.6669, 3411.6298, 400.79, 3384.686, 3410.2809, 400.81, 64, 64, 64
L 3383.9436, 3403.2734, 400.72, 3376.945, 3403.9987, 400.5799, 64, 64, 64
L 3980.6069, 3389.2123, 326.4846, 3986.4738, 3395.8368, 326.244, 64, 64, 64
L 3986.4738, 3395.8368, 325.8432, 3992.1089, 3389.4443, 325.8111, 64, 64, 64
L 3992.1089, 3389.4443, 325.9141, 3986.2786, 3383.6033, 326.4746, 64, 64, 64
L 3986.2786, 3383.6033, 326.7798, 3980.6069, 3389.2123, 326.7092, 64, 64, 64
L 4005.5956, 3375.5895, 325.1956, 4005.5942, 3383.5639, 325.1958, 64, 64, 64
L 4005.5942, 3383.5639, 324.9927, 4013.5673, 3383.5702, 326.24, 64, 64, 64
L 4013.5673, 3383.5702, 326.4499, 4013.5684, 3375.6035, 324.9345, 64, 64, 64
L 4013.5684, 3375.6035, 324.7936, 4005.5956, 3375.5895, 324.7936, 64, 64, 64
L 4036.8879, 3358.4951, 324.8953, 4036.8847, 3365.5356, 326.2805, 64, 64, 64
L 4036.8847, 3365.5356, 328.7298, 4044.3915, 3365.5376, 328.7746, 64, 64, 64
L 4044.3915, 3365.5376, 328.4067, 4044.3881, 3358.501, 328.1372, 64, 64, 64
L 4073.3476, 3364.3081, 328.1372, 4089.974, 3364.2348, 330.9365, 64, 64, 64
L 4089.9794, 3358.4933, 329.8066, 4089.9729, 3365.547, 330.4769, 64, 64, 64
L 4089.9729, 3365.547, 330.1729, 4097.141, 3365.5504, 330.1723, 64, 64, 64
L 4097.141, 3365.5504, 329.9026, 4097.1372, 3358.5144, 329.2237, 64, 64, 64
L 4097.1372, 3358.5144, 328.8426, 4089.9794, 3358.4933, 328.8426, 64, 64, 64
L 4089.9704, 3360.1129, 329.6089, 4073.3503, 3360.1129, 329.6179, 64, 64, 64
L 4073.3467, 3365.4794, 328.468, 4073.3512, 3358.4868, 328.4669, 64, 64, 64
L 4073.3512, 3358.4868, 328.4667, 4066.3047, 3358.4821, 328.4657, 64, 64, 64
L 4066.3047, 3358.4821, 328.4649, 4066.3339, 3365.3823, 328.4667, 64, 64, 64
L 4066.3132, 3360.4389, 328.4667, 4044.3892, 3360.6181, 326.3552, 64, 64, 64
L 4044.3881, 3358.501, 328.1372, 4036.8879, 3358.4951, 328.1365, 64, 64, 64
L 4066.3132, 3364.257, 329.8371, 4044.3908, 3364.4412, 329.3299, 64, 64, 64
L 4066.3339, 3365.3823, 331.2373, 4073.3467, 3365.4794, 331.7714, 64, 64, 64
L 4118.1337, 3356.5027, 328.9026, 4118.1948, 3364.73, 329.5706, 64, 64, 64
L 4118.1948, 3364.73, 332.8639, 4126.1328, 3364.268, 332.821, 64, 64, 64
L 4118.1337, 3356.5027, 328.5742, 4126.127, 3356.5039, 328.5735, 64, 64, 64
L 4126.127, 3356.5039, 328.8863, 4126.1328, 3364.268, 329.4331, 64, 64, 64
L 4131.354, 3386.7341, 331.2955, 4131.1108, 3379.9041, 331.1956, 64, 64, 64
L 4124.688, 3380.1305, 331.4168, 4131.1108, 3379.9041, 331.939, 64, 64, 64
L 4124.688, 3380.1305, 331.6487, 4124.5396, 3386.9306, 332.7311, 64, 64, 64
L 4124.5396, 3386.9306, 332.7642, 4131.354, 3386.7341, 332.5452, 64, 64, 64
L 4131.3145, 3385.6293, 332.1408, 4186.6361, 3385.7204, 329.4449, 64, 64, 64
L 4186.7075, 3380.3744, 329.4449, 4186.6132, 3387.4229, 329.5577, 64, 64, 64
L 4186.6132, 3387.4229, 329.5332, 4193.6763, 3387.4216, 329.4479, 64, 64, 64
L 4193.6763, 3387.4216, 329.4449, 4193.6728, 3380.3852, 329.4479, 64, 64, 64
L 4193.6728, 3380.3852, 329.4429, 4186.7075, 3380.3744, 329.427, 64, 64, 64
L 4186.6367, 3381.768, 329.446, 4131.1724, 3381.6552, 331.2959, 64, 64, 64
L 4122.4301, 3340.331, 328.2839, 4127.6298, 3335.4729, 328.2053, 64, 64, 64
L 4122.1063, 3330.1399, 327.7293, 4127.6298, 3335.4729, 327.9223, 64, 64, 64
L 4122.1063, 3330.1399, 326.5532, 4117.1655, 3335.1309, 326.3593, 64, 64, 64
L 4117.1655, 3335.1309, 327.8405, 4122.4301, 3340.331, 327.8851, 64, 64, 64
L 4088.5563, 3333.375, 327.677, 4083.4585, 3328.282, 328.1809, 64, 64, 64
L 4083.4585, 3328.282, 328.134, 4078.4767, 3333.2555, 328.1344, 64, 64, 64
L 4078.4767, 3333.2555, 327.9929, 4083.5769, 3338.349, 327.7232, 64, 64, 64
L 4083.5769, 3338.349, 325.2749, 4088.5563, 3333.375, 325.3091, 64, 64, 64
L 4089.8539, 3312.7863, 327.2178, 4089.8578, 3304.8024, 327.3401, 64, 64, 64
L 4089.8578, 3304.8024, 327.1365, 4081.8921, 3304.8173, 326.7284, 64, 64, 64
L 4081.8921, 3304.8173, 326.3969, 4081.875, 3312.7831, 326.2631, 64, 64, 64
L 4081.875, 3312.7831, 326.343, 4089.8539, 3312.7863, 326.7017, 64, 64, 64
L 4193.7367, 3411.2285, 346.2028, 4193.9765, 3418.7379, 346.9902, 64, 64, 64
L 4193.9765, 3418.7379, 348.6132, 4201.9711, 3418.4609, 348.6111, 64, 64, 64
L 4201.9711, 3418.4609, 345.1995, 4201.6875, 3410.9621, 344.3331, 64, 64, 64
L 4201.6875, 3410.9621, 344.576, 4193.7367, 3411.2285, 344.8625, 64, 64, 64
L 4199.7431, 3418.5376, 348.6114, 4199.6464, 3474.2345, 353.9904, 64, 64, 64
L 4200.7831, 3474.2262, 353.86, 4194.2079, 3474.2732, 353.9947, 64, 64, 64
L 4200.7782, 3480.8058, 353.7576, 4200.7831, 3474.2262, 353.6877, 64, 64, 64
L 4200.7782, 3480.8058, 354.5117, 4194.2056, 3480.8112, 355.2665, 64, 64, 64
L 4194.2079, 3474.2732, 355.6041, 4194.2056, 3480.8112, 355.6342, 64, 64, 64
L 4195.7178, 3418.6777, 354.5219, 4195.6152, 3474.2629, 354.6628, 64, 64, 64
L 3888.1269, 3622.496, 400.7608, 3880.974, 3622.7402, 400.7606, 64, 64, 64
L 3880.974, 3622.7402, 400.7601, 3881.2192, 3629.775, 400.7599, 64, 64, 64
L 3881.2192, 3629.775, 400.7608, 3888.2548, 3629.5309, 400.7606, 64, 64, 64
L 3888.2548, 3629.5309, 400.7615, 3888.1269, 3622.496, 400.7613, 64, 64, 64
L 3886.4987, 3629.5913, 400.761, 3886.3762, 3660.9254, 400.7087, 64, 64, 64
L 3888.603, 3661.1269, 400.7336, 3888.605, 3668.75, 400.7339, 64, 64, 64
L 3888.605, 3662.9036, 400.7339, 3905.5304, 3662.8652, 400.7332, 64, 64, 64
L 3905.5457, 3668.1021, 400.7332, 3905.5248, 3660.9697, 400.7325, 64, 64, 64
L 3905.5248, 3660.9697, 400.7336, 3912.5623, 3660.9555, 400.732, 64, 64, 64
L 3912.5623, 3660.9555, 400.7341, 3912.5846, 3668.8798, 400.732, 64, 64, 64
L 3905.5457, 3668.1021, 400.7327, 3912.5846, 3668.8798, 400.733, 64, 64, 64
L 3905.5322, 3666.7073, 400.733, 3888.605, 3666.7152, 398.975, 64, 64, 64
L 3888.605, 3668.75, 400.7298, 3881.2527, 3668.23, 400.7302, 64, 64, 64
L 3886.3937, 3685.5558, 400.761, 3886.3506, 3668.6298, 399.7805, 64, 64, 64
L 3880.7354, 3685.635, 400.761, 3887.7714, 3685.5358, 400.7608, 64, 64, 64
L 3887.7714, 3685.5358, 400.7613, 3887.7804, 3692.9938, 400.761, 64, 64, 64
L 3880.7372, 3692.9198, 400.761, 3887.7804, 3692.9938, 400.7601, 64, 64, 64
L 3880.7372, 3692.9198, 400.761, 3880.7354, 3685.635, 400.7608, 64, 64, 64
L 3882.4375, 3685.5558, 400.7608, 3882.4175, 3668.84, 400.7332, 64, 64, 64
L 3881.2527, 3668.23, 400.7336, 3881.1799, 3660.9582, 400.7332, 64, 64, 64
L 3888.603, 3661.1269, 400.7334, 3881.1799, 3660.9582, 400.7327, 64, 64, 64
L 3882.371, 3660.9692, 400.7339, 3882.5156, 3629.7305, 400.7626, 64, 64, 64
L 4029.4875, 4086.1039, 401.5683, 4111.4711, 4085.8811, 401.5686, 64, 64, 64
L 4111.4711, 4085.8811, 401.5686, 4110.1709, 4129.6728, 401.5686, 64, 64, 64
L 4093.9407, 4144.2637, 401.5686, 4031.7354, 4144.4106, 401.5683, 64, 64, 64
L 4031.7354, 4144.4106, 401.5683, 4029.4875, 4086.1039, 401.5683, 64, 64, 64
L 4088.8015, 4138.5869, 410.4802, 4088.8058, 4090.8708, 410.4802, 0, 0, 0
L 4088.8058, 4090.8708, 410.4802, 4049.1498, 4090.8681, 410.4802, 0, 0, 0
L 4049.1498, 4090.8681, 410.4802, 4049.1448, 4138.5859, 410.4802, 0, 0, 0
L 4049.1448, 4138.5859, 410.4857, 4088.8015, 4138.5869, 410.4802, 0, 0, 0
L 4114.8413, 4148.1977, 388.9784, 4118.9228, 4060.2123, 399.7936, 127, 127, 127
L 4118.9228, 4060.2123, 399.7936, 4022.6277, 4060.434, 399.7936, 127, 127, 127
L 4022.6277, 4060.434, 399.7936, 4026.2858, 4148.4038, 380.5206, 127, 127, 127
L 4026.2858, 4148.4038, 380.8163, 4114.8413, 4148.1977, 384.711, 127, 127, 127
L 4243.2065, 4137.8275, 420.4587, 4283.8027, 4138.5063, 412.8645, 0, 0, 0
L 4283.8027, 4138.5063, 410.48, 4283.8022, 4090.8975, 409.675, 0, 0, 0
L 4283.8022, 4090.8975, 411.649, 4243.2196, 4091.8303, 424.8029, 0, 0, 0
L 4243.2196, 4091.8303, 424.5919, 4243.2065, 4137.8275, 423.7936, 0, 0, 0
L 4272.6967, 4153.872, 411.1458, 4304.3594, 4154.5897, 401.5683, 64, 64, 64
L 4310.8594, 4142.8369, 401.5683, 4310.395, 4103.5024, 401.5683, 64, 64, 64
L 4244.2466, 4053.8523, 422.9793, 4257.7206, 4053.6221, 418.4816, 64, 64, 64
L 4257.7206, 4053.6221, 419.137, 4257.7974, 4040.1235, 419.5135, 64, 64, 64
L 4257.7974, 4040.1235, 429.3174, 4244.2089, 4040.1826, 429.4868, 64, 64, 64
L 4253.4458, 4040.1426, 429.4868, 4253.5, 4004.2961, 432.3987, 64, 64, 64
L 4244.1831, 4004.5225, 432.3987, 4257.31, 4004.2033, 431.5348, 64, 64, 64
L 4257.31, 4004.2033, 431.273, 4257.3114, 3989.8771, 431.7873, 64, 64, 64
L 4257.3114, 3989.8771, 425.4571, 4244.2524, 3989.9746, 427.4771, 64, 64, 64
L 4244.2524, 3989.9746, 432.4485, 4244.1831, 4004.5225, 432.3317, 64, 64, 64
L 4246.3461, 4004.4045, 434.5529, 4246.3266, 4040.3454, 433.4316, 64, 64, 64
L 4244.2089, 4040.1826, 429.6009, 4244.2466, 4053.8523, 429.3885, 64, 64, 64
L 3702.929, 4619.9984, 307.6585, 3689.8373, 4619.9936, 307.6585, 64, 64, 64
L 3689.8373, 4619.9936, 308.834, 3689.8317, 4633.8828, 308.4886, 64, 64, 64
L 3689.8317, 4633.8828, 307.7395, 3702.9299, 4633.8828, 307.6576, 64, 64, 64
L 3692.3957, 4677.1548, 304.7934, 3691.9911, 4633.8828, 304.7934, 64, 64, 64
L 3703.8877, 4677.2681, 304.793, 3688.9286, 4677.122, 304.7934, 64, 64, 64
L 3688.9286, 4677.122, 304.7934, 3688.9229, 4691.9633, 304.7934, 64, 64, 64
L 3688.9229, 4691.9633, 304.7934, 3703.8845, 4691.9818, 304.7934, 64, 64, 64
L 3693.7898, 4691.9687, 304.7934, 3693.5558, 4724.3612, 304.7934, 64, 64, 64
L 3703.8373, 4724.3681, 304.7934, 3688.891, 4724.3589, 304.7934, 64, 64, 64
L 3688.891, 4724.3589, 304.7934, 3688.8679, 4739.314, 304.7934, 64, 64, 64
L 3688.8679, 4739.314, 304.7934, 3703.8364, 4739.313, 304.7934, 64, 64, 64
L 3703.8364, 4739.313, 304.7934, 3703.8373, 4724.3681, 304.7934, 64, 64, 64
L 3699.6984, 4724.3622, 304.7934, 3699.7067, 4691.9771, 304.7934, 64, 64, 64
L 3703.8845, 4691.9818, 304.7934, 3703.8877, 4677.2681, 304.7934, 64, 64, 64
L 3698.9971, 4677.1499, 304.7934, 3698.7802, 4633.8828, 304.7934, 64, 64, 64
L 3702.9299, 4633.8828, 307.6582, 3702.929, 4619.9984, 307.6585, 64, 64, 64
L 3380.2804, 4651.3521, 519.3192, 3368.1599, 4663.1864, 519.5683, 0, 0, 0
L 3368.1599, 4663.1864, 519.5683, 3343.436, 4650.6586, 519.793, 0, 0, 0
L 3343.436, 4650.6586, 519.793, 3323.914, 4647.585, 519.7933, 0, 0, 0
L 3324.8375, 4647.7309, 519.7933, 3322.2631, 4622.4804, 519.7934, 240, 240, 240
L 3307.2253, 4622.265, 519.7934, 3304.8386, 4647.7788, 519.7934, 240, 240, 240
L 3305.8146, 4647.6244, 519.7934, 3286.1518, 4650.728, 519.7934, 0, 0, 0
L 3286.1518, 4650.728, 519.7934, 3261.7123, 4663.1757, 519.7934, 0, 0, 0
L 3261.7123, 4663.1757, 519.7934, 3249.425, 4651.3359, 519.7934, 0, 0, 0
L 3249.425, 4651.3359, 519.7934, 3226.7692, 4673.6986, 519.7934, 0, 0, 0
L 3226.7692, 4673.6986, 519.7934, 3238.6945, 4686.329, 519.7934, 0, 0, 0
L 3238.6945, 4686.329, 519.7934, 3227.1633, 4708.9691, 519.7934, 0, 0, 0
L 3227.1633, 4708.9691, 519.7934, 3210.1104, 4706.3051, 519.8066, 0, 0, 0
L 3210.1104, 4706.3051, 519.7934, 3205.7417, 4738.1054, 519.7934, 0, 0, 0
L 3205.7417, 4738.1054, 519.7934, 3222.679, 4740.7969, 519.7934, 0, 0, 0
L 3222.679, 4740.7969, 519.7934, 3226.7399, 4766.3643, 519.7934, 0, 0, 0
L 3226.7399, 4766.3643, 519.7934, 3210.7809, 4774.1513, 519.7934, 0, 0, 0
L 3210.7809, 4774.1513, 519.7934, 3225.4011, 4802.8433, 519.7934, 0, 0, 0
L 3225.4011, 4802.8433, 519.7934, 3240.7289, 4795.3208, 519.793, 64, 64, 64
L 3240.7289, 4795.3208, 519.793, 3260.5911, 4814.6382, 519.7933, 0, 0, 0
L 3260.5911, 4814.6382, 519.7933, 3285.9319, 4827.6122, 519.7933, 0, 0, 0
L 3285.9319, 4827.6122, 519.7933, 3298.7582, 4829.6967, 519.7933, 0, 0, 0
L 3298.7582, 4829.6967, 519.7933, 3298.7548, 4847.7934, 519.7933, 0, 0, 0
L 3298.7548, 4847.7934, 519.7933, 3330.9558, 4847.7992, 519.7934, 0, 0, 0
L 3330.9558, 4847.7992, 519.7933, 3330.954, 4829.7075, 519.793, 0, 0, 0
L 3330.954, 4829.7075, 519.793, 3343.7714, 4827.6157, 519.793, 0, 0, 0
L 3343.7714, 4827.6157, 519.793, 3369.1801, 4814.6084, 519.7933, 0, 0, 0
L 3369.1801, 4814.6084, 519.7933, 3388.9816, 4795.3032, 519.793, 0, 0, 0
L 3388.9816, 4795.3032, 519.793, 3404.309, 4802.8402, 519.7933, 0, 0, 0
L 3404.309, 4802.8402, 519.793, 3418.9308, 4774.1484, 519.7933, 0, 0, 0
L 3418.9308, 4774.1484, 519.793, 3403.5938, 4766.3418, 519.793, 0, 0, 0
L 3403.5938, 4766.3418, 519.793, 3407.6635, 4740.7938, 519.7933, 0, 0, 0
L 3407.6635, 4740.7938, 519.7933, 3424.6332, 4738.1059, 519.7933, 0, 0, 0
L 3424.6332, 4738.1059, 519.7933, 3419.6044, 4706.3198, 519.7934, 0, 0, 0
L 3419.6044, 4706.3198, 519.7934, 3402.5412, 4708.953, 519.793, 0, 0, 0
L 3402.5412, 4708.953, 519.793, 3390.8991, 4686.1021, 519.2924, 0, 0, 0
L 3390.8991, 4686.1021, 519.2924, 3403.82, 4673.752, 519.293, 0, 0, 0
L 3403.82, 4673.752, 518.9396, 3380.2804, 4651.3521, 519.1096, 0, 0, 0
L 3323.914, 4647.585, 527.7784, 3323.8029, 4655.3334, 527.7785, 240, 240, 240
L 3323.8029, 4655.3334, 527.7785, 3320.9086, 4655.3344, 527.7785, 240, 240, 240
L 3320.9086, 4655.3344, 528.524, 3320.905, 4680.4013, 535.5969, 240, 240, 240
L 3305.8146, 4647.6244, 527.7785, 3305.8672, 4655.3369, 527.7785, 240, 240, 240
L 3305.8672, 4655.3369, 527.7785, 3308.8076, 4655.3334, 527.7785, 240, 240, 240
L 3308.8076, 4655.3334, 528.1879, 3308.8, 4680.4219, 535.1757, 240, 240, 240
L 3320.905, 4680.4013, 535.6485, 3334.3604, 4682.9219, 535.7232, 0, 0, 0
L 3334.3604, 4682.9219, 535.7232, 3350.632, 4690.9561, 540.6865, 0, 0, 0
L 3350.632, 4690.9561, 540.6865, 3363.1541, 4704.4741, 545.6402, 0, 0, 0
L 3363.1541, 4704.4741, 545.6402, 3371.6648, 4720.7183, 550.6485, 0, 0, 0
L 3371.6648, 4720.7183, 550.6485, 3374.5895, 4739.1508, 555.6408, 0, 0, 0
L 3374.5895, 4739.1508, 555.6408, 3371.6685, 4757.6543, 560.653, 0, 0, 0
L 3371.6685, 4757.6543, 560.653, 3363.1381, 4774.3568, 565.6734, 0, 0, 0
L 3363.1381, 4774.3568, 565.6734, 3349.9355, 4787.5424, 570.6616, 0, 0, 0
L 3349.9355, 4787.5424, 570.6616, 3333.3157, 4796.1171, 575.6485, 0, 0, 0
L 3333.3157, 4796.1171, 575.6485, 3314.891, 4798.9287, 575.6485, 0, 0, 0
L 3314.891, 4798.9287, 575.6485, 3296.3672, 4795.9956, 575.6444, 0, 0, 0
L 3296.3672, 4795.9956, 575.6444, 3279.766, 4787.538, 570.6588, 0, 0, 0
L 3279.766, 4787.538, 570.6588, 3266.5021, 4774.2637, 565.6384, 0, 0, 0
L 3266.5021, 4774.2637, 565.6384, 3258.2948, 4757.5933, 560.6349, 0, 0, 0
L 3258.2948, 4757.5933, 560.6349, 3255.1194, 4739.2211, 555.6585, 0, 0, 0
L 3255.1194, 4739.2211, 555.6585, 3258.4299, 4720.7274, 550.6515, 0, 0, 0
L 3258.4299, 4720.7274, 550.6515, 3266.5158, 4704.9858, 545.6576, 0, 0, 0
L 3266.5158, 4704.9858, 545.6576, 3279.7431, 4690.8632, 540.6512, 0, 0, 0
L 3279.7431, 4690.8632, 540.6512, 3296.4198, 4682.375, 535.6697, 0, 0, 0
L 3296.4198, 4682.375, 535.6697, 3308.8, 4680.4219, 535.6485, 0, 0, 0
L 3331.4956, 4691.7852, 535.6517, 3344.9609, 4697.9252, 535.6489, 64, 64, 64
L 3344.9609, 4697.9252, 535.6489, 3356.1779, 4709.1426, 535.6489, 64, 64, 64
L 3356.1779, 4709.1426, 535.6489, 3363.4475, 4723.3921, 535.6489, 64, 64, 64
L 3363.4475, 4723.3921, 535.6489, 3364.3157, 4728.1201, 535.6489, 64, 64, 64
L 3364.3157, 4728.1201, 535.6489, 3380.1064, 4725.7563, 535.6489, 64, 64, 64
L 3380.1064, 4725.7563, 535.6489, 3379.2968, 4719.8467, 535.649, 64, 64, 64
L 3379.2968, 4719.8467, 535.649, 3408.5082, 4715.2061, 535.649, 64, 64, 64
L 3408.5082, 4715.2061, 535.649, 3411.2912, 4733.7271, 535.6485, 64, 64, 64
L 3411.2912, 4733.7271, 535.6485, 3382.1316, 4737.6934, 535.6485, 64, 64, 64
L 3382.1316, 4737.6934, 535.6485, 3381.268, 4732.4921, 535.6485, 64, 64, 64
L 3381.268, 4732.4921, 535.6485, 3365.2345, 4734.4102, 535.6485, 64, 64, 64
L 3365.2345, 4734.4102, 535.6485, 3365.9465, 4739.141, 535.6485, 64, 64, 64
L 3365.9465, 4739.141, 535.6485, 3363.4328, 4755.3662, 535.6488, 64, 64, 64
L 3363.4328, 4755.3662, 535.6488, 3361.4331, 4759.3413, 535.6485, 64, 64, 64
L 3361.4331, 4759.3413, 535.6485, 3375.7366, 4766.4722, 535.6488, 64, 64, 64
L 3375.7366, 4766.4722, 535.6485, 3378.3715, 4761.413, 535.6485, 64, 64, 64
L 3378.3715, 4761.413, 535.6485, 3404.7206, 4774.835, 535.6485, 64, 64, 64
L 3404.7206, 4774.835, 535.6485, 3396.5122, 4790.9492, 535.6485, 64, 64, 64
L 3396.5122, 4790.9492, 535.6485, 3370.1685, 4777.5268, 535.6485, 64, 64, 64
L 3370.1685, 4777.5268, 535.6485, 3372.9155, 4772.1714, 535.6485, 64, 64, 64
L 3372.9155, 4772.1714, 535.6488, 3358.6437, 4765.5507, 535.6485, 64, 64, 64
L 3358.6437, 4765.5507, 535.6485, 3356.1311, 4769.3725, 535.6485, 64, 64, 64
L 3356.1311, 4769.3725, 535.6485, 3344.8777, 4780.5405, 535.6485, 64, 64, 64
L 3344.8777, 4780.5405, 535.6485, 3330.6415, 4787.7929, 535.6489, 64, 64, 64
L 3330.6415, 4787.7929, 535.6489, 3314.8206, 4790.287, 535.6485, 64, 64, 64
L 3314.8206, 4790.287, 535.6485, 3299.9108, 4787.7964, 535.6485, 64, 64, 64
L 3299.9108, 4787.7964, 535.6485, 3284.8386, 4780.5385, 535.6485, 64, 64, 64
L 3284.8386, 4780.5385, 535.6485, 3273.601, 4769.2754, 535.6488, 64, 64, 64
L 3273.601, 4769.2754, 535.6488, 3271.7898, 4765.604, 535.6485, 64, 64, 64
L 3271.7898, 4765.604, 535.6484, 3256.7912, 4772.1709, 535.6485, 64, 64, 64
L 3256.7912, 4772.1709, 535.6485, 3259.5293, 4777.4961, 535.6485, 64, 64, 64
L 3259.5293, 4777.4961, 535.6485, 3233.1975, 4790.9486, 535.6485, 64, 64, 64
L 3233.1975, 4790.9486, 535.6485, 3224.9915, 4774.835, 535.6485, 64, 64, 64
L 3224.9915, 4774.835, 535.6485, 3251.3359, 4761.4116, 535.6485, 64, 64, 64
L 3251.3359, 4761.4116, 535.6485, 3253.9699, 4766.4683, 535.6489, 64, 64, 64
L 3253.9699, 4766.4683, 535.6485, 3268.2622, 4759.3535, 535.6488, 64, 64, 64
L 3268.2622, 4759.3535, 535.6485, 3266.257, 4754.9741, 535.6485, 64, 64, 64
L 3266.257, 4754.9741, 535.6485, 3263.7642, 4739.1504, 535.6485, 64, 64, 64
L 3263.7642, 4739.1504, 535.6485, 3264.4733, 4734.4106, 535.6485, 64, 64, 64
L 3264.4733, 4734.4106, 535.6485, 3248.6709, 4732.5459, 535.6489, 64, 64, 64
L 3248.6709, 4732.5459, 535.6485, 3247.6291, 4737.5024, 535.6489, 64, 64, 64
L 3247.6291, 4737.5024, 535.6489, 3218.3735, 4733.6841, 535.6485, 64, 64, 64
L 3218.3735, 4733.6841, 535.6485, 3221.204, 4715.2065, 535.6484, 64, 64, 64
L 3221.204, 4715.2065, 535.6484, 3250.4094, 4719.8301, 535.6485, 64, 64, 64
L 3250.4094, 4719.8301, 535.6485, 3249.5994, 4725.7573, 535.6485, 64, 64, 64
L 3249.5994, 4725.7573, 535.6488, 3265.396, 4728.1255, 535.6488, 64, 64, 64
L 3265.396, 4728.1255, 535.6485, 3266.2654, 4723.3921, 535.6485, 64, 64, 64
L 3266.2654, 4723.3921, 535.6485, 3273.5729, 4709.1045, 535.6485, 64, 64, 64
L 3273.5729, 4709.1045, 535.6485, 3285.1779, 4697.7611, 535.6485, 64, 64, 64
L 3285.1779, 4697.7611, 535.6485, 3298.8942, 4690.7554, 535.6489, 64, 64, 64
L 3459.8674, 4702.4535, 508.2533, 3472.9621, 4702.454, 507.5439, 64, 64, 64
L 3472.9621, 4702.454, 507.615, 3472.9663, 4689.3491, 505.822, 64, 64, 64
L 3472.9663, 4689.3491, 504.8009, 3459.8681, 4689.3882, 505.1372, 64, 64, 64
L 3469.875, 4689.3608, 505.1372, 3469.1752, 4654.3379, 497.4134, 64, 64, 64
L 3458.9582, 4654.335, 497.4134, 3473.9041, 4654.3388, 497.2053, 64, 64, 64
L 3473.875, 4639.3882, 497.5824, 3458.9331, 4639.3788, 497.6548, 64, 64, 64
L 3458.9331, 4639.3788, 497.8931, 3458.9582, 4654.335, 498.3885, 64, 64, 64
L 3473.875, 4639.3882, 497.1963, 3473.9041, 4654.3388, 497.3299, 64, 64, 64
L 3462.1554, 4654.3374, 498.663, 3462.2262, 4689.3603, 505.9716, 64, 64, 64
L 3459.8681, 4689.3882, 506.6723, 3459.8674, 4702.4535, 507.1772, 64, 64, 64
L 2832.7665, 4097.6801, 300.2853, 2808.4124, 4098.6304, 300.8059, 0, 0, 0
L 2808.4124, 4098.6304, 300.8059, 2802.6082, 4097.3013, 300.1815, 0, 0, 0
L 2802.6082, 4097.3013, 300.1815, 2783.9499, 4097.1977, 300.4859, 0, 0, 0
L 2783.9499, 4097.1977, 300.4859, 2762.9877, 4104.9609, 302.8949, 0, 0, 0
L 2762.9877, 4104.9609, 302.8949, 2753.6599, 4110.6475, 299.8657, 0, 0, 0
L 2753.6599, 4110.6475, 299.8657, 2734.9971, 4119.3573, 299.8543, 0, 0, 0
L 2734.9971, 4119.3573, 299.8543, 2704.4861, 4127.8959, 299.9041, 0, 0, 0
L 2704.4861, 4127.8959, 299.9041, 2690.2399, 4129.9683, 299.9205, 0, 0, 0
L 2690.2399, 4129.9683, 299.9205, 2643.4187, 4132.8388, 299.8865, 0, 0, 0
L 2643.4187, 4132.8388, 299.8865, 2591.3031, 4128.8975, 299.8041, 0, 0, 0
L 2591.3031, 4128.8975, 300.2909, 2568.219, 4121.4834, 300.5609, 0, 0, 0
L 2568.219, 4121.4834, 300.5609, 2557.5273, 4115.3867, 299.9712, 0, 0, 0
L 2557.5273, 4115.3867, 299.9712, 2525.8998, 4091.1965, 299.9433, 0, 0, 0
L 2525.8998, 4091.1965, 300.1933, 2519.496, 4090.2993, 299.8797, 0, 0, 0
L 2519.496, 4090.2993, 299.8797, 2509.126, 4079.6902, 299.8491, 0, 0, 0
L 2509.126, 4079.6902, 299.8491, 2503.9385, 4071.5021, 300.769, 0, 0, 0
L 2503.9385, 4071.5021, 300.769, 2495.652, 4065.7046, 299.8865, 0, 0, 0
L 2495.652, 4065.7046, 299.8865, 2480.5054, 4048.2175, 299.8027, 0, 0, 0
L 2480.5054, 4048.2175, 299.8027, 2471.7336, 4041.3762, 299.8118, 0, 0, 0
L 2471.7336, 4041.3762, 299.8118, 2465.8654, 4031.9279, 299.8872, 0, 0, 0
L 2465.8654, 4031.9279, 299.8872, 2460.8694, 4018.4827, 300.396, 0, 0, 0
L 2460.8694, 4018.4827, 300.396, 2447.8234, 4003.206, 299.4868, 0, 0, 0
L 2447.8234, 4003.206, 299.4868, 2440.1887, 3990.6875, 300.4048, 0, 0, 0
L 2440.1887, 3990.6875, 300.4048, 2423.719, 3986.835, 299.9445, 0, 0, 0
L 2423.719, 3986.835, 299.9445, 2421.9198, 3984.1819, 299.9805, 0, 0, 0
L 2421.9198, 3984.1819, 299.9805, 2415.804, 3968.8281, 300.1306, 0, 0, 0
L 2415.804, 3968.8281, 300.1306, 2405.51, 3959.7858, 299.6739, 0, 0, 0
L 2405.51, 3959.7858, 299.6739, 2407.632, 3933.925, 299.4889, 0, 0, 0
L 2407.632, 3933.925, 299.4889, 2411.7642, 3912.8832, 300.136, 0, 0, 0
L 2411.7642, 3912.8832, 300.136, 2410.6255, 3899.8357, 299.9096, 0, 0, 0
L 2410.6255, 3899.8357, 299.9096, 2408.8859, 3887.2521, 300.322, 0, 0, 0
L 2408.8859, 3887.2521, 300.322, 2405.6039, 3882.3063, 299.814, 0, 0, 0
L 2405.6039, 3882.3063, 299.814, 2400.3904, 3864.4457, 299.6041, 0, 0, 0
L 2400.3904, 3864.4457, 299.6041, 2387.2858, 3851.8337, 299.6025, 0, 0, 0
L 2387.2858, 3851.8337, 299.6025, 2383.7609, 3839.2979, 300.1231, 0, 0, 0
L 2383.7609, 3839.2979, 300.1231, 2383.657, 3814.4643, 298.8657, 0, 0, 0
L 2383.657, 3814.4643, 298.8657, 2404.2991, 3792.6183, 299.4993, 0, 0, 0
L 2404.2991, 3792.6183, 299.4993, 2424.1687, 3786.518, 300.4897, 0, 0, 0
L 2424.1687, 3786.518, 300.4897, 2434.9216, 3778.3649, 300.8084, 0, 0, 0
L 2434.9216, 3778.3649, 300.8084, 2441.3892, 3749.8638, 299.6836, 0, 0, 0
L 2441.3892, 3749.8638, 299.6836, 2440.9043, 3737.6332, 300.2166, 0, 0, 0
L 2440.9043, 3737.6332, 300.2166, 2445.4792, 3719.9578, 299.7443, 0, 0, 0
L 2445.4792, 3719.9578, 299.7443, 2448.2231, 3716.266, 300.4177, 0, 0, 0
L 2448.2231, 3716.266, 300.4177, 2462.8886, 3711.4789, 300.2667, 0, 0, 0
L 2462.8886, 3711.4789, 300.2667, 2496.2388, 3698.1541, 299.6367, 0, 0, 0
L 2496.2388, 3698.1541, 299.6367, 2520.1581, 3677.8813, 299.4981, 0, 0, 0
L 2520.1581, 3677.8813, 299.4981, 2524.9063, 3676.5581, 299.9336, 0, 0, 0
L 2524.9063, 3676.5581, 299.9336, 2544.3002, 3660.6797, 299.4202, 0, 0, 0
L 2544.3002, 3660.6797, 299.4202, 2555.5576, 3660.5742, 300.1166, 0, 0, 0
L 2555.5576, 3660.5742, 300.1166, 2567.8798, 3655.8557, 299.8944, 0, 0, 0
L 2567.8798, 3655.8557, 299.8944, 2594.333, 3652.5041, 299.5416, 0, 0, 0
L 2594.333, 3652.5041, 299.5416, 2605.7791, 3647.4463, 299.5024, 0, 0, 0
L 2605.7791, 3647.4463, 299.5024, 2631.8933, 3639.7465, 300.93, 0, 0, 0
L 2631.8933, 3639.7465, 300.93, 2663.5381, 3622.4054, 299.4968, 0, 0, 0
L 2663.5381, 3622.4054, 299.4968, 2688.9414, 3611.9063, 299.4578, 0, 0, 0
L 2688.9414, 3611.9063, 299.4578, 2696.8357, 3610.3125, 300.233, 0, 0, 0
L 2696.8357, 3610.3125, 300.233, 2720.78, 3599.5225, 299.7191, 0, 0, 0
L 2720.78, 3599.5225, 299.7191, 2743.5371, 3592.2878, 299.8582, 0, 0, 0
L 2743.5371, 3592.2878, 299.8582, 2809.329, 3579.2294, 300.1195, 0, 0, 0
L 2809.329, 3579.2294, 300.1195, 2832.3683, 3576.3564, 299.7601, 0, 0, 0
L 2832.3683, 3576.3564, 299.7601, 2858.4247, 3576.9567, 299.9363, 0, 0, 0
L 2858.4247, 3576.9567, 299.6023, 2987.985, 3585.1028, 299.4295, 0, 0, 0
L 2987.985, 3585.1028, 300.4725, 3024.6799, 3583.9926, 299.4273, 0, 0, 0
L 3024.6799, 3583.9926, 299.4273, 3044.3874, 3579.8854, 299.9048, 0, 0, 0
L 3044.3874, 3579.8854, 299.9048, 3095.7067, 3531.7067, 299.5808, 0, 0, 0
L 3095.7067, 3531.7067, 299.5808, 3099.6469, 3531.3984, 299.9628, 0, 0, 0
L 3099.6469, 3531.3984, 299.9628, 3143.4402, 3492.947, 299.7681, 0, 0, 0
L 3143.4402, 3492.947, 299.7681, 3151.1453, 3487.2856, 299.9257, 0, 0, 0
L 3151.1453, 3487.2856, 299.9257, 3165.375, 3432.1833, 300.2015, 0, 0, 0
L 3165.375, 3432.1833, 300.2015, 3167.3461, 3428.1752, 300.1109, 0, 0, 0
L 3167.3461, 3428.1752, 300.1109, 3176.6948, 3415.9897, 300.9857, 0, 0, 0
L 3176.6948, 3415.9897, 300.9857, 3175.7946, 3400.2813, 300.2989, 0, 0, 0
L 3175.7946, 3400.2813, 300.2989, 3178.155, 3385.1152, 300.7137, 0, 0, 0
L 3178.155, 3385.1152, 300.7137, 3177.2046, 3353.8544, 301.5672, 0, 0, 0
L 3177.2046, 3353.8544, 301.5672, 3168.2581, 3340.6122, 300.507, 0, 0, 0
L 3168.2581, 3340.6122, 300.507, 3156.157, 3335.9976, 300.2624, 0, 0, 0
L 3156.157, 3335.9976, 300.2624, 3151.7399, 3326.9142, 300.3648, 0, 0, 0
L 3151.7399, 3326.9142, 300.3648, 3140.8411, 3311.3859, 299.8493, 0, 0, 0
L 3140.8411, 3311.3859, 299.8493, 3131.204, 3300.9396, 299.9463, 0, 0, 0
L 3131.204, 3300.9396, 299.9463, 3120.574, 3294.9609, 299.6849, 0, 0, 0
L 3120.574, 3294.9609, 299.6849, 3113.7211, 3287.6741, 299.9646, 0, 0, 0
L 3113.7211, 3287.6741, 299.9646, 3108.3213, 3274.9475, 299.9404, 0, 0, 0
L 3108.3213, 3274.9475, 299.9404, 3101.4492, 3264.7368, 299.6759, 0, 0, 0
L 3101.4492, 3264.7368, 299.6759, 3095.891, 3246.922, 299.6707, 0, 0, 0
L 3095.891, 3246.922, 299.6707, 3095.2698, 3240.7354, 299.9975, 0, 0, 0
L 3095.2698, 3240.7354, 299.9975, 3095.996, 3234.7714, 299.9961, 0, 0, 0
L 3095.996, 3234.7714, 299.9961, 3102.666, 3215.3854, 299.7232, 0, 0, 0
L 3102.666, 3215.3854, 299.7232, 3112.1554, 3208.2471, 299.9375, 0, 0, 0
L 3112.1554, 3208.2471, 299.9375, 3114.8386, 3191.4243, 299.3885, 0, 0, 0
L 3114.8386, 3191.4243, 299.3885, 3119.9987, 3183.454, 299.6634, 0, 0, 0
L 3119.9987, 3183.454, 299.6634, 3131.78, 3180.6804, 299.9784, 0, 0, 0
L 3131.78, 3180.6804, 299.9784, 3143.2179, 3166.9965, 299.3772, 0, 0, 0
L 3143.2179, 3166.9965, 299.3772, 3161.3198, 3161.3125, 299.86, 0, 0, 0
L 3161.3198, 3161.3125, 299.86, 3167.5412, 3156.4848, 299.7973, 0, 0, 0
L 3167.5412, 3156.4848, 299.7973, 3194.3042, 3146.1489, 299.8072, 0, 0, 0
L 3194.3042, 3146.1489, 299.8072, 3216.3975, 3143.5518, 299.7293, 0, 0, 0
L 3216.3975, 3143.5518, 299.7293, 3240.8411, 3144.7002, 299.9019, 0, 0, 0
L 3240.8411, 3144.7002, 299.9019, 3263.2278, 3139.3027, 299.7588, 0, 0, 0
L 3263.2278, 3139.3027, 299.7588, 3323.8069, 3131.2581, 299.841, 0, 0, 0
L 3323.8069, 3131.2581, 299.841, 3349.6415, 3129.9695, 299.869, 0, 0, 0
L 3349.6415, 3129.9695, 299.869, 3369.6437, 3128.7827, 300.9386, 0, 0, 0
L 3369.6437, 3128.7827, 300.9386, 3400.2145, 3128.3847, 299.9234, 0, 0, 0
L 3400.2145, 3128.3847, 299.9234, 3407.8679, 3126.1496, 299.4279, 0, 0, 0
L 3407.8679, 3126.1496, 299.4279, 3411.496, 3123.6001, 299.2898, 0, 0, 0
L 3411.496, 3123.6001, 299.2898, 3456.146, 3125.6215, 301.85, 0, 0, 0
L 3456.146, 3125.6215, 301.85, 3463.4956, 3128.157, 301.2269, 0, 0, 0
L 3463.4956, 3128.157, 301.2269, 3474.4243, 3119.864, 299.7087, 0, 0, 0
L 3474.4243, 3119.864, 299.7087, 3480.2698, 3117.364, 300.7774, 0, 0, 0
L 3480.2698, 3117.364, 300.7774, 3483.4211, 3120.5198, 300.4646, 0, 0, 0
L 3483.4211, 3120.5198, 300.4646, 3492.4268, 3130.2046, 300.68, 0, 0, 0
L 3492.4268, 3130.2046, 300.68, 3502.985, 3135.4335, 300.8783, 0, 0, 0
L 3502.985, 3135.4335, 300.8783, 3551.5817, 3138.7222, 299.8027, 0, 0, 0
L 3551.5817, 3138.7222, 299.8027, 3561.1455, 3144.3076, 301.4295, 0, 0, 0
L 3561.1455, 3144.3076, 301.4295, 3583.3604, 3149.7233, 300.5876, 0, 0, 0
L 3583.3604, 3149.7233, 300.5876, 3613.688, 3154.7665, 300.8183, 0, 0, 0
L 3613.688, 3154.7665, 300.8183, 3623.3013, 3167.9899, 300.6003, 0, 0, 0
L 3623.3013, 3167.9899, 300.6003, 3638.184, 3177.601, 299.8324, 0, 0, 0
L 3638.184, 3177.601, 299.8324, 3647.4902, 3185.4944, 300.4051, 0, 0, 0
L 3647.4902, 3185.4944, 300.4051, 3660.6725, 3192.4729, 299.6881, 0, 0, 0
L 3660.6725, 3192.4729, 299.6881, 3672.1304, 3210.2206, 299.9254, 0, 0, 0
L 3672.1304, 3210.2206, 299.9254, 3677.9128, 3215.7651, 299.7642, 0, 0, 0
L 3677.9128, 3215.7651, 299.7642, 3681.4443, 3231.695, 299.8376, 0, 0, 0
L 3681.4443, 3231.695, 299.8376, 3683.833, 3251.5317, 299.7024, 0, 0, 0
L 3683.833, 3251.5317, 299.7024, 3683.9409, 3276.9733, 299.7545, 0, 0, 0
L 3683.9409, 3276.9733, 299.7545, 3682.6457, 3298.6633, 299.9221, 0, 0, 0
L 3682.6457, 3298.6633, 299.9221, 3673.7211, 3360.11, 299.8718, 0, 0, 0
L 3673.7211, 3360.11, 299.8718, 3671.9277, 3375.3569, 299.9232, 0, 0, 0
L 3671.9277, 3375.3569, 299.9232, 3671.4863, 3385.5295, 300.1456, 0, 0, 0
L 3671.4863, 3385.5295, 300.1456, 3672.1934, 3387.4429, 299.7715, 0, 0, 0
L 3672.1934, 3387.4429, 299.7715, 3678.3683, 3406.9375, 299.7318, 0, 0, 0
L 3678.3683, 3406.9375, 299.7318, 3681.4861, 3422.251, 299.8215, 0, 0, 0
L 3681.4861, 3422.251, 299.8215, 3684.5527, 3431.715, 299.8412, 0, 0, 0
L 3684.5527, 3431.715, 299.8412, 3696.8488, 3441.7404, 300.8278, 0, 0, 0
L 3696.8488, 3441.7404, 300.8278, 3719.8953, 3442.1709, 299.8736, 0, 0, 0
L 3719.8953, 3442.1709, 299.8736, 3725.4387, 3438.8777, 299.8958, 0, 0, 0
L 3725.4387, 3438.8777, 299.8958, 3743.7836, 3431.2406, 299.9809, 0, 0, 0
L 3743.7836, 3431.2406, 299.9809, 3749.9609, 3413.259, 299.8201, 0, 0, 0
L 3749.9609, 3413.259, 299.8201, 3752.2289, 3408.1304, 299.596, 0, 0, 0
L 3752.2289, 3408.1304, 299.596, 3778.6527, 3381.9484, 300.1705, 0, 0, 0
L 3778.6527, 3381.9484, 300.386, 3791.6487, 3361.2979, 299.6068, 0, 0, 0
L 3791.6487, 3361.2979, 299.6068, 3815.5695, 3350.3242, 299.9499, 0, 0, 0
L 3815.5695, 3350.3242, 299.9499, 3822.7925, 3343.2067, 299.5808, 0, 0, 0
L 3822.7925, 3343.2067, 299.5808, 3840.1498, 3339.177, 299.8872, 0, 0, 0
L 3840.1498, 3339.177, 299.8872, 3845.8573, 3336.1648, 299.8206, 0, 0, 0
L 3845.8573, 3336.1648, 299.8206, 3855.3533, 3326.2379, 299.7246, 0, 0, 0
L 3855.3533, 3326.2379, 299.7246, 3864.1078, 3322.5432, 299.6969, 0, 0, 0
L 3864.1078, 3322.5432, 299.6969, 3877.6377, 3312.2881, 299.9121, 0, 0, 0
L 3877.6377, 3312.2881, 299.9121, 3880.6851, 3305.4092, 299.8505, 0, 0, 0
L 3880.6851, 3305.4092, 299.8505, 3887.521, 3299.9101, 299.7894, 0, 0, 0
L 3887.521, 3299.9101, 299.7894, 3896.6001, 3288.3611, 299.8546, 0, 0, 0
L 3896.6001, 3288.3611, 299.8546, 3901.3445, 3278.219, 299.6634, 0, 0, 0
L 3901.3445, 3278.219, 299.6634, 3914.1745, 3264.9414, 300.4318, 0, 0, 0
L 3914.1745, 3264.9414, 300.4318, 3921.9848, 3249.4679, 299.7386, 0, 0, 0
L 3921.9848, 3249.4679, 299.7386, 3936.1828, 3225.4277, 299.8906, 0, 0, 0
L 3936.1828, 3225.4277, 299.8906, 3939.1577, 3221.6001, 300.769, 0, 0, 0
L 3939.1577, 3221.6001, 300.769, 3946.4749, 3205.8015, 299.7918, 0, 0, 0
L 3946.4749, 3205.8015, 299.7918, 3956.2631, 3188.7719, 300.2669, 0, 0, 0
L 3956.2631, 3188.7719, 300.2669, 3960.1469, 3179.5165, 299.7615, 0, 0, 0
L 3960.1469, 3179.5165, 299.7615, 3967.5659, 3168.318, 299.7445, 0, 0, 0
L 3967.5659, 3168.318, 299.7445, 3975.4643, 3158.9828, 299.9066, 0, 0, 0
L 3975.4643, 3158.9828, 299.9066, 3983.8676, 3143.2597, 299.7925, 0, 0, 0
L 3983.8676, 3143.2597, 299.7925, 3995.8054, 3132.6332, 299.5638, 0, 0, 0
L 3995.8054, 3132.6332, 299.5638, 4006.9609, 3119.5967, 299.7327, 0, 0, 0
L 4006.9609, 3119.5967, 299.7327, 4021.6154, 3109.4023, 299.9918, 0, 0, 0
L 4021.6154, 3109.4023, 299.9918, 4032.2033, 3095.2775, 299.6052, 0, 0, 0
L 4032.2033, 3095.2775, 299.6052, 4046.8838, 3087.967, 299.8903, 0, 0, 0
L 4046.8838, 3087.967, 299.8903, 4055.7465, 3076.9609, 300.67, 0, 0, 0
L 4055.7465, 3076.9609, 300.67, 4072.2307, 3066.1853, 300.153, 0, 0, 0
L 4072.2307, 3066.1853, 300.153, 4079.1511, 3059.882, 299.7791, 0, 0, 0
L 4079.1511, 3059.882, 299.7791, 4102.9071, 3043.7687, 299.721, 0, 0, 0
L 4102.9071, 3043.7687, 299.721, 4130.2866, 3031.1867, 299.692, 0, 0, 0
L 4130.2866, 3031.1867, 299.692, 4175.5, 3024.1689, 299.7558, 0, 0, 0
L 4175.5, 3024.1689, 299.7558, 4230.976, 3032.1763, 299.8428, 0, 0, 0
L 4230.976, 3032.1763, 299.8428, 4255.4956, 3039.7294, 299.8851, 0, 0, 0
L 4255.4956, 3039.7294, 299.8851, 4271.8311, 3041.7096, 299.5264, 0, 0, 0
L 4271.8311, 3041.7096, 299.5264, 4299.9438, 3049.3777, 299.7966, 0, 0, 0
L 4299.9438, 3049.3777, 299.7966, 4319.6992, 3055.8805, 299.8521, 0, 0, 0
L 4319.6992, 3055.8805, 299.8521, 4327.1454, 3064.3888, 299.668, 0, 0, 0
L 4327.1454, 3064.3888, 299.668, 4343.9512, 3068.5504, 299.2988, 0, 0, 0
L 4343.9512, 3068.5504, 299.2988, 4347.2538, 3071.5625, 299.5964, 0, 0, 0
L 4347.2538, 3071.5625, 299.5964, 4356.5497, 3082.6077, 299.8847, 0, 0, 0
L 4356.5497, 3082.6077, 299.8847, 4368.1646, 3085.9616, 299.5545, 0, 0, 0
L 4368.1646, 3085.9616, 299.5545, 4381.7475, 3095.6338, 299.8532, 0, 0, 0
L 4381.7475, 3095.6338, 300.8059, 4385.9722, 3102.9785, 299.9907, 0, 0, 0
L 4385.9722, 3102.9785, 299.9907, 4391.4331, 3105.3218, 299.7599, 0, 0, 0
L 4391.4331, 3105.3218, 299.7599, 4402.2782, 3119.6464, 299.576, 0, 0, 0
L 4402.2782, 3119.6464, 299.576, 4405.3212, 3130.2444, 299.8808, 0, 0, 0
L 4405.3212, 3130.2444, 299.8808, 4416.645, 3133.3906, 299.4397, 0, 0, 0
L 4416.645, 3133.3906, 299.4397, 4428.1143, 3143.9843, 300.7259, 0, 0, 0
L 4428.1143, 3143.9843, 300.7259, 4431.8145, 3152.3582, 299.6052, 0, 0, 0
L 4431.8145, 3152.3582, 299.6052, 4439.9745, 3157.7609, 299.6958, 0, 0, 0
L 4439.9745, 3157.7609, 299.6958, 4449.2929, 3168.4362, 299.56, 0, 0, 0
L 4449.2929, 3168.4362, 299.56, 4452.8018, 3179.7478, 299.838, 0, 0, 0
L 4452.8018, 3179.7478, 299.838, 4455.3334, 3191.3395, 299.8317, 0, 0, 0
L 4455.3334, 3191.3395, 299.8317, 4456.3896, 3220.791, 299.2835, 0, 0, 0
L 4456.3896, 3220.791, 299.2835, 4453.5487, 3239.1435, 299.7293, 0, 0, 0
L 4453.5487, 3239.1435, 299.7293, 4449.5609, 3249.9328, 300.2565, 0, 0, 0
L 4449.5609, 3249.9328, 300.2565, 4450.6347, 3264.9944, 298.8657, 0, 0, 0
L 4450.6347, 3264.9944, 298.8657, 4446.6787, 3281.5448, 299.4066, 0, 0, 0
L 4446.6787, 3281.5448, 299.4066, 4447.3109, 3288.8049, 299.185, 0, 0, 0
L 4447.3109, 3288.8049, 299.185, 4449.2725, 3297.1354, 300.511, 0, 0, 0
L 4449.2725, 3297.1354, 300.511, 4443.6597, 3311.5151, 299.8503, 0, 0, 0
L 4443.6597, 3311.5151, 299.8503, 4419.7808, 3357.3533, 299.942, 0, 0, 0
L 4419.7808, 3357.3533, 299.942, 4409.6459, 3383.4938, 299.9904, 0, 0, 0
L 4409.6459, 3383.4938, 299.9904, 4407.9966, 3399.73, 299.6897, 0, 0, 0
L 4407.9966, 3399.73, 299.6897, 4405.4701, 3406.9346, 299.8634, 0, 0, 0
L 4405.4701, 3406.9346, 299.8634, 4389.5352, 3429.4589, 299.6788, 0, 0, 0
L 4389.5352, 3429.4589, 299.6788, 4366.4647, 3455.2687, 299.4843, 0, 0, 0
L 4366.4647, 3455.2687, 299.4843, 4344.6602, 3470.9625, 300.982, 0, 0, 0
L 4344.6602, 3470.9625, 300.982, 4335.8266, 3472.527, 299.9331, 0, 0, 0
L 4335.8266, 3472.527, 299.9331, 4332.9018, 3479.7651, 300.1499, 0, 0, 0
L 4332.9018, 3479.7651, 300.1499, 4320.1693, 3488.2366, 299.6306, 0, 0, 0
L 4320.1693, 3488.2366, 299.6306, 4308.6635, 3492.1597, 299.9057, 0, 0, 0
L 4308.6635, 3492.1597, 299.9057, 4294.3481, 3504.9938, 299.7653, 0, 0, 0
L 4294.3481, 3504.9938, 299.7653, 4280.8198, 3513.2609, 300.3158, 0, 0, 0
L 4280.8198, 3513.2609, 300.3158, 4271.5507, 3528.1354, 299.5298, 0, 0, 0
L 4271.5507, 3528.1354, 299.5298, 4260.2798, 3540.1698, 299.4886, 0, 0, 0
L 4260.2798, 3540.1698, 299.4886, 4245.6854, 3552.226, 299.5414, 0, 0, 0
L 4245.6854, 3552.226, 299.5414, 4216.5913, 3600.947, 299.9737, 0, 0, 0
L 4216.5913, 3600.947, 299.9737, 4197.2147, 3620.2644, 299.6474, 0, 0, 0
L 4197.2147, 3620.2644, 299.6474, 4176.1288, 3636.3242, 299.8165, 0, 0, 0
L 4176.1288, 3636.3242, 299.8165, 4132.9458, 3653.547, 299.9968, 0, 0, 0
L 4132.9458, 3653.547, 299.9968, 4110.1431, 3666.2638, 299.5162, 0, 0, 0
L 4110.1431, 3666.2638, 299.5162, 4102.9594, 3669.684, 299.7665, 0, 0, 0
L 4102.9594, 3669.684, 299.7665, 4076.2415, 3695.3989, 299.7468, 0, 0, 0
L 4076.2415, 3695.3989, 299.7468, 4032.5805, 3772.3461, 299.9701, 0, 0, 0
L 4032.5805, 3772.3461, 299.9701, 4019.6979, 3792.458, 299.685, 0, 0, 0
L 4019.6979, 3792.458, 299.685, 4007.5619, 3806.822, 299.8075, 0, 0, 0
L 4007.5619, 3806.822, 299.8075, 4003.8346, 3811.7759, 299.6834, 0, 0, 0
L 4003.8346, 3811.7759, 299.6834, 3994.1248, 3816.5309, 299.6557, 0, 0, 0
L 3994.1248, 3816.5309, 299.6557, 3969.1039, 3824.3859, 299.7423, 0, 0, 0
L 3969.1039, 3824.3859, 299.7423, 3949.7465, 3826.6594, 299.4384, 0, 0, 0
L 3949.7465, 3826.6594, 299.4384, 3935.8422, 3826.4546, 299.569, 0, 0, 0
L 3935.8422, 3826.4546, 299.569, 3916.7892, 3821.4971, 300.5049, 0, 0, 0
L 3916.7892, 3821.4971, 300.5049, 3887.9335, 3834.7219, 299.6981, 0, 0, 0
L 3887.9335, 3834.7219, 299.6981, 3879.1768, 3831.6464, 299.9624, 0, 0, 0
L 3879.1768, 3831.6464, 299.9624, 3851.1577, 3840.1709, 299.9057, 0, 0, 0
L 3851.1577, 3840.1709, 299.9057, 3815.8249, 3864.188, 299.9051, 0, 0, 0
L 3815.8249, 3864.188, 299.9051, 3808.2125, 3887.6044, 299.9175, 0, 0, 0
L 3808.2125, 3887.6044, 299.898, 3846.8674, 3963.2703, 299.9028, 0, 0, 0
L 3846.8674, 3963.2703, 299.9125, 3888.4475, 3943.2548, 300.1822, 0, 0, 0
L 3888.4475, 3943.2548, 300.1822, 3891.2644, 3939.3279, 299.6209, 0, 0, 0
L 3891.2644, 3939.3279, 299.6209, 3912.4387, 3939.3207, 299.8025, 0, 0, 0
L 3912.4387, 3939.3207, 299.8025, 3928.824, 3935.5688, 299.9945, 0, 0, 0
L 3928.824, 3935.5688, 299.9945, 3930.8771, 3931.2429, 299.7909, 0, 0, 0
L 3930.8771, 3931.2429, 299.7909, 3935.7082, 3928.9443, 299.8233, 0, 0, 0
L 3935.7082, 3928.9443, 299.8233, 3958.5156, 3910.3179, 299.6859, 0, 0, 0
L 3958.5156, 3910.3179, 299.6859, 3993.5149, 3906.2505, 299.1388, 0, 0, 0
L 3993.5149, 3906.2505, 299.1388, 4011.5529, 3906.9407, 299.8219, 0, 0, 0
L 4011.5529, 3906.9407, 299.8219, 4090.5666, 3899.2361, 299.9227, 0, 0, 0
L 4090.5666, 3899.2361, 299.9227, 4128.1558, 3889.4672, 299.704, 0, 0, 0
L 4128.1558, 3889.4672, 299.704, 4151.3701, 3879.6909, 299.5624, 0, 0, 0
L 4151.3701, 3879.6909, 299.5624, 4193.2671, 3872.1631, 300.3763, 0, 0, 0
L 4193.2671, 3872.1631, 300.3763, 4224.1709, 3860.1226, 299.923, 0, 0, 0
L 4224.1709, 3860.1226, 299.923, 4239.9683, 3857.1401, 300.1403, 0, 0, 0
L 4239.9683, 3857.1401, 300.1403, 4247.7309, 3850.1143, 299.7667, 0, 0, 0
L 4247.7309, 3850.1143, 299.7667, 4269.8828, 3839.9843, 299.5679, 0, 0, 0
L 4269.8828, 3839.9843, 299.5679, 4273.8086, 3839.2087, 299.5871, 0, 0, 0
L 4273.8086, 3839.2087, 299.5871, 4295.3154, 3840.7563, 299.7278, 0, 0, 0
L 4295.3154, 3840.7563, 299.7719, 4319.7012, 3851.7519, 299.9649, 0, 0, 0
L 4319.7012, 3851.7519, 299.9649, 4341.4741, 3866.8683, 299.3949, 0, 0, 0
L 4341.4741, 3866.8683, 299.3949, 4362.3086, 3893.626, 299.3921, 0, 0, 0
L 4362.3086, 3893.626, 299.3921, 4368.228, 3905.9587, 299.9103, 0, 0, 0
L 4368.228, 3905.9587, 299.9103, 4385.725, 3918.9789, 299.5271, 0, 0, 0
L 4385.725, 3918.9789, 299.5271, 4392.8076, 3933.6896, 299.8998, 0, 0, 0
L 4392.8076, 3933.6896, 299.8998, 4406.8086, 3945.1311, 299.6548, 0, 0, 0
L 4406.8086, 3945.1311, 299.6548, 4414.2578, 3960.1831, 299.7547, 0, 0, 0
L 4414.2578, 3960.1831, 299.7547, 4417.314, 3986.1896, 299.7615, 0, 0, 0
L 4417.314, 3986.1896, 299.7615, 4413.1063, 4030.675, 300.1046, 0, 0, 0
L 4413.1063, 4030.675, 300.1046, 4414.3975, 4081.4387, 299.6304, 0, 0, 0
L 4414.3975, 4081.4387, 299.6304, 4408.5132, 4136.7152, 299.6399, 0, 0, 0
L 4408.5132, 4136.7152, 299.6399, 4409.2929, 4151.6791, 299.7986, 0, 0, 0
L 4409.2929, 4151.6791, 299.7986, 4406.7938, 4165.6992, 299.9033, 0, 0, 0
L 4406.7938, 4165.6992, 299.9033, 4404.2114, 4176.6815, 299.7173, 0, 0, 0
L 4404.2114, 4176.6815, 299.7173, 4392.6728, 4200.5298, 300.4048, 0, 0, 0
L 4392.6728, 4200.5298, 300.4048, 4365.4497, 4222.3013, 299.9993, 0, 0, 0
L 4365.4497, 4222.3013, 299.9993, 4343.6581, 4248.3379, 299.7067, 0, 0, 0
L 4343.6581, 4248.3379, 299.7067, 4294.4345, 4281.9619, 299.1308, 0, 0, 0
L 4294.4345, 4281.9619, 299.1308, 4284.9961, 4285.3521, 299.5763, 0, 0, 0
L 4284.9961, 4285.3521, 299.5763, 4271.3823, 4289.6655, 299.8097, 0, 0, 0
L 4271.3823, 4289.6655, 299.8097, 4249.6684, 4291.976, 300.3016, 0, 0, 0
L 4249.6684, 4291.976, 300.3016, 4235.5937, 4296.7094, 299.8647, 0, 0, 0
L 4235.5937, 4296.7094, 299.8647, 4222.9546, 4304.5268, 299.8813, 0, 0, 0
L 4222.9546, 4304.5268, 299.8813, 4211.3154, 4308.3334, 299.8801, 0, 0, 0
L 4211.3154, 4308.3334, 299.8801, 4178.5097, 4324.8617, 299.7235, 0, 0, 0
L 4178.5097, 4324.8617, 299.7235, 4123.835, 4361.7686, 299.6478, 0, 0, 0
L 4123.835, 4361.7686, 299.6478, 4092.8562, 4380.8413, 299.5015, 0, 0, 0
L 4092.8562, 4380.8413, 299.5015, 4058.3434, 4393.5591, 299.8496, 0, 0, 0
L 4058.3434, 4393.5591, 299.8496, 4019.9097, 4404.3765, 299.723, 0, 0, 0
L 4019.9097, 4404.3765, 299.723, 3979.4666, 4412.5429, 300.4769, 0, 0, 0
L 3979.4666, 4412.5429, 300.4769, 3934.855, 4428.6035, 299.9431, 0, 0, 0
L 3934.855, 4428.6035, 299.9431, 3888.6956, 4450.5766, 299.8328, 0, 0, 0
L 3888.6956, 4450.5766, 299.8328, 3840.282, 4459.3603, 299.9771, 0, 0, 0
L 3840.282, 4459.3603, 299.9771, 3816.5288, 4458.832, 299.8494, 0, 0, 0
L 3816.5288, 4458.832, 299.8494, 3792.918, 4455.141, 299.9005, 0, 0, 0
L 3792.918, 4455.141, 299.9005, 3787.8948, 4459.4359, 299.6046, 0, 0, 0
L 3787.8948, 4459.4359, 299.6046, 3768.8777, 4471.4565, 299.6104, 0, 0, 0
L 3768.8777, 4471.4565, 299.6104, 3756.4652, 4476.3212, 300.2669, 0, 0, 0
L 3756.4652, 4476.3212, 300.2669, 3746.6442, 4487.9916, 299.9315, 0, 0, 0
L 3746.6442, 4487.9916, 299.9315, 3743.4819, 4501.7163, 299.8115, 0, 0, 0
L 3743.4819, 4501.7163, 299.8115, 3740.5542, 4509.752, 299.713, 0, 0, 0
L 3740.5542, 4509.752, 299.713, 3733.5178, 4512.2265, 299.629, 0, 0, 0
L 3733.5178, 4512.2265, 299.629, 3737.4457, 4518.7299, 299.7182, 0, 0, 0
L 3737.4457, 4518.7299, 299.7182, 3743.1736, 4518.9486, 299.9026, 0, 0, 0
L 3743.1736, 4518.9486, 299.9026, 3768.8989, 4533.8481, 299.9098, 0, 0, 0
L 3768.8989, 4533.8481, 299.9098, 3784.385, 4559.703, 299.8077, 0, 0, 0
L 3784.385, 4559.703, 299.8077, 3784.9807, 4565.4853, 299.7968, 0, 0, 0
L 3784.9807, 4565.4853, 299.7968, 3778.5136, 4582.7129, 300.1116, 0, 0, 0
L 3778.5136, 4582.7129, 300.1116, 3785.5419, 4600.3208, 299.6224, 0, 0, 0
L 3785.5419, 4600.3208, 299.6224, 3784.73, 4615.7178, 299.8754, 0, 0, 0
L 3784.73, 4615.7178, 299.8754, 3801.3496, 4646.314, 299.7423, 0, 0, 0
L 3801.3496, 4646.314, 299.7423, 3804.3937, 4654.7725, 299.7964, 0, 0, 0
L 3804.3937, 4654.7725, 299.7964, 3803.416, 4704.8481, 299.8716, 0, 0, 0
L 3803.416, 4704.8481, 299.8716, 3805.3645, 4716.7875, 299.5346, 0, 0, 0
L 3805.3645, 4716.7875, 299.5346, 3809.893, 4742.4228, 299.5622, 0, 0, 0
L 3809.893, 4742.4228, 299.5622, 3813.4079, 4775.2222, 299.8106, 0, 0, 0
L 3813.4079, 4775.2222, 299.8106, 3809.708, 4800.1372, 299.834, 0, 0, 0
L 3809.708, 4800.1372, 299.834, 3815.8162, 4805.9438, 299.788, 0, 0, 0
L 3815.8162, 4805.9438, 299.788, 3828.3375, 4811.7587, 299.7407, 0, 0, 0
L 3828.3375, 4811.7587, 299.7407, 3833.9971, 4842.1972, 299.8817, 0, 0, 0
L 3833.9971, 4842.1972, 299.8817, 3834.1518, 4853.6611, 299.8394, 0, 0, 0
L 3834.1518, 4853.6611, 299.8394, 3838.9373, 4854.5703, 300.3639, 0, 0, 0
L 3838.9373, 4854.5703, 300.3639, 3853.559, 4871.8671, 299.899, 0, 0, 0
L 3853.559, 4871.8671, 299.899, 3854.6714, 4895.7178, 299.773, 0, 0, 0
L 3854.6714, 4895.7178, 299.773, 3851.4877, 4907.2744, 299.7839, 0, 0, 0
L 3851.4877, 4907.2744, 299.7839, 3852.9785, 4930.4745, 299.9048, 0, 0, 0
L 3852.9785, 4930.4745, 299.9048, 3848.9468, 4945.5132, 299.9802, 0, 0, 0
L 3848.9468, 4945.5132, 299.9802, 3864.1359, 4979.2079, 299.7837, 0, 0, 0
L 3864.1359, 4979.2079, 299.7837, 3867.8771, 4990.225, 300.1798, 0, 0, 0
L 3867.8771, 4990.225, 300.1798, 3872.8629, 5025.3212, 300.3152, 0, 0, 0
L 3872.8629, 5025.3212, 300.3152, 3871.5779, 5039.2826, 299.9535, 0, 0, 0
L 3871.5779, 5039.2826, 299.9535, 3864.2046, 5065.1274, 299.982, 0, 0, 0
L 3864.2046, 5065.1274, 299.982, 3846.1377, 5094.3315, 300.4605, 0, 0, 0
L 3846.1377, 5094.3315, 300.4605, 3817.8742, 5115.1469, 299.6875, 0, 0, 0
L 3817.8742, 5115.1469, 299.6875, 3787.1394, 5129.1811, 299.9458, 0, 0, 0
L 3787.1394, 5129.1811, 299.9458, 3767.8301, 5134.7617, 299.6089, 0, 0, 0
L 3767.8301, 5134.7617, 299.6089, 3753.5239, 5143.4354, 299.8849, 0, 0, 0
L 3753.5239, 5143.4354, 299.8849, 3725.9546, 5151.9146, 300.4954, 0, 0, 0
L 3725.9546, 5151.9146, 300.4954, 3707.2285, 5161.1576, 300.509, 0, 0, 0
L 3707.2285, 5161.1576, 300.509, 3688.9306, 5176.2236, 300.471, 0, 0, 0
L 3688.9306, 5176.2236, 300.471, 3672.2348, 5185.8905, 299.5688, 0, 0, 0
L 3672.2348, 5185.8905, 299.5688, 3664.1772, 5199.1972, 301.1342, 0, 0, 0
L 3664.1772, 5199.1972, 301.1342, 3642.126, 5208.4989, 299.8401, 0, 0, 0
L 3642.126, 5208.4989, 299.8401, 3606.552, 5231.8437, 299.862, 0, 0, 0
L 3606.552, 5231.8437, 299.862, 3603.7802, 5236.6484, 299.4834, 0, 0, 0
L 3603.7802, 5236.6484, 299.4834, 3600.5336, 5253.6361, 299.874, 0, 0, 0
L 3600.5336, 5253.6361, 299.874, 3598.3054, 5256.5474, 299.5178, 0, 0, 0
L 3598.3054, 5256.5474, 299.5178, 3581.4189, 5260.4228, 300.1052, 0, 0, 0
L 3581.4189, 5260.4228, 300.1052, 3576.1912, 5268.5336, 299.9666, 0, 0, 0
L 3576.1912, 5268.5336, 299.9666, 3559.8998, 5273.3262, 299.6517, 0, 0, 0
L 3559.8998, 5273.3262, 299.6517, 3546.2312, 5273.6431, 299.9307, 0, 0, 0
L 3546.2312, 5273.6431, 299.9307, 3524.407, 5258.9287, 300.5948, 0, 0, 0
L 3524.407, 5258.9287, 300.5948, 3482.2793, 5258.4897, 299.7832, 0, 0, 0
L 3482.2793, 5258.4897, 299.7832, 3471.2402, 5255.6772, 299.9245, 0, 0, 0
L 3471.2402, 5255.6772, 299.9245, 3456.5019, 5241.3594, 300.1129, 0, 0, 0
L 3456.5019, 5241.3594, 300.1129, 3449.8683, 5239.6777, 299.608, 0, 0, 0
L 3449.8683, 5239.6777, 299.608, 3433.8119, 5239.2211, 299.4671, 0, 0, 0
L 3433.8119, 5239.2211, 299.4671, 3412.6615, 5236.3163, 299.7633, 0, 0, 0
L 3412.6615, 5236.3163, 299.7633, 3407.6408, 5233.9512, 299.8505, 0, 0, 0
L 3407.6408, 5233.9512, 299.8505, 3397.73, 5232.752, 300.6899, 0, 0, 0
L 3397.73, 5232.752, 300.6899, 3383.9711, 5222.7079, 299.7513, 0, 0, 0
L 3383.9711, 5222.7079, 299.7513, 3378.3604, 5213.3652, 300.5178, 0, 0, 0
L 3378.3604, 5213.3652, 300.5178, 3369.8013, 5208.2183, 299.8888, 0, 0, 0
L 3369.8013, 5208.2183, 299.8888, 3360.1948, 5199.2489, 299.7346, 0, 0, 0
L 3360.1948, 5199.2489, 299.7346, 3330.5832, 5206.6499, 299.7595, 0, 0, 0
L 3330.5832, 5206.6499, 299.7595, 3292.8523, 5212.3472, 300.1104, 0, 0, 0
L 3292.8523, 5212.3472, 300.1104, 3287.1752, 5232.2709, 299.5726, 0, 0, 0
L 3287.1752, 5232.2709, 299.5726, 3268.9214, 5235.4673, 300.3482, 0, 0, 0
L 3268.9214, 5235.4673, 300.3482, 3263.8296, 5253.1562, 299.7533, 0, 0, 0
L 3263.8296, 5253.1562, 299.7533, 3259.1174, 5255.8804, 299.8629, 0, 0, 0
L 3259.1174, 5255.8804, 299.8629, 3193.135, 5256.6078, 299.9947, 0, 0, 0
L 3193.135, 5256.6078, 299.9947, 3148.9679, 5260.3359, 299.812, 0, 0, 0
L 3148.9679, 5260.3359, 299.812, 3132.2782, 5268.8818, 299.742, 0, 0, 0
L 3132.2782, 5268.8818, 299.742, 3122.1631, 5271.7788, 299.8063, 0, 0, 0
L 3122.1631, 5271.7788, 299.8063, 3110.4596, 5271.4961, 299.9089, 0, 0, 0
L 3110.4596, 5271.4961, 299.9089, 3071.5151, 5279.1796, 299.882, 0, 0, 0
L 3071.5151, 5279.1796, 299.882, 3022.6352, 5280.8037, 299.7878, 0, 0, 0
L 3022.6352, 5280.8037, 299.7878, 2955.2206, 5260.8271, 299.8147, 0, 0, 0
L 2955.2206, 5260.8271, 299.7667, 2927.4412, 5247.7382, 299.8038, 0, 0, 0
L 2927.4412, 5247.7382, 299.8038, 2891.9346, 5220.7445, 299.886, 0, 0, 0
L 2891.9346, 5220.7445, 299.886, 2880.2896, 5206.292, 299.8706, 0, 0, 0
L 2880.2896, 5206.292, 299.8706, 2872.2698, 5192.2622, 299.8414, 0, 0, 0
L 2872.2698, 5192.2622, 299.8414, 2866.2321, 5171.5448, 299.8727, 0, 0, 0
L 2866.2321, 5171.5448, 299.8727, 2858.8488, 5158.8095, 299.8457, 0, 0, 0
L 2858.8488, 5158.8095, 299.8457, 2856.6885, 5136.4936, 300.24, 0, 0, 0
L 2856.6885, 5136.4936, 300.24, 2851.8101, 5118.2798, 299.7905, 0, 0, 0
L 2851.8101, 5118.2798, 299.7905, 2852.5261, 5110.3451, 299.9313, 0, 0, 0
L 2852.5261, 5110.3451, 299.9313, 2849.375, 5089.1171, 299.6619, 0, 0, 0
L 2849.375, 5089.1171, 299.6619, 2845.4099, 5075.8896, 299.6865, 0, 0, 0
L 2845.4099, 5075.8896, 299.6865, 2845.8948, 5056.2157, 300.391, 0, 0, 0
L 2845.8948, 5056.2157, 300.391, 2842.5, 5033.2943, 299.5371, 0, 0, 0
L 2842.5, 5033.2943, 299.5371, 2841.7582, 5003.494, 300.1707, 0, 0, 0
L 2841.7582, 5003.494, 300.1707, 2843.4751, 4982.6606, 300.6299, 0, 0, 0
L 2843.4751, 4982.6606, 300.6299, 2840.1599, 4943.1562, 299.8946, 0, 0, 0
L 2840.1599, 4943.1562, 299.8946, 2840.9722, 4901.728, 300.4254, 0, 0, 0
L 2840.9722, 4901.728, 300.4254, 2842.8467, 4886.2393, 300.5769, 0, 0, 0
L 2842.8467, 4886.2393, 300.5769, 2844.8975, 4862.228, 299.6159, 0, 0, 0
L 2844.8975, 4862.228, 299.6159, 2856.1729, 4823.4594, 299.3976, 0, 0, 0
L 2856.1729, 4823.4594, 299.3976, 2880.259, 4753.5298, 300.6247, 0, 0, 0
L 2880.259, 4753.5298, 300.6247, 2883.3312, 4730.7339, 299.9051, 0, 0, 0
L 2883.3312, 4730.7339, 299.9051, 2885.3004, 4698.3065, 299.7121, 0, 0, 0
L 2885.3004, 4698.3065, 299.7121, 2883.4661, 4650.5385, 299.5722, 0, 0, 0
L 2883.4661, 4650.5385, 299.5722, 2880.1729, 4632.1693, 300.776, 0, 0, 0
L 2880.1729, 4632.1693, 300.776, 2886.5875, 4585.4453, 299.8539, 0, 0, 0
L 2886.5875, 4585.4453, 299.8539, 2893.5635, 4573.7217, 299.6594, 0, 0, 0
L 2893.5635, 4573.7217, 299.6594, 2898.135, 4561.2974, 299.7984, 0, 0, 0
L 2898.135, 4561.2974, 299.7984, 2909.8368, 4544.7798, 300.1179, 0, 0, 0
L 2909.8368, 4544.7798, 300.1179, 2943.3085, 4480.1625, 300.1576, 0, 0, 0
L 2943.3085, 4480.1625, 300.1576, 2963.302, 4419.813, 299.769, 0, 0, 0
L 2963.302, 4419.813, 299.769, 2968.3962, 4408.2847, 300.9913, 0, 0, 0
L 2968.3962, 4408.2847, 300.9913, 2970.985, 4394.46, 300.12, 0, 0, 0
L 2970.985, 4394.46, 300.12, 2970.1188, 4368.954, 298.9048, 0, 0, 0
L 2970.1188, 4368.954, 298.9048, 2976.4409, 4328.5937, 299.7547, 0, 0, 0
L 3011.8164, 4176.8671, 300.2293, 3009.775, 4189.8329, 300.3294, 0, 0, 0
L 3009.775, 4189.8329, 300.3294, 2994.3656, 4243.5469, 299.5162, 0, 0, 0
L 2994.3656, 4243.5469, 299.5162, 2976.4409, 4328.5937, 300.2092, 0, 0, 0
L 3011.8164, 4176.8671, 300.1224, 3006.4729, 4153.6796, 299.7008, 0, 0, 0
L 3006.4729, 4153.6796, 299.7008, 3003.7134, 4148.5448, 299.7807, 0, 0, 0
L 3003.7134, 4148.5448, 299.7807, 2953.7305, 4111.2388, 300.1687, 0, 0, 0
L 2953.7305, 4111.2388, 300.1687, 2927.9229, 4103.9125, 299.8668, 0, 0, 0
L 2927.9229, 4103.9125, 299.8668, 2880.2874, 4103.8208, 299.6582, 0, 0, 0
L 2880.2874, 4103.8208, 299.6582, 2861.5248, 4109.2573, 299.8312, 0, 0, 0
L 2861.5248, 4109.2573, 299.8312, 2849.177, 4110.2798, 299.7309, 0, 0, 0
L 2849.177, 4110.2798, 299.7309, 2839.1215, 4104.7992, 299.512, 0, 0, 0
L 2839.1176, 4104.7856, 299.5258, 2832.7665, 4097.6801, 300.581, 0, 0, 0
L 2556.4719, 3876.1023, 378.8355, 2544.6979, 3876.1156, 378.8373, 64, 64, 64
L 2544.6979, 3876.1156, 379.3084, 2544.6979, 3887.4128, 381.1899, 64, 64, 64
L 2544.6979, 3887.4128, 380.6037, 2556.4933, 3887.4108, 379.5627, 64, 64, 64
L 2556.4933, 3887.4108, 378.6329, 2556.4719, 3876.1023, 378.6413, 64, 64, 64
L 2546.8002, 3853.6752, 375.8598, 2546.8085, 3858.8935, 375.8598, 64, 64, 64
L 2546.8002, 3853.6752, 375.8598, 2549.9819, 3853.6813, 375.8598, 64, 64, 64
L 2549.9819, 3853.6813, 375.8598, 2550.1979, 3851.101, 375.8598, 64, 64, 64
L 2550.1979, 3851.101, 375.8598, 2554.601, 3851.9108, 375.8598, 64, 64, 64
L 2554.601, 3851.9108, 375.8598, 2554.6006, 3858.891, 375.8598, 64, 64, 64
L 2554.6006, 3858.891, 375.86, 2546.8085, 3858.8935, 375.86, 64, 64, 64
L 2526.405, 3858.8996, 375.86, 2534.1979, 3858.885, 375.86, 64, 64, 64
L 2534.1979, 3858.885, 375.8598, 2534.2062, 3853.6747, 375.8598, 64, 64, 64
L 2534.2062, 3853.6747, 375.8598, 2530.9827, 3853.679, 375.8598, 64, 64, 64
L 2530.9827, 3853.679, 375.8598, 2531.1001, 3851.1017, 375.8598, 64, 64, 64
L 2531.1001, 3851.1017, 375.8596, 2526.4077, 3851.9625, 375.8598, 64, 64, 64
L 2526.4077, 3851.9625, 375.8598, 2526.405, 3858.8996, 375.8598, 64, 64, 64
L 2526.4191, 3838.4911, 375.8598, 2530.9877, 3838.4933, 375.86, 64, 64, 64
L 2530.9877, 3838.4933, 375.8598, 2530.989, 3836.8168, 375.8598, 64, 64, 64
L 2530.989, 3836.8168, 375.8598, 2534.2011, 3836.8679, 375.8598, 64, 64, 64
L 2534.2011, 3836.8679, 375.8598, 2534.2002, 3830.6984, 375.8598, 64, 64, 64
L 2534.2002, 3830.6984, 375.86, 2526.385, 3830.6984, 375.8598, 64, 64, 64
L 2526.385, 3830.6984, 375.8598, 2526.4191, 3838.4911, 375.8598, 64, 64, 64
L 2546.8112, 3836.835, 375.8598, 2550.1541, 3836.8368, 375.8598, 64, 64, 64
L 2550.1489, 3838.4904, 375.8598, 2554.603, 3838.4906, 375.8598, 64, 64, 64
L 2554.603, 3838.4906, 375.8598, 2554.5947, 3830.6975, 375.8598, 64, 64, 64
L 2554.5947, 3830.6975, 375.86, 2546.8058, 3830.6975, 375.8598, 64, 64, 64
L 2546.8058, 3830.6975, 375.8598, 2546.8112, 3836.835, 375.8598, 64, 64, 64
L 2550.1489, 3838.4904, 375.8598, 2550.1541, 3836.8368, 375.8598, 64, 64, 64
L 2652.2067, 3768.7363, 340.7072, 2652.2078, 3776.5351, 340.5036, 64, 64, 64
L 2660.1675, 3776.5707, 339.1854, 2660.2011, 3768.7541, 339.3682, 64, 64, 64
L 2660.2011, 3768.7541, 339.6096, 2652.2067, 3768.7363, 341.278, 64, 64, 64
L 2652.2078, 3776.5351, 339.9646, 2660.1675, 3776.5707, 338.961, 64, 64, 64
L 2636.2321, 3829.7485, 348.6757, 2646.8085, 3829.7566, 348.5214, 64, 64, 64
L 2636.2321, 3829.7485, 348.9572, 2636.1956, 3840.3742, 349.6028, 64, 64, 64
L 2636.1956, 3840.3742, 348.7028, 2646.8085, 3840.1367, 348.5235, 64, 64, 64
L 2646.8085, 3840.1367, 347.9913, 2646.8085, 3829.7566, 348.1277, 64, 64, 64
L 2675.8083, 3892.6943, 350.591, 2668.6408, 3893.2991, 350.4789, 64, 64, 64
L 2668.6408, 3893.2991, 347.3349, 2669.4414, 3899.5403, 345.3616, 64, 64, 64
L 2669.4414, 3899.5403, 343.4254, 2676.3393, 3898.7582, 342.9467, 64, 64, 64
L 2676.3393, 3898.7582, 344.2022, 2675.8083, 3892.6943, 345.7533, 64, 64, 64
L 2868.9648, 3877.9744, 385.994, 2867.3146, 3886.2725, 385.994, 0, 0, 0
L 2866.6113, 3886.1851, 385.994, 2871.5603, 3887.2161, 387.3781, 0, 0, 0
L 2871.1084, 3887.1221, 387.3781, 2872.7903, 3880.9719, 387.3781, 0, 0, 0
L 2872.7903, 3880.9719, 387.3781, 2884.7328, 3865.4589, 387.3781, 0, 0, 0
L 2884.7328, 3865.4589, 387.3781, 2891.4218, 3862.2777, 387.3781, 0, 0, 0
L 2891.6377, 3862.7348, 387.3781, 2889.4789, 3858.1675, 385.994, 0, 0, 0
L 2889.6435, 3858.5156, 385.994, 2882.1858, 3862.9699, 385.994, 0, 0, 0
L 2882.1858, 3862.9699, 385.9938, 2868.9648, 3877.9744, 385.994, 0, 0, 0
L 2889.4789, 3858.1675, 385.9941, 2891.3004, 3856.7883, 385.9943, 0, 0, 0
L 2891.3004, 3856.7883, 385.9943, 2893.3843, 3856.3449, 385.9941, 0, 0, 0
L 2893.3843, 3856.3449, 387.3781, 2895.5286, 3860.9131, 387.3781, 0, 0, 0
L 2895.5286, 3860.9131, 387.3781, 2891.6377, 3862.7348, 387.3781, 0, 0, 0
L 2871.5603, 3887.2161, 387.3781, 2870.5329, 3891.5243, 387.3781, 0, 0, 0
L 2865.5994, 3890.3535, 387.3781, 2870.5329, 3891.5243, 387.3781, 0, 0, 0
L 2866.6113, 3886.1851, 385.9941, 2865.6853, 3888.1015, 385.9943, 0, 0, 0
L 2865.6853, 3888.1015, 385.9943, 2865.5994, 3890.3535, 385.9941, 0, 0, 0
L 2945.9938, 3868.9546, 387.3781, 2942.7698, 3872.1062, 387.3781, 0, 0, 0
L 2942.7698, 3872.1062, 387.3781, 2944.6648, 3875.4843, 387.3781, 0, 0, 0
L 2944.6648, 3875.4843, 387.3781, 2948.6525, 3872.3715, 385.994, 0, 0, 0
L 2948.3809, 3872.5839, 385.994, 2953.4209, 3878.9052, 385.994, 0, 0, 0
L 2953.4209, 3878.9052, 385.9938, 2955.2219, 3887.1923, 385.9938, 0, 0, 0
L 2955.6532, 3887.967, 385.9941, 2956.5581, 3889.8139, 385.9945, 0, 0, 0
L 2956.5581, 3889.8139, 385.9945, 2956.5875, 3891.2892, 385.9943, 0, 0, 0
L 2951.6359, 3892.384, 387.3781, 2956.5875, 3891.2892, 387.3781, 0, 0, 0
L 2950.7233, 3888.1916, 387.3781, 2951.6359, 3892.384, 387.3781, 0, 0, 0
L 2950.7233, 3888.1916, 387.3781, 2955.6532, 3887.967, 385.9938, 0, 0, 0
L 2951.1498, 3888.5291, 387.3781, 2949.594, 3880.9297, 387.3781, 0, 0, 0
L 2949.594, 3880.9297, 387.3781, 2945.1008, 3875.1448, 387.3781, 0, 0, 0
L 2948.6525, 3872.3715, 385.9943, 2947.7179, 3870.4904, 385.9943, 0, 0, 0
L 2947.7179, 3870.4904, 385.9943, 2945.9938, 3868.9546, 385.9941, 0, 0, 0
L 2932.5873, 3939.9634, 387.3781, 2930.4504, 3935.3762, 387.3781, 0, 0, 0
L 2930.4504, 3935.3762, 387.3781, 2926.3832, 3937.2883, 387.3781, 0, 0, 0
L 2926.3832, 3937.2883, 387.3781, 2928.7256, 3941.7775, 385.9938, 0, 0, 0
L 2928.7256, 3941.7775, 385.9941, 2930.8229, 3941.2869, 385.9943, 0, 0, 0
L 2930.8229, 3941.2869, 385.9943, 2932.5873, 3939.9634, 385.9943, 0, 0, 0
L 2928.4773, 3941.3015, 385.9938, 2921.1532, 3944.8207, 385.994, 0, 0, 0
L 2921.1532, 3944.8207, 385.994, 2900.2141, 3944.6711, 385.9938, 0, 0, 0
L 2900.2141, 3944.6711, 385.994, 2892.7521, 3940.9821, 385.9938, 0, 0, 0
L 2894.75, 3936.871, 387.3781, 2892.5419, 3941.4131, 385.994, 0, 0, 0
L 2892.5419, 3941.4131, 385.9943, 2890.4711, 3940.8865, 385.9943, 0, 0, 0
L 2890.4711, 3940.8865, 385.9943, 2888.6799, 3939.5149, 385.9941, 0, 0, 0
L 2888.6799, 3939.5149, 387.3781, 2890.925, 3934.9816, 387.3781, 0, 0, 0
L 2890.925, 3934.9816, 387.3781, 2894.75, 3936.871, 387.3781, 0, 0, 0
L 2894.6489, 3937.277, 387.3781, 2901.1386, 3940.4492, 387.3781, 0, 0, 0
L 2919.9978, 3940.6574, 387.3781, 2926.6646, 3937.5549, 387.3781, 0, 0, 0
L 2919.9978, 3940.6574, 387.3781, 2901.1386, 3940.4492, 387.3779, 0, 0, 0
L 2928.445, 3920.5419, 387.3781, 2916.7748, 3926.34, 387.3781, 64, 64, 64
L 2916.7748, 3926.34, 387.3781, 2904.6365, 3925.8362, 387.3781, 64, 64, 64
L 2904.6365, 3925.8362, 387.3781, 2893.1129, 3920.172, 387.3781, 64, 64, 64
L 2893.1129, 3920.172, 387.3781, 2895.1912, 3917.5929, 387.3781, 64, 64, 64
L 2895.1912, 3917.5929, 387.3783, 2905.4272, 3922.6095, 387.3781, 64, 64, 64
L 2905.4272, 3922.6095, 387.3781, 2916.1714, 3922.71, 387.3781, 64, 64, 64
L 2916.1714, 3922.71, 387.3781, 2926.3926, 3917.9194, 387.3781, 64, 64, 64
L 2926.3926, 3917.9194, 387.3781, 2928.445, 3920.5419, 387.3781, 64, 64, 64
L 2935.382, 3899.75, 387.3781, 2938.7053, 3899.7896, 387.3781, 64, 64, 64
L 2938.7053, 3899.7896, 387.3781, 2935.9229, 3886.9987, 387.3781, 64, 64, 64
L 2935.9229, 3886.9987, 387.3781, 2928.1118, 3877.2197, 387.3781, 64, 64, 64
L 2928.1118, 3877.2197, 387.3781, 2925.9848, 3879.7426, 387.3781, 64, 64, 64
L 2925.9848, 3879.7426, 387.3781, 2932.9589, 3888.6691, 387.3781, 64, 64, 64
L 2932.9589, 3888.6691, 387.3781, 2935.382, 3899.75, 387.3781, 64, 64, 64
L 2906.3081, 3875.605, 387.3781, 2905.5929, 3871.7851, 387.3781, 64, 64, 64
L 2905.5929, 3871.7851, 387.3781, 2893.8859, 3877.4079, 387.3781, 64, 64, 64
L 2893.8859, 3877.4079, 387.3781, 2886.2487, 3886.7856, 387.3781, 64, 64, 64
L 2886.2487, 3886.7856, 387.3781, 2883.2575, 3899.2019, 387.3781, 64, 64, 64
L 2883.2575, 3899.2019, 387.3781, 2886.6138, 3899.2393, 387.3781, 64, 64, 64
L 2886.6138, 3899.2393, 387.3781, 2889.2406, 3888.2361, 387.3783, 64, 64, 64
L 2889.2406, 3888.2361, 387.3783, 2896.679, 3879.8604, 387.3792, 64, 64, 64
L 2896.679, 3879.8604, 387.3792, 2906.3081, 3875.605, 387.3781, 64, 64, 64
L 2893.539, 3856.672, 385.9941, 2901.32, 3853.1725, 385.9941, 127, 127, 127
L 2901.32, 3853.1725, 385.9941, 2922.5398, 3853.4573, 385.9941, 127, 127, 127
L 2922.5398, 3853.4573, 385.9941, 2940.6801, 3862.6707, 385.9941, 127, 127, 127
L 2940.6801, 3862.6707, 385.9941, 2945.7184, 3869.1729, 385.9941, 127, 127, 127
L 2956.1338, 3891.3899, 385.994, 2957.8647, 3899.6113, 385.9941, 127, 127, 127
L 2957.8647, 3899.6113, 385.9941, 2952.132, 3920.9027, 385.9941, 127, 127, 127
L 2952.132, 3920.9027, 385.9941, 2939.9668, 3935.8683, 385.9941, 127, 127, 127
L 2939.9668, 3935.8683, 385.9941, 2932.3661, 3939.4787, 385.9941, 127, 127, 127
L 2888.9839, 3938.9124, 385.994, 2881.4877, 3935.2892, 385.994, 127, 127, 127
L 2881.4877, 3935.2892, 385.994, 2868.4983, 3918.8582, 385.9941, 127, 127, 127
L 2868.4983, 3918.8582, 385.9941, 2864.1069, 3898.4902, 385.9941, 127, 127, 127
L 2864.1069, 3898.4902, 385.9941, 2866.3359, 3890.4517, 385.994, 127, 127, 127
L 2861.3865, 3898.4819, 384.6498, 2866.5295, 3877.3701, 384.6498, 127, 127, 127
L 2866.5295, 3877.3701, 384.6498, 2880.5644, 3859.8449, 384.6498, 127, 127, 127
L 2880.5644, 3859.8449, 384.6498, 2900.59, 3850.518, 384.6498, 127, 127, 127
L 2900.59, 3850.518, 384.6498, 2922.4308, 3850.6914, 384.6499, 127, 127, 127
L 2922.4308, 3850.6914, 384.6499, 2942.3267, 3860.5264, 384.6498, 127, 127, 127
L 2942.3267, 3860.5264, 384.6498, 2955.9452, 3877.9767, 384.6498, 127, 127, 127
L 2955.9452, 3877.9767, 384.6498, 2960.6367, 3899.3935, 384.6499, 127, 127, 127
L 2960.6367, 3899.3935, 384.6499, 2955.5144, 3920.8002, 384.6498, 127, 127, 127
L 2955.5144, 3920.8002, 384.6498, 2941.5756, 3938.8168, 384.6498, 127, 127, 127
L 2941.5756, 3938.8168, 384.6498, 2921.465, 3947.5102, 384.6498, 127, 127, 127
L 2921.465, 3947.5102, 384.6498, 2899.2997, 3947.2465, 384.6499, 127, 127, 127
L 2899.2997, 3947.2465, 384.6499, 2879.449, 3937.3279, 384.6499, 127, 127, 127
L 2879.449, 3937.3279, 384.6499, 2865.9706, 3919.9067, 384.6499, 127, 127, 127
L 2865.9706, 3919.9067, 384.6499, 2861.3865, 3898.4819, 384.6498, 127, 127, 127
L 2858.5117, 3898.5291, 383.2284, 2863.8373, 3876.632, 383.2284, 127, 127, 127
L 2863.8373, 3876.632, 383.2284, 2878.6359, 3857.6747, 383.2284, 127, 127, 127
L 2878.6359, 3857.6747, 383.2284, 2899.8737, 3847.6869, 383.2284, 127, 127, 127
L 2899.8737, 3847.6869, 383.2284, 2923.2166, 3847.934, 383.2284, 127, 127, 127
L 2923.2166, 3847.934, 383.2284, 2944.8391, 3858.2521, 383.2284, 127, 127, 127
L 2944.8391, 3858.2521, 383.2284, 2958.6073, 3877.1509, 383.2284, 127, 127, 127
L 2958.6073, 3877.1509, 383.2284, 2963.5304, 3899.6675, 383.2284, 127, 127, 127
L 2963.5304, 3899.6675, 383.2284, 2957.8654, 3922.5205, 383.2284, 127, 127, 127
L 2957.8654, 3922.5205, 383.2284, 2943.3831, 3940.3535, 383.2284, 127, 127, 127
L 2943.3831, 3940.3535, 383.2284, 2921.9733, 3950.3888, 383.2284, 127, 127, 127
L 2921.9733, 3950.3888, 383.2284, 2898.8054, 3950.635, 383.2284, 127, 127, 127
L 2898.8054, 3950.635, 383.2284, 2877.6563, 3939.6174, 383.2284, 127, 127, 127
L 2877.6563, 3939.6174, 383.2284, 2863.4834, 3921.351, 383.2284, 127, 127, 127
L 2863.4834, 3921.351, 383.2284, 2858.5497, 3898.2089, 383.2284, 127, 127, 127
L 2855.5763, 3898.2089, 381.8124, 2861.5268, 3874.1183, 381.8124, 127, 127, 127
L 2861.5268, 3874.1183, 381.8124, 2876.6653, 3855.3721, 381.8124, 127, 127, 127
L 2876.6653, 3855.3721, 381.8124, 2899.1902, 3844.8173, 381.8124, 127, 127, 127
L 2899.1902, 3844.8173, 381.8124, 2923.8661, 3845.414, 381.8124, 127, 127, 127
L 2923.8661, 3845.414, 381.8124, 2946.4389, 3856.7698, 381.8124, 127, 127, 127
L 2946.4389, 3856.7698, 381.8124, 2961.2233, 3875.469, 381.8124, 127, 127, 127
L 2961.2233, 3875.469, 381.8124, 2966.4663, 3899.623, 381.8124, 127, 127, 127
L 2966.4663, 3899.623, 381.8124, 2960.726, 3923.5225, 381.8124, 127, 127, 127
L 2960.726, 3923.5225, 381.8124, 2945.2055, 3942.6754, 381.8124, 127, 127, 127
L 2945.2055, 3942.6754, 381.8124, 2922.7786, 3953.1968, 381.8124, 127, 127, 127
L 2922.7786, 3953.1968, 381.8124, 2898.9499, 3952.8971, 381.8124, 127, 127, 127
L 2898.9499, 3952.8971, 381.8124, 2875.9443, 3941.965, 381.8124, 127, 127, 127
L 2875.9443, 3941.965, 381.8124, 2860.842, 3922.6206, 381.8124, 127, 127, 127
L 2860.842, 3922.6206, 381.8124, 2855.5763, 3898.2089, 381.8124, 127, 127, 127
L 2852.3261, 3898.4479, 380.3894, 2858.4169, 3873.396, 380.3894, 127, 127, 127
L 2858.4169, 3873.396, 380.3894, 2875.9108, 3852.5702, 380.3894, 127, 127, 127
L 2875.9108, 3852.5702, 380.3894, 2898.385, 3841.7035, 380.3894, 127, 127, 127
L 2898.385, 3841.7035, 380.3894, 2924.9492, 3842.7898, 380.3894, 127, 127, 127
L 2924.9492, 3842.7898, 380.3894, 2948.1118, 3853.6464, 380.3894, 127, 127, 127
L 2948.1118, 3853.6464, 380.3894, 2964.2804, 3874.356, 380.3894, 127, 127, 127
L 2964.2804, 3874.356, 380.3894, 2969.6215, 3899.4279, 380.3894, 127, 127, 127
L 2969.6215, 3899.4279, 380.3894, 2963.5081, 3925.4189, 380.3894, 127, 127, 127
L 2963.5081, 3925.4189, 380.3894, 2946.9854, 3945.3188, 380.3894, 127, 127, 127
L 2946.9854, 3945.3188, 380.3894, 2923.5324, 3956.25, 380.3894, 127, 127, 127
L 2923.5324, 3956.25, 380.3894, 2897.1271, 3956.1489, 380.3894, 127, 127, 127
L 2897.1271, 3956.1489, 380.3894, 2873.6482, 3944.2917, 380.3894, 127, 127, 127
L 2873.6482, 3944.2917, 380.3894, 2857.9409, 3923.9211, 380.3894, 127, 127, 127
L 2857.9409, 3923.9211, 380.3894, 2852.3261, 3898.4479, 380.3894, 127, 127, 127
L 2849.907, 3898.3508, 379.1299, 2855.4863, 3871.6325, 379.1299, 127, 127, 127
L 2855.4863, 3871.6325, 379.1299, 2873.5, 3850.7581, 379.1299, 127, 127, 127
L 2873.5, 3850.7581, 379.1299, 2897.6289, 3838.5205, 379.1299, 127, 127, 127
L 2897.6289, 3838.5205, 379.1299, 2925.2483, 3838.7885, 379.1299, 127, 127, 127
L 2925.2483, 3838.7885, 379.1299, 2950.1296, 3851.3688, 379.1299, 127, 127, 127
L 2950.1296, 3851.3688, 379.1299, 2967.902, 3872.8859, 379.1299, 127, 127, 127
L 2967.902, 3872.8859, 379.1299, 2972.9119, 3899.6743, 379.1299, 127, 127, 127
L 2972.9119, 3899.6743, 379.1299, 2966.5417, 3926.3798, 379.1299, 127, 127, 127
L 2966.5417, 3926.3798, 379.1299, 2949.1296, 3947.7827, 379.1299, 127, 127, 127
L 2949.1296, 3947.7827, 379.1299, 2923.7363, 3959.6181, 379.1299, 127, 127, 127
L 2923.7363, 3959.6181, 379.1299, 2896.4308, 3959.1916, 379.1299, 127, 127, 127
L 2896.4308, 3959.1916, 379.1299, 2871.7157, 3946.8975, 379.1299, 127, 127, 127
L 2871.7157, 3946.8975, 379.1299, 2854.9182, 3925.2438, 379.1299, 127, 127, 127
L 2854.9182, 3925.2438, 379.1299, 2849.907, 3898.3508, 379.1299, 127, 127, 127
P 3502.8571, 5738.771, 300.6614, 0, 0, 0, 1, Map_by_Goodurden
P 4049.7451, 3076.693, 305.7171, 0, 127, 0, 2, Long_Boat(Zone_out)
