P -1021.5843, -927.6603, 6.5335,  0, 0, 0,  2,  Ancient_Dragon_Claw(Rogue_Epic)
P 1597.6410, 192.7553, -258.3573,  0, 0, 0,  2,  Dragon_Tail_Bones(GS)Brd_1.5)
P -1029.2864, -1574.7495, -139.9353,  0, 0, 0,  2,  Dragon_Wing_Bone(GS)Brd_1.5)
P 624.9198, -908.6996, 0.2000,  0, 0, 0,  2,  Dragon_Claw_Bone(GS)Brd_1.5)
P -968.4550, -534.8387, 1.5480,  127, 0, 0,  2,  Excavator_Quellin(Brd1.5)
P -1546.7738, -307.3971, 1.6270,  0, 0, 0,  1,  excavator
P -1057.7310, -917.7729, 6.5500,  0, 0, 0,  1,  excavator
P 532.4054, -1513.7416, 6.5586,  127, 0, 0,  2,  Tarn_Macklin(Brd_1.5)
P 118.3545, -1482.8053, 0.2000,  0, 0, 0,  1,  locked_door
P 118.1550, -1557.5879, 15.2000,  127, 0, 0,  2,  Jaled_Dar's_shade
P -763.1400, -472.8032, -164.9353,  127, 0, 0,  2,  Neb
P 1617.8683, -887.1708, 0.2000,  0, 0, 0,  1,  an_odd_looking_spider
P 1298.2219, -1230.7776, 0.2000,  179, 64, 0,  2,  Hsagra's_Bones
P 2707.8025, 276.6664, 10.2000,  0, 0, 127,  2,  Hsagra's_Shade(Brd1.5)
P 2853.5596, -59.3819, 10.2000,  0, 0, 0,  2,  (Brd1.5)Event_1
P 2478.6128, 19.5186, 10.2000,  127, 0, 0,  3,  Guards_&_Acolytes
P -1013.3033, -494.1426, 0.2000,  0, 0, 0,  1,  Excavator
P 1064.4336, -981.4538, -258.2563,  0, 0, 0,  1,  TRAP-_a_wardstone
P 1374.1895, -467.4544, -258.3940,  0, 0, 0,  1,  TRAP-_a_blast_of_heat
P 1725.4989, 192.1620, -258.3809,  0, 0, 0,  1,  TRAP-_a_null_field
P 2064.4292, -206.8183, -258.3147,  0, 0, 0,  1,  TRAP-_a_low_hum
P 1960.7217, -387.2896, -258.3768,  0, 0, 0,  1,  TRAP-_a_dark_entity
P 628.2209, 487.4134, -248.3520,  127, 0, 0,  2,  a_Chetari_Hoarder(Druid_Pre-Q)
P 585.4761, 462.5905, -248.3667,  127, 0, 0,  2,  a_Chetari_Packrat(Druid_Pre-Q)
P 1016.2346, 201.9541, -258.3564,  127, 0, 0,  2,  Dustbinder_Grakina
