P -1570.421, -1091.6959, 75.9719, 0, 0, 240, 2, Tondal_Di'Xevar
P -1576.2219, -1035.5389, 72.12, 0, 0, 240, 2, Morden_Rasp
P -2715.3229, -995.5689, 48.5439, 0, 0, 240, 2, Yixfriz_Tockmaker
P -992.14, -1096.9239, 80.186, 0, 0, 240, 2, Rannik_Forester
P 232.8, -908.9099, 63.256, 0, 0, 240, 2, Jeruea_Ragwood
P 172.8959, -1368.218, 70.1059, 0, 0, 240, 3, Wridarr_Ironbrace
P 167.947, -1331.5889, 70.1059, 0, 0, 240, 2, Ippledop_Cogsmith
P 151.115, -1355.7209, 88.199, 0, 0, 240, 3, Carwa_Ironbrace
P 342.773, -919.447, 64.114, 0, 0, 240, 2, Hemae_Twinebraid
P 156.729, -1354.3969, 67.453, 0, 0, 240, 2, Berundd_Oreweaver
P 192.3319, -1398.104, 67.524, 0, 0, 240, 2, Greba_Oreweaver
P -1510.371, -1059.9429, 79.89, 0, 0, 240, 2, Nedaria_Debeian
P -1498.3209, -1072.9839, 80.331, 0, 0, 240, 2, Calliav_Giniuar
P -1515.412, -1098.4709, 79.7849, 0, 0, 240, 2, Vdrae_Qix'Tki
P 121.843, -1366.5438, 66.6569, 0, 0, 240, 2, Ruanni_Annue
P -1577.29, -1035.4239, 76.781, 0, 0, 240, 2, Maixx_Yzi
P -1505.1959, -1039.7829, 82.5199, 0, 0, 240, 2, Oppella_Nuanyal
P -1548.299, -1105.863, 78.3829, 0, 0, 240, 2, Ieandra_Pael
P -1573.173, -1091.989, 76.301, 0, 0, 240, 2, Iggill_Jubtob
P -1875.7409, -318.2259, 48.7169, 0, 0, 240, 2, Givvel_Puppug
