P -678.2613, -1861.3090, 30.9021,  240, 0, 0,  2,  X-DL
P -600.3401, -1528.5552, 30.8040,  240, 0, 0,  2,  Dark_Lady
P -1231.8821, -1121.9242, 279.5436,  240, 0, 0,  2,  Darkstone
P -2053.8306, 776.8007, -58.5061,  240, 0, 0,  2,  Xi_Dyn
P -986.6070, -41.3353, -107.5940,  240, 0, 0,  2,  Nightwing
P -1202.1990, 370.9734, -63.6417,  240, 0, 0,  2,  Nightwing
P -1438.3300, -72.2199, -69.4200,  240, 0, 0,  2,  Nightwing
P 966.1602, 325.6909, -107.4159,  240, 0, 0,  2,  Gloomshell
P -1099.3893, -717.6580, 30.7715,  240, 0, 0,  2,  A_Thundering_Tempest
P -909.6765, -418.5153, 30.7985,  240, 0, 0,  2,  A_Thundering_Tempest
P -509.1820, -751.5280, 31.8734,  240, 0, 0,  2,  A_Thundering_Tempest
P -1244.9938, -2193.5186, 159.5418,  240, 0, 0,  2,  An_Astral_Wanderer
P -2450.1956, -2806.2898, -20.7862,  240, 0, 0,  2,  Kaas_Thox
P -160.6256, -1183.6603, 30.8735,  240, 0, 0,  2,  Kela_Rentha_Xakra
P -116.0000, -1620.0000, 33.0000,  240, 0, 0,  2,  Kela_Rentha_Xakra
P -249.0000, -1675.0000, 33.0000,  240, 0, 0,  2,  Kela_Rentha_Xakra
P -2125.4004, -2459.9407, -170.3763,  240, 0, 0,  2,  Shakra_Za
P -729.4550, -1993.3024, 159.5268,  240, 0, 0,  2,  The_Dark_Lady
P 87.2655, -1549.6166, 432.4101,  240, 0, 0,  2,  Volx_Xi_Xakra
P -5.5823, -1428.1582, 435.3306,  240, 0, 0,  2,  Volx_Xi_Xakra
P -1422.5027, -1813.5448, -19.8505,  240, 0, 0,  2,  Xal_Zeth
P 510.6012, -545.4346, 427.4121,  240, 0, 0,  2,  Xundraux_Xakra
P -314.3496, -436.9350, 31.5639,  240, 0, 0,  2,  Xorla_Vor
P 213.4391, -689.7966, 30.7927,  240, 0, 0,  2,  Xorla_Vor
P -238.3499, -2355.2996, 290.6999,  240, 0, 0,  2,  Zel_Kaxri
