P 24.9211, -1401.27, -2.4161, 127, 64, 0, 3, Field_of_Strife
P -645.7685, -2430.7595, 27.6101, 127, 64, 0, 2, Graveyard
P -192.7621, 2396.5122, -3.7376, 127, 64, 0, 3, Mines_of_Narikor
P 205.3689, 2067.603, -3.6838, 127, 64, 0, 3, Antechamber_of_Drunder
P 862.2599, 2398.228, -3.6838, 127, 64, 0, 3, Mines_of_Narikor
P 83.88, 731.1145, -2.866, 127, 64, 0, 3, Field_of_Blood
P -1285.209, 816.5181, 15.8729, 127, 64, 0, 3, Castle_Rulnavis
P 1223.6875, 1558.1135, 18.6091, 127, 64, 0, 3, Castle_Tamrel
P 1944.8876, 1789.172, 27.1203, 0, 0, 0, 1, A_Shamanic_Resonance
P 1686.1214, 730.9355, 27.1203, 0, 0, 0, 1, A_Shamanic_Resonance
P 1724.8641, 1690.9739, 27.1203, 0, 0, 0, 1, A_Shamanic_Resonance
P 2026.3785, 1211.8556, 27.1203, 0, 0, 0, 1, A_Shamanic_Resonance
P -529.3201, 2268.5776, -218.5561, 127, 0, 0, 3, an_unimpressed_slaver
P -216.9892, 2515.3955, -144.5473, 127, 0, 0, 3, an_unimpressed_slaver
P -932.4068, 3151.7472, -169.5152, 127, 0, 0, 2, an_unimpressed_slaver
P -837.2367, 2903.759, -146.7167, 127, 0, 0, 2, an_unimpressed_slaver
P -903.131, 2919.4985, -165.7239, 127, 0, 0, 2, A_Greedy_Miner
P -1762.646, 1280.9903, 72.7793, 0, 0, 0, 1, Book_Click
P -1907.5503, 1455.2692, 72.7793, 0, 0, 0, 1, Book_Click
P -2125.1797, 1341.8123, 72.7802, 0, 0, 0, 1, Book_Click
