P -22.3037, -274.8369, -8.5326, 0, 0, 240, 3, Etsinthinikonarifet_(Q)
P 1895.8839, 2080.3899, 76.5636, 0, 0, 240, 3, General_Ugor_Gronno_(Q)
P -1811.8529, 1196.1, 27.1203, 0, 0, 240, 3, Edmuund_(Q)
P -1391.8153, 1011.6707, 26.6875, 0, 0, 240, 3, Captain_Dulkot_(Q)
P 1612.5306, 1344.4501, 26.6875, 0, 0, 240, 3, First_Lieutenant_Ess_Pekky_(Q)
P 1547.4274, 1695.2001, 26.6875, 0, 0, 240, 3, Sergeant_Rekkles_(Q)
P 1968.7218, 876.5524, 79.2184, 0, 0, 240, 3, Captain_Flavis_Stella_(Q)
P -1575.8329, 841.3318, 72.7793, 0, 0, 240, 3, High_Strategist_Galben_(Q)
P -92.239, 3184.9906, -104.6807, 0, 0, 240, 3, Refiner_Dyrginal_(Q)
P -592.2427, 2664.556, -132.9164, 0, 0, 240, 3, Katka_(Q)
P -1788.5652, 658.7554, 27.1203, 0, 0, 240, 3, Olmac_(Q)
P -1935.1305, 939.4188, 27.1203, 0, 0, 240, 3, Strategist_Gromluk_(Q)
P -1550.181, 1125.355, 30.7759, 0, 0, 240, 3, Alchemist_Veryon_(Q)
P -1676.8141, 1622.2731, 27.1203, 0, 0, 240, 3, Troopmaster_Gurkan_(Q)
P -1763.5052, 1637.6952, 27.1203, 0, 0, 240, 3, Fletcher_Forlen_(Q)
P -1869.2827, 1627.131, 27.1203, 0, 0, 240, 3, Inquisitor_Frellum_(Q)
P -493.3344, 3479.6559, -144.9478, 0, 0, 127, 2, Krepp_the_Augurer_(Q)
P -486.1585, 3229.7182, -109.3196, 0, 0, 127, 2, Cooper_Jolris_(Q)
P 112.2801, 3269.706, -104.68, 0, 0, 127, 2, Forgetender_Bolgorn_(Q)
P 246.2815, 3143.2822, -104.6808, 0, 0, 127, 2, Diviner_of_the_Worthy
P -727.1994, 2769.23, -144.1959, 0, 0, 240, 3, Sorayn_(Q)
P -562.4547, 2922.4097, -110.632, 0, 0, 240, 3, Selynse_(Q)
P -736.2089, 3186.6237, -133.3033, 0, 0, 240, 3, Mickorn_(Q)
