P -1071.2219, 3883.3063, 504.1179, 127, 0, 0, 2, King_Peleke
P -1223.7609, 4213.9429, 373.6028, 127, 0, 0, 2, Gurada_the_Sea_Singer
P -2996.8229, 4079.4697, 452.2672, 0, 0, 0, 1, Southern_Raindrop_Islet
P -2920.8375, 3546.6248, 431.4841, 0, 0, 0, 1, Central_Raindrop_Islet
P -2584.2937, 3026.7566, 440.7735, 0, 0, 0, 1, Northern_Raindrop_Islet
P -2534.5614, 3324.7492, 302.9513, 127, 0, 0, 2, Flutekeeper_Jurumie
P -2822.4218, 3432.393, 349.62, 0, 0, 0, 1, Sentry
P -2963.4882, 3917.4202, 392.9361, 0, 0, 0, 1, Sentry
P -603.7722, 3659.9634, 573.4518, 127, 0, 0, 2, Stormscape_Crusader
P -1112.8734, 3781.6064, 502.589, 127, 0, 0, 2, Stormscape_Warder
P -594.6799, 3611.199, 575.6973, 127, 0, 0, 2, Stormscape_High_Priest
