P 517.706, -924.814, -35.938, 127, 0, 0, 2, Taskmaster_Devrak
P 646.6654, -332.4673, -25.358, 127, 0, 0, 2, Prison_Guard_Talkor
P -902.7607, 1091.1054, -18.7057, 127, 0, 0, 2, Warden_Neyremal
P -55.6317, -1111.8538, -20.6032, 127, 0, 0, 2, Taskmaster_Velvrek
P -256.3618, -532.5806, -25.3414, 127, 0, 0, 2, Taskmaster_Dorokel
P 793.3021, -389.6881, -24.8647, 0, 0, 127, 2, Eneau_Welani
P 519.2193, -410.1053, -25.3573, 0, 0, 127, 2, Maziyae_Xanl'Utin
P 708.8247, -201.805, -25.3713, 0, 0, 127, 2, Piyea_Frost
P -113.7503, -1080.7382, -24.6144, 0, 0, 0, 1, chest
P -295.4649, -459.1888, -25.3654, 0, 0, 0, 1, chest
P 487.6578, -1001.8624, -35.1092, 0, 0, 0, 1, chest
P -1296.9856, 1080.6113, -17.8474, 127, 0, 0, 2, Prison_Guards
P -985.3623, 836.3944, -17.8352, 127, 0, 0, 2, Prison_Guards
P -686.4126, 958.37, -13.3522, 127, 0, 0, 2, Prison_Guards
P -1059.8707, 1089.9137, -16.2835, 127, 0, 0, 2, Prison_Guards
P -887.289, 1265.788, -20.4225, 127, 0, 0, 2, Prison_Guards
P -895.8831, 1080.39, -18.7058, 127, 0, 0, 2, High_Shaman_Yenner
P -869.3763, 1042.911, -3.3548, 0, 0, 0, 1, Yenner`s_Decorative_Chest
P -875.5181, 1092.5745, -21.8185, 0, 0, 0, 1, Talkor`s_Bloody_Chest
P -919.2835, 1057.4257, -20.4227, 0, 0, 0, 1, Taskmaster`s_Stone_Chest_
