P -929.7983, -944.3256, -283.6768,  127, 64, 0,  3,  Corpse_Camp
P -2149.3184, 1719.4155, -158.2777,  127, 64, 0,  3,  Loda_Kai_Embasy
P 894.8680, 842.9198, -251.6956,  127, 64, 0,  3,  Brigand_Camp
P -1857.4154, -1184.5089, -281.3727,  127, 64, 0,  3,  Soldier_Camp
P 1010.3166, 2207.6299, -178.6841,  127, 64, 0,  3,  Gor/Shak_Camp
P -1525.3352, 966.9520, -235.2417,  127, 64, 0,  3,  Guardian_Camp
P 2275.5752, 1715.7472, -239.9040,  0, 0, 0,  1,  Stinking_Pilre_of_Refuse(GS)
P -1040.8969, 2600.6150, -439.8516,  0, 0, 0,  1,  forge
P -956.1055, 2690.8250, -439.9347,  0, 0, 0,  1,  Brew_barrel
P 1276.8340, 2768.5442, -223.5090,  0, 0, 0,  1,  Old_Silver_Coin(GS)
P 2642.1228, 1102.7075, -226.6094,  0, 0, 0,  1,  Payala_Fruit(GS)
P -365.6662, 608.6980, -431.9535,  0, 0, 127,  3,  Wunshi_Kashra(Shaman1.5)
P -119.6852, -3556.6377, -255.3760,  240, 0, 0,  2,  Jynhadar
P -347.3582, -3686.5513, -314.2092,  127, 0, 0,  2,  Raging_Wildfire_Elemental(Mag_Pre-Q))
P -870.5253, 2555.6956, -447.3485,  127, 0, 0,  2,  Warlord_Gok_Thok
