P -25.792, -5.8949, -0.503, 240, 0, 0, 2, Firefeather
P -28.736, 1.324, -0.503, 240, 0, 0, 2, Arkahn
P 4.5279, 130.269, 1.51, 0, 240, 0, 2, Zone_In
P 901.3719, 11.986, -143.9979, 0, 0, 240, 2, Student_Joban
P 907.892, -27.559, 96.19, 0, 0, 240, 2, Head_Librarian_Magus
P 0.394, 993.839, -11.6189, 240, 0, 0, 2, Trap_Door
P -52.9909, -31.577, 215.497, 0, 0, 240, 2, Relic
P 0.635, -0.558, 247.8269, 0, 0, 240, 2, Daosheen's_Study
P 461.6259, -88.3419, 25.2089, 0, 0, 127, 2, Green
P 346.117, 28.446, 25.2089, 0, 0, 127, 1, Red
P 467.5, 144.722, 25.2089, 0, 0, 127, 2, Blue
P 570.865, 20.843, 25.2089, 0, 0, 127, 2, Yellow
