L -245.1088, -95.108, 0.2, -244.2843, -95.692, 0.4042, 0, 0, 0
L -244.2843, -95.692, 0.4042, -216.9036, -71.5996, 0.2, 0, 0, 0
L -216.9036, -71.5996, 0.2, -216.8926, -39.6462, 1.9819, 0, 0, 0
L -216.8926, -39.6462, 1.8257, -192.9116, -14.1699, 4.735, 0, 0, 0
L -192.9116, -14.1699, 4.735, -192.8919, -6.8914, 0.8962, 0, 0, 0
L -186.28, -6.8352, 0.8962, -193.8933, -6.8997, 0.7921, 0, 0, 0
L -193.8933, -6.8997, 0.81, -193.8907, -4.1083, 0.2, 0, 0, 0
L -193.8907, -4.1083, 0.2, -186.38, -4.1055, 0.2, 0, 0, 0
L -186.315, 4.1093, 0.2, -193.8891, 4.1064, 0.2, 0, 0, 0
L -193.8891, 4.1064, 0.2, -193.8954, 6.9619, 0.2, 0, 0, 0
L -186.352, 6.9931, 0.1582, -193.8954, 6.9619, 0.1582, 0, 0, 0
L -188.2495, 4.1085, 0.1582, -188.3514, -4.1063, 0.1582, 127, 127, 0
L -192.9658, 6.9657, 0.1582, -192.9655, 15.343, 0.1582, 0, 0, 0
L -192.9655, 15.343, 0.1582, -227.616, 15.181, 5.229, 0, 0, 0
L -227.616, 15.181, 5.229, -235.5946, 7.358, 0.1582, 0, 0, 0
L -235.5946, 7.358, 0.1582, -240.9678, 7.304, 0.1582, 0, 0, 0
L -240.9678, 7.304, 0.1582, -240.966, 31.343, 0.1582, 0, 0, 0
L -240.966, 31.343, 0.1582, -244.9572, 31.335, 0.1582, 0, 0, 0
L -245.34, 30.354, 0.1582, -247.9655, 30.322, 0.1582, 0, 0, 0
L -247.9655, 30.338, 0.1582, -256.355, 30.335, 0.1582, 127, 127, 0
L -256.355, 30.337, 0.1582, -258.9714, 30.333, 0.1582, 0, 0, 0
L -258.9714, 30.333, 0.1582, -258.9246, 37.966, 0.1582, 0, 0, 0
L -258.9655, 31.343, 0.1582, -263.339, 31.34, 0.1582, 0, 0, 0
L -263.339, 31.34, 0.1582, -263.333, 7.349, 0.1582, 0, 0, 0
L -245.34, 30.354, 0.1582, -245.347, 37.9665, 0.1582, 0, 0, 0
L -258.9246, 37.966, 0.1582, -256.312, 37.9669, 0.1582, 0, 0, 0
L -247.9661, 37.9656, 0.1582, -245.347, 37.9665, 0.1582, 0, 0, 0
L -247.9661, 37.9656, 0.1582, -247.9655, 30.322, 0.1582, 0, 0, 0
L -247.9658, 32.3408, 0.1582, -256.342, 32.3468, 0.1582, 127, 127, 0
L -256.355, 30.337, 0.1582, -256.312, 37.9669, 0.1582, 0, 0, 0
L -263.333, 7.349, 0.1582, -268.4019, 7.324, 0.1582, 0, 0, 0
L -268.4019, 7.324, 0.8307, -276.3686, 15.4, 2.5085, 0, 0, 0
L -276.3686, 15.4, 2.5085, -311.341, 15.338, 0.1582, 0, 0, 0
L -311.341, 15.338, 0.1582, -311.335, 7.175, 0.1582, 0, 0, 0
L -310.316, 7.262, 0.1582, -317.9655, 6.957, 0.1582, 0, 0, 0
L -317.9655, 6.957, 0.1582, -317.9667, 4.377, 0.1582, 0, 0, 0
L -317.9673, 4.377, 0.1582, -317.9748, -4.343, 0.1582, 127, 127, 0
L -318.43, -4.343, 0.1582, -317.9282, -6.9608, 0.1582, 0, 0, 0
L -317.9282, -6.9608, 0.1582, -310.339, -6.9988, 0.1582, 0, 0, 0
L -310.319, -4.312, 0.1582, -317.9748, -4.343, 0.1582, 0, 0, 0
L -317.9673, 4.377, 0.1582, -310.355, 4.256, 0.1582, 0, 0, 0
L -315.6877, 4.343, 0.1582, -315.6931, -4.342, 0.1582, 127, 127, 0
L -311.337, -6.9939, 0.1582, -311.199, -14.1327, 4.3056, 0, 0, 0
L -311.199, -14.1327, 4.3056, -287.317, -39.6158, 0.1582, 0, 0, 0
L -287.317, -39.6158, 1.8471, -287.333, -52.518, 7.557, 0, 0, 0
L -287.333, -52.518, 7.557, -283.1496, -52.5146, 7.1104, 0, 0, 0
L -283.1496, -52.5146, 7.6661, -283.1526, -55.6739, 8.1348, 0, 0, 0
L -283.1533, -61.2924, 7.1037, -283.1485, -64.4525, 6.8935, 0, 0, 0
L -283.1485, -64.4525, 6.4089, -287.339, -64.4495, 6.7149, 0, 0, 0
L -287.339, -64.4495, 6.7149, -287.337, -71.5407, 4.6233, 0, 0, 0
L -287.337, -71.5407, 4.6233, -259.6168, -95.343, 0.1582, 0, 0, 0
L -259.6168, -95.343, 0.1582, -258.9662, -95.343, 0.1582, 0, 0, 0
L -258.9662, -95.343, 0.1582, -258.9655, -100.9758, 0.1582, 0, 0, 0
L -258.9655, -100.9758, 0.1582, -303.4624, -100.9921, 0.1582, 0, 0, 0
L -303.4624, -100.9921, 0.1582, -306.5335, -109.9514, 0.1583, 0, 0, 0
L -306.5335, -109.9514, 0.1583, -306.5407, -120.2038, 0.1582, 0, 0, 0
L -306.5407, -120.2038, 0.1582, -314.1745, -139.7612, 0.1602, 0, 0, 0
L -314.1745, -139.7612, 0.1602, -310.4159, -150.2324, 0.1582, 0, 0, 0
L -310.4159, -150.2324, 0.1582, -310.5674, -160.4331, 0.1582, 0, 0, 0
L -310.5674, -160.4331, 0.1582, -317.5747, -180.2923, 0.1582, 0, 0, 0
L -317.5747, -180.2923, 0.1582, -310.8598, -199.182, 0.1592, 0, 0, 0
L -310.8598, -199.182, 0.1592, -307.964, -200.2306, 0.1582, 0, 0, 0
L -307.964, -200.2306, 0.1582, -304.7642, -205.2179, 0.1583, 0, 0, 0
L -304.7642, -205.2179, 0.1583, -285.257, -212.1619, 0.1582, 0, 0, 0
L -285.257, -212.1619, 0.1582, -276.1684, -212.1749, 0.1582, 0, 0, 0
L -276.1684, -212.1749, 0.1582, -267.6345, -215.255, 0.159, 0, 0, 0
L -267.6345, -215.255, 0.159, -255.1177, -211.8966, 0.1588, 0, 0, 0
L -255.1177, -211.8966, 0.1588, -235.1927, -215.4549, 1.8388, 0, 0, 0
L -235.1927, -215.4549, 1.8388, -227.4724, -217.9605, 11.3297, 0, 0, 0
L -227.4724, -217.9605, 11.3297, -218.9516, -215.2, 7.191, 0, 0, 0
L -218.9516, -215.2, 7.191, -199.2701, -205.259, 0.1583, 0, 0, 0
L -199.2701, -205.259, 0.1583, -196.3129, -200.4635, 0.1582, 0, 0, 0
L -196.3129, -200.4635, 0.1582, -193.173, -199.2059, 0.1583, 0, 0, 0
L -193.173, -199.2059, 0.1583, -181.525, -180.1071, 11.8173, 0, 0, 0
L -181.525, -180.1071, 11.8173, -183.8311, -170.6967, 17.842, 0, 0, 0
L -183.8311, -170.6967, 17.842, -193.7443, -158.9267, 0.1582, 0, 0, 0
L -193.7443, -158.9267, 0.1582, -193.2391, -149.3614, 0.2935, 0, 0, 0
L -193.2391, -149.3614, 0.2935, -189.7155, -138.5557, 0.9946, 0, 0, 0
L -189.7155, -138.5557, 0.9946, -187.5018, -131.2074, 10.3231, 0, 0, 0
L -187.5018, -131.2074, 10.3231, -197.7041, -109.9431, 0.159, 0, 0, 0
L -197.7041, -109.9431, 0.159, -200.5934, -100.966, 0.1582, 0, 0, 0
L -200.5934, -100.966, 0.1582, -245.334, -100.9655, 0.1582, 0, 0, 0
L -245.334, -100.9655, 0.1582, -245.337, -95.34, 0.1938, 0, 0, 0
L -235.349, -100.9655, 0.1592, -235.347, -106.3966, 0.1592, 127, 127, 127
L -235.347, -106.3966, 0.1592, -223.5724, -112.8506, 0.1582, 127, 127, 127
L -223.5724, -112.8506, 0.1582, -215.3629, -119.2719, 0.1582, 127, 127, 127
L -215.3629, -119.2719, 0.1582, -209.5076, -126.5845, 0.1582, 127, 127, 127
L -209.5076, -126.5845, 0.1582, -204.6208, -135.86, 0.1582, 127, 127, 127
L -204.6208, -135.86, 0.1582, -201.9593, -144.9791, 0.1582, 127, 127, 127
L -201.9593, -144.9791, 0.1582, -200.4924, -156.2515, 0.1582, 127, 127, 127
L -200.4924, -156.2515, 0.1582, -202.455, -167.6539, 0.1582, 127, 127, 127
L -202.455, -167.6539, 0.1582, -204.6408, -177.168, 0.1582, 127, 127, 127
L -204.6408, -177.168, 0.1582, -209.2189, -185.816, 0.1582, 127, 127, 127
L -209.2189, -185.816, 0.1582, -215.2777, -192.6431, 0.1582, 127, 127, 127
L -215.2777, -192.6431, 0.1582, -223.3088, -199.261, 0.1582, 127, 127, 127
L -223.3088, -199.261, 0.1582, -231.1069, -203.4205, 0.1582, 127, 127, 127
L -231.1069, -203.4205, 0.1582, -251.8002, -206.4465, 0.1582, 127, 127, 127
L -251.8002, -206.4465, 0.1582, -273.1847, -203.2993, 0.1582, 127, 127, 127
L -273.1847, -203.2993, 0.1582, -281.23, -198.8141, 0.1582, 127, 127, 127
L -281.23, -198.8141, 0.1582, -288.3826, -192.9308, 0.1582, 127, 127, 127
L -288.3826, -192.9308, 0.1582, -294.6496, -185.2351, 0.1582, 127, 127, 127
L -294.6496, -185.2351, 0.1582, -299.232, -177.1658, 0.1582, 127, 127, 127
L -299.232, -177.1658, 0.1582, -301.9096, -167.8386, 0.1582, 127, 127, 127
L -301.9096, -167.8386, 0.1582, -303.4309, -156.3352, 0.1582, 127, 127, 127
L -303.4309, -156.3352, 0.1582, -301.9882, -144.6089, 0.1582, 127, 127, 127
L -301.9882, -144.6089, 0.1582, -299.459, -135.3397, 0.1582, 127, 127, 127
L -299.459, -135.3397, 0.1582, -299.3777, -135.764, 0.2834, 127, 127, 127
L -299.3777, -135.764, 0.2834, -294.7764, -127.48, 0.1586, 127, 127, 127
L -294.7764, -127.48, 0.1586, -288.6757, -119.2963, 0.1582, 127, 127, 127
L -288.6757, -119.2963, 0.1582, -280.8453, -113.37, 0.1582, 127, 127, 127
L -280.8453, -113.37, 0.1582, -268.9642, -106.3786, 0.1583, 127, 127, 127
L -268.9642, -106.3786, 0.1583, -268.9649, -100.9658, 0.1592, 127, 127, 127
L -263.348, -100.9658, 0.1592, -263.335, -108.5597, 0.1582, 127, 127, 127
L -263.335, -108.5597, 0.1582, -277.963, -116.8054, 0.159, 127, 127, 127
L -277.963, -116.8054, 0.159, -285.3195, -122.6932, 0.1635, 127, 127, 127
L -285.3195, -122.6932, 0.1635, -291.3034, -130.2304, 0.1638, 127, 127, 127
L -291.3034, -130.2304, 0.1638, -295.6012, -137.8693, 0.163, 127, 127, 127
L -295.6012, -137.8693, 0.163, -298.932, -147.1079, 0.1631, 127, 127, 127
L -298.932, -147.1079, 0.1631, -299.287, -156.141, 0.1627, 127, 127, 127
L -299.287, -156.141, 0.1627, -298.495, -165.318, 0.1631, 127, 127, 127
L -298.495, -165.318, 0.1631, -295.5989, -174.1347, 0.1631, 127, 127, 127
L -295.5989, -174.1347, 0.1631, -291.2615, -181.8438, 0.1634, 127, 127, 127
L -291.2615, -181.8438, 0.1634, -285.3204, -189.3057, 0.1635, 127, 127, 127
L -285.3204, -189.3057, 0.1635, -277.7601, -195.3086, 0.1638, 127, 127, 127
L -277.7601, -195.3086, 0.1638, -270.1872, -199.5632, 0.1631, 127, 127, 127
L -270.1872, -199.5632, 0.1631, -251.9924, -201.5292, 0.1631, 127, 127, 127
L -251.9924, -201.5292, 0.1631, -233.7847, -199.5534, 0.1637, 127, 127, 127
L -233.7847, -199.5534, 0.1637, -226.4723, -195.4396, 0.1633, 127, 127, 127
L -226.4723, -195.4396, 0.1633, -218.6887, -189.316, 0.163, 127, 127, 127
L -218.6887, -189.316, 0.163, -212.8026, -181.9593, 0.1629, 127, 127, 127
L -212.8026, -181.9593, 0.1629, -208.3983, -174.1299, 0.1627, 127, 127, 127
L -208.3983, -174.1299, 0.1627, -206.541, -165.6886, 0.1627, 127, 127, 127
L -206.541, -165.6886, 0.1627, -204.9696, -156.3, 0.1626, 127, 127, 127
L -204.9696, -156.3, 0.1626, -205.9505, -146.6807, 0.1627, 127, 127, 127
L -205.9505, -146.6807, 0.1627, -208.4021, -137.8631, 0.1632, 127, 127, 127
L -208.4021, -137.8631, 0.1632, -212.7998, -130.449, 0.1633, 127, 127, 127
L -212.7998, -130.449, 0.1633, -218.6957, -122.6784, 0.1632, 127, 127, 127
L -218.6957, -122.6784, 0.1632, -226.3387, -116.6355, 0.163, 127, 127, 127
L -226.3387, -116.6355, 0.163, -240.9656, -108.5515, 0.1582, 127, 127, 127
L -240.9656, -108.5515, 0.1582, -240.9649, -100.9658, 0.1592, 127, 127, 127
L -283.1526, -55.6739, 9.4361, -286.9936, -55.6779, 9.6999, 0, 0, 0
L -283.1533, -61.2924, 9.9771, -286.9302, -61.292, 10.5521, 0, 0, 0
L -316.966, 6.9657, 0.1582, -316.9658, 17.337, 0.1582, 0, 0, 0
L -316.9658, 17.337, 0.1582, -352.9666, 17.328, 0.1582, 0, 0, 0
L -352.9666, 17.328, 0.1582, -352.9646, 29.6, 0.1582, 0, 0, 0
L -352.9646, 29.6, 0.1582, -364.4209, 41.35, 0.1582, 0, 0, 0
L -364.4209, 41.35, 0.1582, -375.5337, 41.339, 0.1582, 0, 0, 0
L -375.5337, 41.339, 0.1582, -386.9963, 29.6382, 0.1582, 0, 0, 0
L -386.9963, 29.6382, 0.1582, -387.412, 17.336, 0.1582, 0, 0, 0
L -387.412, 17.336, 0.1582, -406.9682, 17.32, 0.1582, 0, 0, 0
L -406.9682, 17.32, 0.1582, -406.9606, 29.5927, 0.1582, 0, 0, 0
L -406.9606, 29.5927, 0.1582, -418.3623, 40.9962, 0.1582, 0, 0, 0
L -418.3623, 40.9962, 0.1582, -429.6218, 41.121, 0.1582, 0, 0, 0
L -429.6218, 41.121, 0.1582, -441.35, 29.5627, 0.1582, 0, 0, 0
L -441.35, 29.5627, 0.1582, -441.333, 17.339, 0.1582, 0, 0, 0
L -441.333, 17.339, 0.1582, -460.9662, 17.315, 0.1582, 0, 0, 0
L -460.9662, 17.315, 0.1582, -460.9664, 29.6008, 0.1582, 0, 0, 0
L -460.9664, 29.6008, 0.1582, -472.343, 40.9784, 0.1582, 0, 0, 0
L -472.343, 40.9784, 0.1582, -483.644, 40.9896, 0.1582, 0, 0, 0
L -483.644, 40.9896, 0.1582, -495.339, 29.5562, 0.1582, 0, 0, 0
L -495.339, 29.5562, 0.1582, -495.335, 17.33, 0.1582, 0, 0, 0
L -495.335, 17.33, 0.1582, -501.341, 17.341, 0.1582, 0, 0, 0
L -501.341, 17.341, 0.1582, -501.346, -17.343, 4.2077, 0, 0, 0
L -501.346, -17.343, 4.2077, -495.337, -17.307, 1.3753, 0, 0, 0
L -495.337, -17.307, 0.1582, -495.346, -29.5985, 0.1582, 0, 0, 0
L -495.346, -29.5985, 0.1582, -483.6292, -41.58, 0.1582, 0, 0, 0
L -483.6292, -41.58, 0.1582, -472.3756, -41.11, 0.1582, 0, 0, 0
L -472.3756, -41.11, 0.1582, -461.95, -29.6407, 0.1582, 0, 0, 0
L -461.95, -29.6407, 0.1582, -460.9556, -17.348, 0.1582, 0, 0, 0
L -460.9556, -17.348, 0.1582, -441.357, -17.309, 0.1582, 0, 0, 0
L -441.357, -17.309, 0.1582, -441.246, -29.6085, 0.1582, 0, 0, 0
L -441.246, -29.6085, 0.1582, -429.6265, -41.86, 0.1582, 0, 0, 0
L -429.6265, -41.86, 0.1582, -418.449, -41.339, 0.1582, 0, 0, 0
L -418.449, -41.339, 0.1582, -406.9658, -29.5578, 0.1582, 0, 0, 0
L -406.9658, -29.5578, 0.1582, -406.9658, -17.331, 0.1582, 0, 0, 0
L -406.9658, -17.331, 0.1582, -387.344, -17.321, 0.1582, 0, 0, 0
L -387.344, -17.321, 0.1582, -387.28, -29.6202, 0.1582, 0, 0, 0
L -387.28, -29.6202, 0.1582, -375.5554, -41.347, 0.1582, 0, 0, 0
L -375.5554, -41.347, 0.1582, -364.4221, -41.343, 0.1582, 0, 0, 0
L -364.4221, -41.343, 0.1582, -353.316, -29.6666, 0.1582, 0, 0, 0
L -353.316, -29.6666, 0.1582, -352.9556, -17.383, 1.5193, 0, 0, 0
L -352.9556, -17.383, 3.2604, -316.9658, -16.9955, 0.1582, 0, 0, 0
L -310.339, -6.9988, 0.1582, -310.319, -4.312, 0.1582, 0, 0, 0
L -310.355, 4.256, 0.1582, -310.316, 7.262, 0.1582, 0, 0, 0
L -316.9658, -16.9601, 0.1582, -316.9658, -6.9656, 0.1582, 0, 0, 0
L -186.352, 6.9931, 0.1582, -186.315, 4.1093, 0.1582, 0, 0, 0
L -186.335, 4.1093, 0.1582, -186.337, -4.1055, 0.1582, 127, 127, 0
L -186.38, -4.1055, 0.1582, -186.28, -6.8352, 0.1582, 0, 0, 0
L -187.341, -6.9653, 0.1582, -187.341, -17.337, 0.1582, 0, 0, 0
L -187.341, -17.337, 0.1582, -151.336, -17.308, 0.1582, 0, 0, 0
L -151.336, -17.308, 0.1582, -151.352, -29.5993, 0.1582, 0, 0, 0
L -151.352, -29.5993, 0.1582, -139.639, -40.9947, 0.1582, 0, 0, 0
L -139.639, -40.9947, 0.1582, -128.3871, -41.225, 0.1582, 0, 0, 0
L -128.3871, -41.225, 0.1582, -116.9715, -29.6053, 0.1582, 0, 0, 0
L -116.9715, -29.6053, 0.1582, -116.9647, -17.337, 0.1582, 0, 0, 0
L -116.9647, -17.337, 0.1582, -97.335, -17.289, 0.1582, 0, 0, 0
L -97.335, -17.289, 0.1582, -97.353, -29.607, 0.1582, 0, 0, 0
L -97.353, -29.607, 0.1582, -85.4898, -41.334, 0.1582, 0, 0, 0
L -85.4898, -41.334, 0.1582, -74.4553, -41.347, 0.1582, 0, 0, 0
L -74.4553, -41.347, 0.1582, -63.61, -29.6398, 0.1582, 0, 0, 0
L -63.61, -29.6398, 0.1582, -62.9617, -17.339, 0.1582, 0, 0, 0
L -62.9617, -17.339, 0.1582, -43.298, -17.307, 0.1582, 0, 0, 0
L -43.298, -17.307, 0.1582, -43.392, -29.596, 0.1582, 0, 0, 0
L -43.392, -29.596, 0.1582, -31.5679, -41.341, 0.1582, 0, 0, 0
L -20.3491, -40.9829, 0.1582, -8.9659, -29.5512, 0.1582, 0, 0, 0
L -20.4375, -41.35, 0.1582, -31.5652, -41.349, 0.1582, 0, 0, 0
L -8.9649, -29.5579, 0.1582, -8.9661, -17.313, 0.1582, 0, 0, 0
L -8.9661, -17.313, 0.1582, -2.9661, -17.345, 0.1582, 0, 0, 0
L -2.9661, -17.345, 0.1582, -2.9769, -6.9659, 0.1582, 0, 0, 0
L -2.9769, -6.9659, 0.1582, 2.966, -6.9657, 0.8235, 0, 0, 0
L 2.966, -6.9657, 0.8235, 2.983, -31.7349, 0.1582, 0, 0, 0
L 2.983, -31.7349, 0.1582, 18.5365, -55.337, 1.4529, 0, 0, 0
L 18.5365, -55.337, 1.4529, 50.9667, -55.324, 0.1582, 0, 0, 0
L 50.9667, -55.324, 0.1582, 50.9684, -75.331, 0.1582, 0, 0, 0
L 50.9684, -75.331, 0.1582, 79.343, -75.341, 0.1582, 0, 0, 0
L 79.353, -74.369, 0.1582, 79.271, -81.9668, 0.1582, 0, 0, 0
L 79.271, -81.9668, 0.1582, 81.9689, -81.9659, 0.1582, 0, 0, 0
L 81.9689, -81.9659, 0.1582, 81.9647, -74.328, 0.1582, 0, 0, 0
L 81.9659, -76.3786, 0.1582, 90.348, -76.3395, 0.1582, 127, 127, 0
L 90.361, -74.334, 0.1582, 90.314, -81.9669, 0.1582, 0, 0, 0
L 90.314, -81.9669, 0.1582, 92.9692, -81.9662, 0.1582, 0, 0, 0
L 92.9649, -74.336, 0.1582, 92.9692, -81.9662, 0.1582, 0, 0, 0
L 79.281, -80.9681, 0.1582, -5.339, -80.9522, 1.1581, 0, 0, 0
L -5.339, -80.9522, 0.1583, -5.343, -263.188, 5.258, 0, 0, 0
L -5.343, -263.188, 5.258, 177.338, -263.187, 8.137, 0, 0, 0
L 177.338, -263.187, 8.137, 177.34, -80.9662, 6.6452, 0, 0, 0
L 177.34, -80.9662, 6.6452, 92.9686, -80.9663, 0.1582, 0, 0, 0
L 105.5301, -109.5366, 1.1592, 148.4669, -109.527, 0.1582, 64, 64, 64
L 148.4669, -109.527, 0.1582, 148.4651, -152.4669, 1.1592, 64, 64, 64
L 148.4651, -152.4669, 0.1582, 142.361, -152.4675, 0.1582, 64, 64, 64
L 142.361, -152.4675, 1.1592, 142.156, -115.9655, 3.3557, 64, 64, 64
L 142.156, -115.9655, 3.3557, 105.5352, -115.9656, 1.1578, 64, 64, 64
L 105.5352, -115.9656, 0.1582, 105.5301, -109.5366, 0.1582, 64, 64, 64
L 66.4663, -109.535, 0.1582, 66.4677, -115.9616, 0.1582, 64, 64, 64
L 66.4677, -115.9616, 1.1579, 29.9655, -115.9813, 5.2363, 64, 64, 64
L 29.9655, -115.9813, 5.2363, 30.242, -152.4653, 1.3182, 64, 64, 64
L 30.242, -152.4653, 0.1582, 23.5346, -152.4696, 0.1582, 64, 64, 64
L 23.5346, -152.4696, 1.1592, 23.5335, -109.5318, 0.1582, 64, 64, 64
L 23.5335, -109.5318, 0.2691, 66.4663, -109.535, 1.1581, 64, 64, 64
L 142.371, -191.5323, 0.1582, 148.4651, -191.5335, 0.1582, 64, 64, 64
L 148.4651, -191.5335, 1.1581, 148.4662, -234.4679, 0.1582, 64, 64, 64
L 148.4662, -234.4679, 0.1582, 105.5374, -234.4642, 1.1592, 64, 64, 64
L 105.5374, -234.4642, 0.1582, 105.5255, -228.343, 0.1582, 64, 64, 64
L 105.5255, -228.343, 1.1581, 142.229, -228.346, 3.3144, 64, 64, 64
L 142.229, -228.346, 3.3144, 142.371, -191.5323, 1.1581, 64, 64, 64
L 66.4637, -228.353, 0.1582, 66.4686, -234.4645, 0.1582, 64, 64, 64
L 66.4686, -234.4645, 1.1519, 23.5335, -234.4665, 0.1582, 64, 64, 64
L 23.5335, -234.4665, 0.1582, 23.5346, -191.5286, 1.1581, 64, 64, 64
L 23.5346, -191.5286, 0.1582, 29.9621, -191.5388, 0.1582, 64, 64, 64
L 29.9621, -191.5388, 1.1578, 29.9795, -228.34, 4.843, 64, 64, 64
L 29.9795, -228.34, 4.843, 66.4637, -228.353, 1.1512, 64, 64, 64
L 79.353, -74.369, 0.1582, 81.9647, -74.289, 0.1582, 0, 0, 0
L 81.9647, -74.328, 0.1582, 90.361, -74.334, 0.1582, 127, 127, 0
L 90.361, -74.334, 0.1582, 92.9649, -74.336, 0.1582, 0, 0, 0
L 92.9663, -75.34, 0.1582, 121.34, -75.34, 0.4544, 0, 0, 0
L 121.34, -75.34, 0.4544, 121.339, 55.341, 3.1044, 0, 0, 0
L 121.339, 55.341, 3.1044, 92.9662, 55.341, 0.1582, 0, 0, 0
L 92.9662, 55.341, 0.1582, 92.9655, 60.9669, 0.1582, 0, 0, 0
L 92.9655, 60.9669, 0.1582, 121.5343, 60.9654, 7.4977, 0, 0, 0
L 121.5343, 60.9654, 7.4977, 121.5344, 108.9612, 3.6766, 0, 0, 0
L 121.5344, 108.9612, 3.6821, 135.338, 108.9926, 0.1582, 0, 0, 0
L 135.338, 108.9926, 0.1582, 135.302, 117.4128, 0.1582, 0, 0, 0
L 135.302, 117.4128, 1.487, 145.1182, 126.9703, 2.9756, 0, 0, 0
L 145.1182, 126.9703, 4.9161, 154.142, 126.9656, 3.9481, 0, 0, 0
L 154.142, 126.9656, 3.9481, 154.341, 194.9898, 7.4409, 0, 0, 0
L 154.341, 194.9898, 7.4409, 125.4654, 195.338, 0.1582, 0, 0, 0
L 125.4654, 195.338, 0.1582, 125.4658, 200.9658, 0.1582, 0, 0, 0
L 125.4658, 200.9658, 0.1582, 129.534, 200.9656, 0.1582, 0, 0, 0
L 129.534, 200.9656, 0.1582, 129.5306, 224.9669, 0.1582, 0, 0, 0
L 107.4688, 224.9665, 1.6755, 107.4659, 200.9658, 0.1582, 0, 0, 0
L 107.4659, 200.9658, 0.1582, 111.534, 200.9658, 0.1582, 0, 0, 0
L 111.534, 200.9658, 0.1582, 111.5341, 195.341, 0.1582, 0, 0, 0
L 111.5341, 195.341, 0.1582, 83.9655, 195.335, 7.5117, 0, 0, 0
L 83.9655, 195.335, 7.5117, 83.9669, 147.395, 0.1582, 0, 0, 0
L 83.9669, 147.395, 0.4755, 70.4659, 147.81, 0.1582, 0, 0, 0
L 70.4659, 147.81, 0.1582, 70.4677, 138.5845, 0.1582, 0, 0, 0
L 70.4677, 138.5845, 0.1582, 60.3836, 129.317, 0.1582, 0, 0, 0
L 60.3836, 129.317, 0.1582, 51.466, 129.34, 0.1582, 0, 0, 0
L 51.466, 129.34, 0.1582, 51.4671, 60.9652, 7.128, 0, 0, 0
L 51.4671, 60.9652, 7.128, 78.9698, 60.9658, 0.1582, 0, 0, 0
L 78.9698, 60.9658, 0.1582, 79.344, 55.337, 0.1582, 0, 0, 0
L 79.344, 55.337, 0.1582, 23.4188, 55.341, 4.5138, 0, 0, 0
L 23.4188, 55.341, 4.5138, 2.9649, 36.131, 0.1582, 0, 0, 0
L 2.9649, 36.131, 0.1582, 2.9663, 6.9653, 0.1582, 0, 0, 0
L 2.9663, 6.9653, 0.1582, -2.9665, 6.9657, 0.1582, 0, 0, 0
L -2.9665, 6.9657, 0.1582, -2.9659, 17.334, 4.2443, 0, 0, 0
L -2.9659, 17.334, 4.2443, -8.9673, 17.295, 2.15, 0, 0, 0
L -8.9673, 17.295, 0.1582, -8.9639, 29.6004, 0.1582, 0, 0, 0
L -8.9639, 29.6004, 0.1582, -20.4271, 41.35, 0.1582, 0, 0, 0
L -20.4271, 41.35, 0.1582, -31.5608, 41.349, 0.1582, 0, 0, 0
L -31.5608, 41.349, 0.1582, -42.9806, 29.6526, 0.1582, 0, 0, 0
L -42.9806, 29.6526, 0.1582, -43.399, 17.317, 0.1582, 0, 0, 0
L -43.399, 17.317, 0.1582, -62.9667, 17.333, 0.1582, 0, 0, 0
L -62.9667, 17.333, 0.1582, -62.9645, 29.5949, 0.1592, 0, 0, 0
L -62.9645, 29.5949, 0.1582, -74.3966, 41.347, 0.1582, 0, 0, 0
L -85.642, 40.9915, 0.1582, -74.3966, 41.347, 0.1582, 0, 0, 0
L -85.5709, 41.347, 0.1582, -97, 29.6338, 0.1582, 0, 0, 0
L -97, 29.6338, 0.1582, -97.414, 17.344, 0.1582, 0, 0, 0
L -97.414, 17.344, 0.1582, -116.9659, 17.311, 0.1582, 0, 0, 0
L -116.9659, 17.311, 0.1582, -116.9697, 29.6031, 0.1582, 0, 0, 0
L -116.9697, 29.6031, 0.1582, -128.3523, 40.9859, 0.1582, 0, 0, 0
L -128.3523, 40.9859, 0.1582, -139.5471, 41.339, 0.1582, 0, 0, 0
L -139.5471, 41.339, 0.1582, -151.54, 29.6294, 0.1582, 0, 0, 0
L -151.54, 29.6294, 0.1582, -151.382, 17.324, 1.451, 0, 0, 0
L -151.382, 17.324, 2.8908, -187.341, 17.343, 0.1582, 0, 0, 0
L -187.341, 17.343, 0.1582, -187.338, 6.9904, 0.1582, 0, 0, 0
L -287.215, -55.676, 10.9838, -287.197, -61.2935, 10.5538, 255, 0, 255
L -258.9664, 36.9658, 0.1582, -271.5751, 36.9656, 0.1582, 0, 0, 0
L -271.5751, 36.9656, 0.1582, -302.9918, 68.3582, 0.1582, 0, 0, 0
L -302.9918, 68.3582, 0.1582, -303.341, 81.336, 0.1582, 0, 0, 0
L -303.341, 81.336, 0.1582, -308.9658, 81.339, 0.1582, 0, 0, 0
L -308.9658, 81.339, 0.1582, -308.9655, 75.9665, 0.1582, 0, 0, 0
L -308.9655, 75.9665, 0.1582, -406.639, 76.44, 0.1582, 0, 0, 0
L -406.639, 76.44, 0.1582, -427.18, 96.3679, 1.1581, 0, 0, 0
L -427.18, 96.3679, 1.1581, -427.208, 117.6359, 4.1581, 0, 0, 0
L -427.208, 117.6359, 4.1581, -423.7549, 124.8829, 4.1581, 0, 0, 0
L -423.7549, 124.8829, 4.1581, -423.791, 136.6933, 4.1581, 0, 0, 0
L -423.791, 136.6933, 4.1581, -427.26, 144.376, 4.1581, 0, 0, 0
L -427.26, 144.376, 4.1581, -426.9857, 165.6479, 1.1581, 0, 0, 0
L -426.9857, 165.6479, 1.1581, -406.5717, 186.341, 4.7915, 0, 0, 0
L -406.5717, 186.341, 4.7915, -363.1071, 186.313, 0.1582, 0, 0, 0
L -363.1071, 186.313, 0.1582, -339.495, 210.338, 0.1582, 0, 0, 0
L -339.495, 210.338, 0.1582, -308.9657, 210.338, 2.4011, 0, 0, 0
L -308.9657, 210.338, 2.4011, -308.9655, 94.9655, 0.1582, 0, 0, 0
L -308.9655, 94.9655, 0.1582, -303.339, 94.9658, 0.7066, 0, 0, 0
L -303.339, 94.9658, 0.7066, -303.342, 107.106, 0.5729, 0, 0, 0
L -303.342, 107.106, 0.5729, -287.5962, 107.366, 0.1582, 0, 0, 0
L -287.5962, 107.366, 0.4571, -271.33, 123.5959, 0.904, 0, 0, 0
L -271.33, 123.5959, 0.1582, -271.341, 139.345, 0.1582, 0, 0, 0
L -271.341, 139.345, 0.1582, -266.9128, 139.312, 0.1582, 0, 0, 0
L -266.9128, 139.312, 0.1582, -259.4617, 135.676, 0.1582, 0, 0, 0
L -259.4617, 135.676, 0.1582, -244.9447, 135.6423, 0.1582, 0, 0, 0
L -244.9447, 135.6423, 0.1582, -237.835, 139.328, 0.7532, 0, 0, 0
L -237.835, 139.328, 0.7532, -232.9659, 139.185, 1.484, 0, 0, 0
L -232.9659, 139.185, 1.484, -232.9671, 107.339, 0.1582, 0, 0, 0
L -232.9671, 107.339, 0.1582, -200.9655, 107.331, 0.1582, 0, 0, 0
L -200.9655, 107.331, 0.1582, -200.9669, 36.9658, 0.1582, 0, 0, 0
L -200.9669, 36.9658, 0.1582, -245.339, 36.9885, 0.1582, 0, 0, 0
L 107.4688, 224.9665, 0.1582, 102.985, 224.9677, 0.1582, 0, 0, 0
L 102.985, 224.9677, 0.1582, 94.1456, 217.12, 5.1421, 0, 0, 0
L 94.1456, 217.12, 5.1421, 59.4662, 216.9658, 0.1582, 0, 0, 0
L 59.4662, 216.9658, 0.1582, 59.4874, 246.1399, 4.2561, 0, 0, 0
L 59.4874, 246.1399, 4.2561, 83.468, 271.6087, 1.9153, 0, 0, 0
L 83.468, 271.6087, 1.5421, 83.4652, 303.511, 0.1582, 0, 0, 0
L 83.4652, 303.511, 0.1582, 110.9159, 327.339, 1.2413, 0, 0, 0
L 110.8859, 327.341, 1.2609, 126.1324, 327.342, 0.1582, 0, 0, 0
L 126.1324, 327.342, 0.1582, 153.5338, 303.5081, 4.4504, 0, 0, 0
L 153.5338, 303.5081, 4.4504, 153.5304, 271.6159, 0.1582, 0, 0, 0
L 153.5304, 271.6159, 0.1582, 177.5089, 246.1442, 4.128, 0, 0, 0
L 177.5089, 246.1442, 4.128, 177.5343, 238.9654, 0.1582, 0, 0, 0
L 177.5343, 238.9654, 0.1582, 183.4661, 238.9658, 0.1582, 0, 0, 0
L 183.4661, 238.9658, 0.1582, 183.4654, 247.349, 0.1582, 0, 0, 0
L 183.4654, 247.349, 0.1582, 218.1269, 247.73, 2.7723, 0, 0, 0
L 218.1269, 247.73, 2.7723, 226.973, 239.314, 0.4727, 0, 0, 0
L 226.973, 239.314, 0.1582, 258.8969, 239.295, 0.1582, 0, 0, 0
L 258.8969, 239.295, 1.3191, 266.8713, 247.53, 5.1696, 0, 0, 0
L 266.8713, 247.53, 5.1696, 301.5341, 247.338, 0.1582, 0, 0, 0
L 301.5341, 247.338, 0.1582, 301.5027, 238.9659, 0.1582, 0, 0, 0
L 301.5027, 238.9659, 0.1582, 307.4658, 238.9661, 0.1582, 0, 0, 0
L 307.4658, 238.9661, 0.1582, 307.4658, 311.341, 0.1582, 0, 0, 0
L 307.4658, 311.341, 0.1582, 311.5346, 311.337, 0.1582, 0, 0, 0
L 311.5346, 311.337, 0.1582, 311.5337, 316.9658, 0.1582, 0, 0, 0
L 311.5337, 316.9658, 0.1582, 307.4655, 316.9655, 0.1582, 0, 0, 0
L 307.4655, 316.9655, 0.1582, 307.4784, 373.341, 0.1582, 0, 0, 0
L 307.4784, 373.341, 0.1582, 301.5341, 373.341, 0.1582, 0, 0, 0
L 301.5341, 373.341, 0.1582, 301.5341, 368.9658, 0.1582, 0, 0, 0
L 301.5341, 368.9658, 0.1582, 167.4909, 368.9655, 0.1582, 0, 0, 0
L 167.4909, 368.9655, 0.1582, 167.4723, 373.341, 0.7579, 0, 0, 0
L 161.5343, 373.335, 0.1971, 167.4723, 373.341, 0.1592, 0, 0, 0
L 161.5341, 372.9791, 0.2182, 161.5035, 368.9655, 1.19, 0, 0, 0
L 161.5035, 368.9655, 1.19, 27.4659, 368.9662, 0.1582, 0, 0, 0
L 27.4659, 368.9662, 0.1582, 27.4652, 373.342, 0.1579, 0, 0, 0
L 27.4652, 373.342, 0.1579, 21.5551, 373.299, 0.1582, 0, 0, 0
L 21.5551, 373.299, 0.1582, 21.471, 328.5158, 0.1582, 0, 0, 0
L 21.471, 328.5158, 0.1582, 12.3964, 325.4463, 0.1973, 0, 0, 0
L 12.3964, 325.4463, 0.1973, 2.9674, 325.432, 0.9057, 0, 0, 0
L 2.9674, 325.432, 0.9057, -17.3384, 313.5242, 11.3495, 0, 0, 0
L -17.3384, 313.5242, 11.3495, -28.655, 321.18, 0.1681, 0, 0, 0
L -28.655, 321.18, 0.1681, -37.4643, 320.697, 2.352, 0, 0, 0
L -37.4643, 320.697, 2.352, -57.5484, 309.5072, 11.9411, 0, 0, 0
L -57.5484, 309.5072, 11.9411, -66.5806, 311.7685, 12.2677, 0, 0, 0
L -66.5806, 311.7685, 12.2677, -76.5717, 321.1084, 0.1582, 0, 0, 0
L -76.5717, 321.1084, 0.1582, -77.831, 324.971, 0.1582, 0, 0, 0
L -77.831, 324.971, 0.1582, -82.7484, 327.2586, 0.1583, 0, 0, 0
L -82.7484, 327.2586, 0.1583, -89.5465, 346.184, 0.1582, 0, 0, 0
L -89.5465, 346.184, 0.1582, -95.43, 355.442, 11.2504, 0, 0, 0
L -95.43, 355.442, 11.2504, -91.9673, 368.9642, 2.1581, 0, 0, 0
L -106.4659, 368.9669, 0.4434, -106.4656, 357.5505, 9.3725, 0, 0, 0
L -106.4656, 357.5505, 9.3725, -129.3903, 349.8951, 9.6239, 0, 0, 0
L -129.3903, 349.8951, 9.6239, -145.4568, 350.8553, 9.4353, 0, 0, 0
L -145.4568, 350.8553, 9.4353, -154.13, 354.187, 9.3351, 0, 0, 0
L -154.13, 354.187, 9.3351, -161.557, 353.9594, 9.4959, 0, 0, 0
L -161.557, 353.9594, 9.4959, -169.5285, 357.799, 9.3459, 0, 0, 0
L -169.5285, 357.799, 9.3459, -184.3249, 359.6302, 10.4489, 0, 0, 0
L -184.3249, 359.6302, 10.4489, -234.55, 349.9383, 9.3297, 0, 0, 0
L -234.55, 349.9383, 9.5121, -265.7291, 350.8047, 9.4823, 0, 0, 0
L -265.7291, 350.8047, 9.4823, -281.4033, 354.1043, 9.2917, 0, 0, 0
L -281.4033, 354.1043, 9.2917, -298.2042, 354.194, 9.4679, 0, 0, 0
L -298.2042, 354.194, 9.4679, -332.6614, 359.1702, 9.1931, 0, 0, 0
L -332.6614, 359.1702, 9.1931, -343.3709, 366.117, 8.9739, 0, 0, 0
L -343.3709, 366.117, 8.9739, -354.3476, 377.2293, 8.9288, 0, 0, 0
L -354.3476, 377.2293, 8.9288, -359.3353, 383.8423, 9.189, 0, 0, 0
L -359.3353, 383.8423, 9.189, -361.8507, 405.398, 8.7347, 0, 0, 0
L -361.8507, 405.398, 8.7347, -361.1951, 420.8713, 8.924, 0, 0, 0
L -361.1951, 420.8713, 8.924, -358.2749, 435.1793, 8.733, 0, 0, 0
L -358.2749, 435.1793, 8.733, -354.1129, 468.3433, 8.4914, 0, 0, 0
L -354.1129, 468.3433, 8.4914, -357.1752, 485.8632, 8.9121, 0, 0, 0
L -357.1752, 485.8632, 8.9121, -361.839, 501.204, 8.7637, 0, 0, 0
L -361.839, 501.204, 8.7637, -361.9445, 510.6678, 8.6964, 0, 0, 0
L -361.9445, 510.6678, 8.6964, -365.1288, 518.6464, 8.9791, 0, 0, 0
L -365.1288, 518.6464, 8.9791, -364.5364, 527.55, 8.226, 0, 0, 0
L -364.5364, 527.55, 8.226, -368.4096, 534.7517, 9.399, 0, 0, 0
L -318.8466, 518.322, 8.9917, -318.674, 511.163, 8.6728, 0, 0, 0
L -318.674, 511.163, 8.752, -317.9877, 501.6768, 8.6608, 0, 0, 0
L -317.9877, 501.6768, 8.6608, -315.2056, 484.8163, 8.9177, 0, 0, 0
L -315.2056, 484.8163, 8.9177, -311.2998, 471.4128, 8.8867, 0, 0, 0
L -311.2998, 471.4128, 8.8867, -311.6211, 454.1532, 9.182, 0, 0, 0
L -311.6211, 454.1532, 9.182, -315.5647, 437.1619, 8.4111, 0, 0, 0
L -315.5647, 437.1619, 8.4111, -314.8233, 421.5957, 8.9471, 0, 0, 0
L -314.8233, 421.5957, 8.9471, -318.273, 405.9232, 8.711, 0, 0, 0
L -318.273, 405.9232, 8.711, -314.7819, 401.9485, 8.4997, 0, 0, 0
L -314.7819, 401.9485, 8.4997, -298.649, 400.6483, 8.9824, 0, 0, 0
L -298.649, 400.6483, 8.9824, -282.1268, 397.405, 8.5239, 0, 0, 0
L -282.1268, 397.405, 8.5239, -263.716, 395.562, 8.4328, 0, 0, 0
L -263.716, 395.562, 8.4328, -233.8549, 396.6412, 8.9998, 0, 0, 0
L -233.8549, 396.6412, 8.9998, -217.8122, 395.9947, 8.4437, 0, 0, 0
L -217.8122, 395.9947, 8.4437, -201.3288, 399.9048, 9.83, 0, 0, 0
L -201.3288, 399.9048, 9.83, -184.8389, 401.3621, 8.653, 0, 0, 0
L -184.8389, 401.3621, 8.653, -161.659, 400.6499, 8.986, 0, 0, 0
L -161.659, 400.6499, 8.986, -151.635, 397.3129, 8.94, 0, 0, 0
L -151.635, 397.3129, 8.94, -137.6891, 393.514, 8.518, 0, 0, 0
L -137.6891, 393.514, 8.518, -129.25, 396.6385, 9.76, 0, 0, 0
L -129.25, 396.6385, 9.76, -118.6332, 397.8168, 8.8992, 0, 0, 0
L -118.6332, 397.8168, 8.8992, -106.4655, 400.6496, 8.9277, 0, 0, 0
L -106.4655, 400.6496, 8.9277, -106.4686, 391.321, 0.4422, 0, 0, 0
L -106.4686, 391.321, 2.1941, -93.1223, 391.326, 2.1953, 0, 0, 0
L -106.4659, 368.9669, 2.1962, -91.9664, 368.9678, 2.1951, 0, 0, 0
L -93.123, 391.357, 0.1585, -80.9706, 391.312, 0.1582, 127, 127, 127
L -80.9706, 391.312, 0.1583, -72.6963, 405.9608, 0.1592, 127, 127, 127
L -72.6963, 405.9608, 0.1592, -66.8161, 413.3109, 0.1591, 127, 127, 127
L -66.8161, 413.3109, 0.1591, -59.998, 419.3989, 0.1631, 127, 127, 127
L -59.998, 419.3989, 0.1631, -51.1495, 423.7341, 0.1629, 127, 127, 127
L -51.1495, 423.7341, 0.1629, -42.9358, 426.151, 0.1621, 127, 127, 127
L -42.9358, 426.151, 0.1621, -33.4348, 427.228, 0.1633, 127, 127, 127
L -33.4348, 427.228, 0.1633, -23.7789, 425.9363, 0.1629, 127, 127, 127
L -23.7789, 425.9363, 0.1629, -15.581, 423.4248, 0.1631, 127, 127, 127
L -15.581, 423.4248, 0.1631, -7.3952, 419.792, 0.1636, 127, 127, 127
L -7.3952, 419.792, 0.1636, 0.516, 413.153, 0.1635, 127, 127, 127
L 0.516, 413.153, 0.1635, 6.73, 405.2887, 0.1636, 127, 127, 127
L 6.73, 405.2887, 0.1636, 13.955, 391.341, 0.1582, 127, 127, 127
L 13.955, 391.341, 0.1582, 21.5381, 391.351, 0.1549, 127, 127, 127
L 27.4656, 386.9658, 0.1582, 21.5431, 386.9538, 0.1582, 0, 0, 0
L 21.5431, 386.9538, 0.1582, 21.4883, 431.4628, 0.1582, 0, 0, 0
L 21.4883, 431.4628, 0.1582, 12.7796, 434.5208, 0.1583, 0, 0, 0
L 12.7796, 434.5208, 0.1583, 2.168, 435.4889, 1.961, 0, 0, 0
L 2.168, 435.4889, 1.961, -10.835, 444.8374, 10.606, 0, 0, 0
L -10.835, 444.8374, 10.606, -17.3917, 446.4687, 11.3102, 0, 0, 0
L -17.3917, 446.4687, 11.3102, -27.8552, 438.6379, 0.1582, 0, 0, 0
L -27.8552, 438.6379, 0.1582, -38.6754, 439.4198, 0.6605, 0, 0, 0
L -38.6754, 439.4198, 0.6605, -58.4943, 446.7422, 3.8897, 0, 0, 0
L -58.4943, 446.7422, 3.8897, -71.3092, 444.8958, 8.7942, 0, 0, 0
L -71.3092, 444.8958, 8.7942, -76.6693, 439.7343, 1.758, 0, 0, 0
L -76.6693, 439.7343, 1.758, -78.4141, 435.6281, 0.1582, 0, 0, 0
L -78.4141, 435.6281, 0.1582, -84.183, 432.8279, 4.4904, 0, 0, 0
L -84.183, 432.8279, 4.4904, -94.5549, 413.2533, 11.7529, 0, 0, 0
L -94.5549, 413.2533, 11.7529, -94.397, 397.4447, 7.2782, 0, 0, 0
L -94.397, 397.4447, 7.2782, -93.1223, 391.326, 3.5257, 0, 0, 0
L -91.9673, 368.9642, 0.1583, -80.9835, 368.9662, 0.1582, 127, 127, 127
L -80.9835, 368.9662, 0.1583, -71.9994, 353.1702, 0.1633, 127, 127, 127
L -71.9994, 353.1702, 0.1633, -66.2929, 346.2708, 0.1629, 127, 127, 127
L -66.2929, 346.2708, 0.1629, -58.9348, 340.509, 0.1631, 127, 127, 127
L -58.9348, 340.509, 0.1631, -51.2738, 336.3, 0.1626, 127, 127, 127
L -51.2738, 336.3, 0.1626, -41.9572, 333.6988, 0.288, 127, 127, 127
L -41.9572, 333.6988, 0.288, -32.6396, 333.615, 0.1629, 127, 127, 127
L -32.6396, 333.615, 0.1629, -23.872, 334.2558, 0.1632, 127, 127, 127
L -23.872, 334.2558, 0.1632, -14.9948, 336.6111, 0.1628, 127, 127, 127
L -14.9948, 336.6111, 0.1628, -7.3403, 340.9642, 0.1634, 127, 127, 127
L -7.3403, 340.9642, 0.1634, 0.1848, 347.1519, 0.1637, 127, 127, 127
L 0.1848, 347.1519, 0.1637, 5.8293, 354.2812, 0.1638, 127, 127, 127
L 5.8293, 354.2812, 0.1638, 13.9585, 368.9655, 0.1582, 127, 127, 127
L 13.9585, 368.9655, 0.1582, 21.5475, 368.9658, 0.1589, 127, 127, 127
L 27.4656, 386.9655, 0.1582, 27.4676, 391.342, 0.1582, 0, 0, 0
L 27.4676, 391.342, 0.1582, 83.4676, 391.326, 1.1042, 0, 0, 0
L 83.4676, 391.326, 1.654, 83.465, 431.7239, 1.5582, 0, 0, 0
L 83.465, 431.7239, 1.5582, 85.9209, 431.2932, 0.721, 0, 0, 0
L 85.9209, 431.2932, 0.721, 100.8957, 431.2928, 0.1582, 0, 0, 0
L 100.8957, 431.2928, 0.1582, 105.5347, 433.733, 0.1582, 0, 0, 0
L 105.5347, 433.733, 0.1582, 105.5332, 391.33, 0.1582, 0, 0, 0
L 105.5332, 391.33, 0.1582, 161.5343, 391.341, 0.1582, 0, 0, 0
L 161.5343, 391.341, 0.1582, 161.534, 386.9655, 0.1582, 0, 0, 0
L 161.534, 386.9655, 0.1582, 167.4654, 386.9657, 0.1582, 0, 0, 0
L 167.4654, 386.9657, 0.1582, 167.4658, 391.344, 0.1582, 0, 0, 0
L 167.4658, 391.344, 0.1582, 223.4659, 391.33, 0.9985, 0, 0, 0
L 223.4659, 391.33, 1.6092, 223.4654, 439.341, 2.859, 0, 0, 0
L 223.4654, 439.341, 2.859, 227.534, 439.342, 0.9378, 0, 0, 0
L 227.534, 439.342, 0.9378, 227.5345, 444.9657, 0.1582, 0, 0, 0
L 227.5345, 444.9657, 0.1582, 222.4655, 444.9658, 0.1582, 0, 0, 0
L 222.4655, 444.9658, 0.1582, 222.4668, 563.34, 0.1582, 0, 0, 0
L 222.4668, 563.34, 0.1582, 254.4475, 563.334, 0.1582, 0, 0, 0
L 254.4475, 563.334, 0.1582, 254.4818, 568.9652, 0.1582, 0, 0, 0
L 254.4818, 568.9652, 0.1582, 226.4658, 568.9661, 0.1582, 0, 0, 0
L 226.4658, 568.9661, 0.1582, 226.4665, 588.9674, 0.1582, 0, 0, 0
L 226.4665, 588.9674, 0.1582, 194.714, 588.966, 0.2463, 0, 0, 0
L 194.714, 588.966, 0.2463, 178.4806, 612.2698, 0.1582, 0, 0, 0
L 178.4806, 612.2698, 0.1582, 178.4656, 637.34, 0.1582, 0, 0, 0
L 178.4656, 637.34, 0.1582, 172.5336, 637.34, 0.1582, 0, 0, 0
L 172.5336, 637.34, 0.1582, 172.5338, 624.965, 0.1331, 0, 0, 0
L 172.5338, 624.965, 0.1331, 140.5341, 624.971, 0.4039, 0, 0, 0
L 140.5341, 624.971, 0.1582, 140.529, 592.9652, 0.1582, 0, 0, 0
L 140.529, 592.9652, 0.1582, 70.4651, 592.9647, 4.9675, 0, 0, 0
L 70.4651, 592.9647, 4.9675, 70.4658, 663.339, 2.2722, 0, 0, 0
L 70.4658, 663.339, 2.2722, 102.4693, 663.28, 0.1582, 0, 0, 0
L 102.4693, 663.28, 0.1582, 102.4658, 695.339, 0.1582, 0, 0, 0
L 102.4658, 695.339, 0.1582, 172.534, 695.33, 0.1582, 0, 0, 0
L 172.534, 695.33, 0.1582, 172.5341, 650.9657, 0.1582, 0, 0, 0
L 172.5341, 650.9657, 0.1582, 178.4892, 650.9652, 0.1582, 0, 0, 0
L 178.4892, 650.9652, 0.1582, 178.4909, 680.2209, 0.1572, 0, 0, 0
L 178.4909, 680.2209, 0.1572, 198.9815, 703.338, 4.5026, 0, 0, 0
L 198.9815, 703.338, 4.5026, 254.5339, 703.236, 0.1582, 0, 0, 0
L 254.5339, 703.236, 0.1582, 254.534, 708.966, 0.1582, 0, 0, 0
L 254.534, 708.966, 0.1582, 225.9662, 708.9656, 0.8575, 0, 0, 0
L 225.9662, 708.9656, 0.8575, 225.9656, 795.34, 7.2397, 0, 0, 0
L 225.9656, 795.34, 7.2397, 258.4658, 795.336, 3.6543, 0, 0, 0
L 258.4658, 795.336, 3.2833, 258.4698, 843.344, 7.4828, 0, 0, 0
L 258.4698, 843.344, 7.4828, 287.341, 843.339, 0.1582, 0, 0, 0
L 287.341, 843.339, 0.1582, 287.337, 849.25, 0.1582, 0, 0, 0
L 287.337, 849.25, 0.1582, 281.9658, 848.9657, 0.1582, 0, 0, 0
L 281.9658, 848.9657, 0.1582, 281.9658, 967.34, 0.1582, 0, 0, 0
L 281.9658, 967.34, 0.1582, 360.341, 967.34, 0.1582, 0, 0, 0
L 360.341, 967.34, 0.1582, 360.264, 848.965, 0.1582, 0, 0, 0
L 360.264, 848.965, 0.1582, 337.9658, 849.163, 0.1582, 0, 0, 0
L 337.9658, 849.163, 0.1582, 337.9707, 880.9657, 0.1582, 0, 0, 0
L 304.296, 880.9668, 0.1582, 337.9707, 880.9657, 0.1582, 0, 0, 0
L 304.296, 880.9668, 0.4049, 304.337, 848.9657, 0.1582, 0, 0, 0
L 304.337, 848.9657, 0.1582, 301.79, 848.9659, 0.1582, 0, 0, 0
L 301.79, 848.9659, 0.1582, 300.9658, 843.34, 0.1582, 0, 0, 0
L 300.9658, 843.34, 0.1582, 328.5341, 843.338, 6.9008, 0, 0, 0
L 328.5341, 843.338, 6.9008, 328.4741, 756.9659, 7.3742, 0, 0, 0
L 328.4741, 756.9659, 7.3742, 296.319, 756.9659, 0.1582, 0, 0, 0
L 296.337, 708.9679, 0.1582, 268.4658, 708.966, 0.1582, 0, 0, 0
L 296.337, 708.9679, 0.1582, 296.319, 756.9659, 0.1582, 0, 0, 0
L 268.4657, 708.9668, 0.1582, 268.4655, 703.335, 0.1582, 0, 0, 0
L 268.4655, 703.335, 0.1582, 296.5341, 703.48, 3.1261, 0, 0, 0
L 296.5341, 703.48, 3.1261, 296.5342, 650.9661, 4.1581, 0, 0, 0
L 296.5342, 650.9661, 4.1581, 302.4667, 650.9655, 4.1581, 0, 0, 0
L 302.4667, 650.9655, 4.1581, 302.4667, 661.34, 4.1581, 0, 0, 0
L 302.4667, 661.34, 4.1581, 338.466, 661.318, 6.4183, 0, 0, 0
L 338.466, 661.318, 5.6121, 338.4649, 673.5641, 4.1581, 0, 0, 0
L 338.4649, 673.5641, 4.1581, 349.8781, 685.121, 4.1581, 0, 0, 0
L 349.8781, 685.121, 4.1581, 361.264, 685.349, 4.1581, 0, 0, 0
L 361.264, 685.349, 4.1581, 372.5362, 673.6042, 4.1581, 0, 0, 0
L 372.5362, 673.6042, 4.1581, 372.5323, 661.338, 4.1581, 0, 0, 0
L 372.5323, 661.338, 4.1581, 392.4658, 661.289, 4.1581, 0, 0, 0
L 392.4658, 661.289, 4.1581, 392.4655, 673.5979, 4.1581, 0, 0, 0
L 392.4655, 673.5979, 4.1581, 403.9778, 685.349, 4.1581, 0, 0, 0
L 403.9778, 685.349, 4.1581, 415.545, 685.344, 4.1581, 0, 0, 0
L 415.545, 685.344, 4.1581, 426.533, 673.6061, 4.1581, 0, 0, 0
L 426.533, 673.6061, 4.1581, 426.5328, 661.321, 4.1581, 0, 0, 0
L 426.5328, 661.321, 4.1581, 446.466, 661.275, 4.1581, 0, 0, 0
L 446.4648, 673.5119, 4.1581, 446.466, 661.275, 4.1581, 0, 0, 0
L 446.5126, 673.6462, 4.1581, 457.9904, 685.349, 4.1581, 0, 0, 0
L 457.9904, 685.349, 4.1581, 469.1367, 684.9968, 4.1581, 0, 0, 0
L 469.1367, 684.9968, 4.1581, 480.536, 673.5983, 4.1581, 0, 0, 0
L 480.536, 673.5983, 4.1581, 480.5321, 661.478, 4.1581, 0, 0, 0
L 480.5321, 661.478, 5.8395, 486.5339, 661.184, 8.3127, 0, 0, 0
L 486.5339, 661.184, 8.3127, 486.5335, 650.9655, 4.1581, 0, 0, 0
L 486.5335, 650.9655, 4.1581, 492.4655, 651.294, 4.282, 0, 0, 0
L 492.4655, 651.294, 4.282, 492.4653, 667.316, 12.7569, 0, 0, 0
L 492.4653, 667.316, 12.7569, 499.3387, 666.6484, 12.9841, 0, 0, 0
L 499.3387, 666.6484, 12.9841, 515.2935, 661.9092, 12.9943, 0, 0, 0
L 515.2935, 661.9092, 12.9943, 523.4085, 659.9333, 11.9611, 0, 0, 0
L 523.4085, 659.9333, 11.9611, 531.7054, 662.6385, 12.9969, 0, 0, 0
L 531.7054, 662.6385, 12.9969, 539.8519, 662.1897, 12.5028, 0, 0, 0
L 539.8519, 662.1897, 12.5028, 548.9546, 666.38, 12.7956, 0, 0, 0
L 548.9546, 666.38, 12.7956, 555.6198, 667.4918, 12.6959, 0, 0, 0
L 555.732, 623.5453, 12.6747, 546.9353, 621.144, 13.353, 0, 0, 0
L 546.9353, 621.144, 13.353, 539.9401, 619.8989, 12.6104, 0, 0, 0
L 539.9401, 619.8989, 12.6104, 531.3604, 616.3528, 12.9684, 0, 0, 0
L 531.3604, 616.3528, 12.9684, 515.7294, 617.1123, 13.38, 0, 0, 0
L 515.7294, 617.1123, 13.38, 508.3097, 620.5048, 12.5167, 0, 0, 0
L 508.3097, 620.5048, 12.5167, 499.7112, 620.3632, 13.54, 0, 0, 0
L 499.7112, 620.3632, 13.54, 492.4712, 623.2419, 12.7199, 0, 0, 0
L 492.4712, 623.2419, 12.7199, 492.4657, 637.334, 4.2805, 0, 0, 0
L 492.4657, 637.334, 4.2805, 486.5022, 637.34, 4.1581, 0, 0, 0
L 486.5022, 637.34, 4.1581, 486.5342, 626.9918, 4.1581, 0, 0, 0
L 486.5342, 626.9918, 4.1581, 480.5333, 626.955, 4.1581, 0, 0, 0
L 480.5333, 626.955, 4.1581, 480.535, 614.4891, 4.1581, 0, 0, 0
L 480.535, 614.4891, 4.1581, 469.1138, 602.9782, 4.1581, 0, 0, 0
L 469.1138, 602.9782, 4.1581, 457.877, 602.9874, 4.1581, 0, 0, 0
L 457.877, 602.9874, 4.1581, 446.4633, 614.4018, 4.1581, 0, 0, 0
L 446.4633, 614.4018, 4.1581, 446.4676, 626.9669, 4.1581, 0, 0, 0
L 446.4676, 626.9669, 4.1581, 426.5391, 626.9709, 4.1581, 0, 0, 0
L 426.5391, 626.9709, 4.1581, 426.499, 614.3651, 4.1581, 0, 0, 0
L 426.499, 614.3651, 4.1581, 415.484, 602.9659, 4.1581, 0, 0, 0
L 415.484, 602.9659, 4.1581, 403.8767, 602.989, 4.1581, 0, 0, 0
L 403.8767, 602.989, 4.1581, 392.4664, 614.3979, 4.1581, 0, 0, 0
L 392.4664, 614.3979, 4.1581, 392.4662, 626.9654, 4.1581, 0, 0, 0
L 392.4662, 626.9654, 4.1581, 372.5333, 626.9691, 4.1581, 0, 0, 0
L 372.5333, 626.9691, 4.1589, 372.5341, 614.4226, 4.1581, 0, 0, 0
L 372.5341, 614.4226, 4.1581, 361.518, 602.9659, 4.1581, 0, 0, 0
L 361.518, 602.9659, 4.1581, 349.8659, 603, 4.1581, 0, 0, 0
L 349.8659, 603, 4.1581, 338.4682, 614.3968, 4.1581, 0, 0, 0
L 338.4682, 614.3968, 4.1581, 338.4662, 626.9675, 4.1581, 0, 0, 0
L 338.4662, 626.9675, 4.1581, 302.4658, 626.9666, 4.1581, 0, 0, 0
L 302.4658, 626.9666, 4.1581, 302.4658, 637.34, 4.1581, 0, 0, 0
L 302.4658, 637.34, 4.1581, 296.5341, 637.344, 4.1581, 0, 0, 0
L 296.5341, 637.344, 4.1581, 296.5339, 568.9655, 0.4669, 0, 0, 0
L 296.5339, 568.9655, 0.4669, 268.4658, 568.9655, 0.1582, 0, 0, 0
L 268.4658, 568.9655, 0.1582, 268.4655, 563.34, 0.1582, 0, 0, 0
L 268.4655, 563.34, 0.1582, 300.5337, 563.34, 0.1582, 0, 0, 0
L 300.5337, 563.34, 0.1582, 300.5337, 444.9655, 0.1582, 0, 0, 0
L 300.5337, 444.9655, 0.1582, 278.4664, 444.9655, 0.1582, 0, 0, 0
L 278.4664, 444.9655, 0.1582, 278.4712, 476.9658, 0.1582, 0, 0, 0
L 278.4712, 476.9658, 0.1582, 244.5313, 476.9666, 0.1582, 0, 0, 0
L 244.5313, 476.9666, 0.1582, 244.5345, 444.9889, 0.1582, 0, 0, 0
L 244.5345, 444.9889, 0.1582, 241.4653, 444.966, 0.1582, 0, 0, 0
L 241.4653, 444.966, 0.1582, 241.4656, 439.342, 0.1582, 0, 0, 0
L 241.4656, 439.342, 0.1582, 245.5338, 439.341, 0.1582, 0, 0, 0
L 245.5338, 439.341, 0.1582, 245.5305, 391.364, 0.1582, 0, 0, 0
L 245.5305, 391.364, 0.1582, 301.5337, 390.9911, 0.1582, 0, 0, 0
L 301.5337, 390.9911, 0.1582, 301.5341, 386.9653, 0.1582, 0, 0, 0
L 301.5341, 386.9653, 0.1582, 307.4657, 386.9814, 0.1582, 0, 0, 0
L 307.4657, 386.9814, 0.1582, 307.4658, 443.339, 0.1582, 0, 0, 0
L 307.4658, 443.339, 0.1582, 329.5342, 443.335, 3.179, 0, 0, 0
L 329.5342, 443.335, 3.179, 329.5333, 316.9655, 0.1582, 0, 0, 0
L 329.5333, 316.9655, 0.1582, 325.4653, 316.9666, 0.1582, 0, 0, 0
L 325.4653, 316.9666, 0.1582, 325.4658, 311.341, 0.1582, 0, 0, 0
L 325.4658, 311.341, 0.1582, 329.5344, 311.342, 0.1582, 0, 0, 0
L 329.5344, 311.342, 0.1582, 329.5307, 183.31, 0.1582, 0, 0, 0
L 329.5307, 183.31, 0.1582, 457.5339, 183.34, 2.1425, 0, 0, 0
L 457.5339, 183.34, 2.1425, 457.4698, 160.9658, 0.1582, 0, 0, 0
L 457.4698, 160.9658, 0.1582, 388.9189, 160.9653, 0.1582, 0, 0, 0
L 388.9189, 160.9653, 0.1582, 384.7239, 162.6342, 0.1582, 0, 0, 0
L 384.7239, 162.6342, 0.1582, 374.288, 162.4841, 0.1582, 0, 0, 0
L 374.288, 162.4841, 0.1582, 369.7554, 160.9654, 0.1582, 0, 0, 0
L 369.7554, 160.9654, 0.1582, 307.4655, 160.9662, 3.1413, 0, 0, 0
L 307.4655, 160.9662, 3.1413, 307.4658, 225.341, 0.1582, 0, 0, 0
L 307.4658, 225.341, 0.1582, 301.5342, 225.344, 1.494, 0, 0, 0
L 301.5342, 225.344, 1.494, 301.5337, 217.955, 4.2746, 0, 0, 0
L 301.5337, 217.955, 4.2746, 277.5296, 192.3753, 1.9685, 0, 0, 0
L 277.5296, 192.3753, 2.2492, 277.5341, 160.4704, 0.1582, 0, 0, 0
L 277.5341, 160.4704, 0.1582, 258.2438, 143.9101, 3.2189, 0, 0, 0
L 258.2438, 143.9101, 3.2189, 249.1028, 147.9858, 0.1582, 0, 0, 0
L 249.1028, 147.9858, 0.1582, 237.396, 148.62, 0.1582, 0, 0, 0
L 237.396, 148.62, 0.1582, 226.9071, 143.7873, 0.1582, 0, 0, 0
L 226.9071, 143.7873, 0.1582, 207.4653, 160.504, 4.5266, 0, 0, 0
L 207.4653, 160.504, 4.5266, 207.4662, 192.3866, 0.1582, 0, 0, 0
L 207.4662, 192.3866, 0.1582, 183.4959, 217.8512, 4.1555, 0, 0, 0
L 183.4959, 217.8512, 4.1555, 183.4665, 225.352, 0.1582, 0, 0, 0
L 183.4665, 225.352, 0.1582, 177.5341, 225.341, 0.1582, 0, 0, 0
L 177.5341, 225.341, 0.1582, 177.5336, 216.9654, 0.1582, 0, 0, 0
L 177.5336, 216.9654, 0.1582, 142.9523, 216.9652, 2.8594, 0, 0, 0
L 142.9523, 216.9652, 2.8594, 134.8922, 224.9656, 0.3162, 0, 0, 0
L 134.8922, 224.9656, 0.1582, 129.5306, 224.9669, 0.1582, 0, 0, 0
L -318.8424, 518.2966, 8.9932, -322.2959, 526.5752, 8.549, 0, 0, 0
L -322.2959, 526.5752, 8.549, -325.132, 543.7315, 7.9055, 0, 0, 0
L -325.132, 543.7315, 7.9055, -322.8288, 550.6961, 8.96, 0, 0, 0
L -322.8288, 550.6961, 8.96, -322.8876, 556.953, 8.7376, 0, 0, 0
L -322.8876, 556.953, 8.7376, -319.4547, 567.6753, 8.8185, 0, 0, 0
L -319.4547, 567.6753, 8.8185, -317.4927, 579.7994, 8.5599, 0, 0, 0
L -317.4927, 579.7994, 8.5599, -308.3285, 581.8391, 8.9792, 0, 0, 0
L -308.3285, 581.8391, 8.9792, -301.9988, 586.8541, 8.2583, 0, 0, 0
L -301.9988, 586.8541, 8.2583, -294.147, 588.9835, 9.109, 0, 0, 0
L -294.147, 588.9835, 9.109, -286.9112, 594.8577, 8.8604, 0, 0, 0
L -286.9112, 594.8577, 8.8604, -269.9904, 612.976, 8.9608, 0, 0, 0
L -269.9904, 612.976, 8.9608, -267.8577, 619.5045, 8.8026, 0, 0, 0
L -267.8577, 619.5045, 8.8026, -266.2583, 630.822, 8.6991, 0, 0, 0
L -266.2583, 630.822, 8.6991, -246.4157, 654.5479, 8.5048, 0, 0, 0
L -246.4157, 654.5479, 8.5048, -237.1031, 672.529, 8.6271, 0, 0, 0
L -237.1031, 672.529, 8.6271, -244.5977, 686.3835, 8.6516, 0, 0, 0
L -244.5977, 686.3835, 8.6516, -248.4651, 693.4746, 8.8743, 0, 0, 0
L -248.4651, 693.4746, 8.8743, -237.251, 718.6513, 8.7463, 0, 0, 0
L -237.251, 718.6513, 8.7463, -248.5699, 759.715, 8.3392, 0, 0, 0
L -248.5699, 759.715, 8.3392, -242.7767, 778.1393, 8.726, 0, 0, 0
L -242.7767, 778.1393, 8.726, -244.9924, 784.5253, 8.9835, 0, 0, 0
L -244.9924, 784.5253, 8.9835, -252.2221, 793.2983, 8.7927, 0, 0, 0
L -252.2221, 793.2983, 8.7927, -270.7882, 809.1929, 8.9742, 0, 0, 0
L -270.7882, 809.1929, 8.9742, -278.3919, 812.258, 8.8133, 0, 0, 0
L -278.3919, 812.258, 8.8133, -283.2799, 815.6515, 8.9899, 0, 0, 0
L -283.2799, 815.6515, 8.9899, -292.331, 817.1952, 8.5238, 0, 0, 0
L -292.331, 817.1952, 8.5238, -310.199, 818.8902, 8.5352, 0, 0, 0
L -310.199, 818.8902, 8.5352, -316.1301, 827.7521, 8.4, 0, 0, 0
L -316.1301, 827.7521, 8.4, -317.9843, 834.9787, 9.92, 0, 0, 0
L -317.9843, 834.9787, 9.92, -324.499, 842.9329, 8.8534, 0, 0, 0
L -324.499, 842.9329, 8.8534, -342.1804, 859.508, 8.9661, 0, 0, 0
L -342.1804, 859.508, 8.9661, -351.1641, 862.5566, 8.7568, 0, 0, 0
L -351.1641, 862.5566, 8.7568, -357.2405, 866.2187, 8.9309, 0, 0, 0
L -357.2405, 866.2187, 8.9309, -371.6945, 866.1653, 8.9908, 0, 0, 0
L -371.6945, 866.1653, 8.9908, -379.1947, 861.5, 8.6127, 0, 0, 0
L -379.1947, 861.5, 8.6127, -386.3652, 858.7166, 8.7974, 0, 0, 0
L -386.3652, 858.7166, 8.7974, -395.5985, 850.9768, 8.7911, 0, 0, 0
L -395.5985, 850.9768, 8.7911, -404.7755, 841.2382, 8.8609, 0, 0, 0
L -404.7755, 841.2382, 8.8609, -412.228, 827.72, 8.5629, 0, 0, 0
L -412.228, 827.72, 8.5629, -417.4395, 819.2219, 8.503, 0, 0, 0
L -417.4395, 819.2219, 8.503, -433.9538, 817.426, 8.5359, 64, 64, 64
L -433.9538, 817.426, 8.5359, -456.939, 818.9901, 8.673, 64, 64, 64
L -456.939, 818.9901, 8.673, -478.4126, 813.3042, 8.6428, 0, 0, 0
L -478.4126, 813.3042, 8.6428, -495.6918, 814.7789, 8.9672, 0, 0, 0
L -495.6918, 814.7789, 8.9672, -504.7443, 805.7534, 8.9221, 0, 0, 0
L -504.7443, 805.7534, 8.9221, -500.4959, 784.9838, 8.772, 0, 0, 0
L -500.4959, 784.9838, 8.772, -511.4184, 746.9976, 8.6343, 0, 0, 0
L -511.4184, 746.9976, 8.6343, -499.4234, 724.3804, 8.9596, 0, 0, 0
L -499.4234, 724.3804, 8.9596, -511.4164, 700.9895, 8.6273, 0, 0, 0
L -511.4164, 700.9895, 8.6273, -501.161, 682.1405, 8.5431, 0, 0, 0
L -501.161, 682.1405, 8.5431, -507.4734, 660.936, 8.6866, 0, 0, 0
L -507.4734, 660.936, 8.6866, -504.8756, 642.3694, 8.9085, 0, 0, 0
L -504.8756, 642.3694, 8.9085, -495.6528, 633.1898, 8.9473, 0, 0, 0
L -495.6528, 633.1898, 8.9473, -476.3944, 635.276, 8.2705, 0, 0, 0
L -476.3944, 635.276, 8.2705, -456.8881, 629.793, 8.7611, 0, 0, 0
L -456.8881, 629.793, 8.7611, -437.4875, 630.745, 8.5385, 0, 0, 0
L -437.4875, 630.745, 8.5385, -418.3987, 629.1526, 8.682, 0, 0, 0
L -418.3987, 629.1526, 8.682, -412.344, 620.3097, 8.5833, 0, 0, 0
L -412.344, 620.3097, 8.5833, -410.248, 612.9831, 8.9544, 0, 0, 0
L -410.248, 612.9831, 8.9544, -394.9, 595.4556, 8.8324, 0, 0, 0
L -394.9, 595.4556, 8.8324, -383.8444, 588.1675, 8.9525, 0, 0, 0
L -383.8444, 588.1675, 8.9525, -376.6193, 585.3315, 8.7074, 0, 0, 0
L -376.6193, 585.3315, 8.7074, -371.833, 581.8885, 8.9074, 0, 0, 0
L -368.4096, 534.7517, 9.154, -369.1485, 550.3383, 8.9847, 0, 0, 0
L -369.1485, 550.3383, 8.9847, -365.4841, 558.5916, 8.4905, 0, 0, 0
L -365.4841, 558.5916, 8.4905, -364.6757, 565.159, 9.266, 0, 0, 0
L -364.6757, 565.159, 9.266, -362.1395, 573.4121, 8.6762, 0, 0, 0
L -362.1395, 573.4121, 8.6762, -361.8654, 578.1404, 8.6715, 0, 0, 0
L -361.8654, 578.1404, 8.6715, -371.833, 581.8885, 8.9695, 0, 0, 0
L -382.8093, 647.112, 1.2511, -393.9295, 647.976, 1.1949, 64, 64, 64
L -393.9295, 647.976, 1.1949, -410.7764, 653.869, 0.8219, 64, 64, 64
L -410.7764, 653.869, 0.8219, -423.5742, 659.956, 0.3311, 64, 64, 64
L -423.5742, 659.956, 0.3311, -436.6612, 670.8805, 0.2483, 64, 64, 64
L -436.6612, 670.8805, 0.2483, -447.83, 683.7672, 0.8964, 64, 64, 64
L -447.83, 683.7672, 0.8964, -453.11, 695.2345, 2.1335, 64, 64, 64
L -453.11, 695.2345, 2.1335, -457.6252, 710.8649, 2.8908, 64, 64, 64
L -457.6252, 710.8649, 2.8908, -459.9877, 724.1408, 2.569, 64, 64, 64
L -460.171, 731.1752, 1.4665, -458.4449, 743.2252, 0.7022, 64, 64, 64
L -458.4449, 743.2252, 0.7022, -452.8999, 760.2336, 0.7517, 64, 64, 64
L -452.8999, 760.2336, 0.7517, -445.693, 774.263, 1.5643, 64, 64, 64
L -445.693, 774.263, 1.5643, -436.7121, 783.8196, 2.1333, 64, 64, 64
L -436.7121, 783.8196, 2.1333, -424.7373, 794.1784, 2.939, 64, 64, 64
L -424.7373, 794.1784, 2.939, -410.763, 802.2883, 1.6278, 64, 64, 64
L -410.763, 802.2883, 1.6278, -394.2968, 807.674, 1.4006, 64, 64, 64
L -394.2968, 807.674, 1.4006, -382.3115, 807.9995, 1.2985, 64, 64, 64
L -375.3184, 807.9905, 1.1978, -363.5217, 806.9728, 0.9704, 64, 64, 64
L -363.5217, 806.9728, 0.9704, -348.457, 802.3723, 0.6742, 64, 64, 64
L -348.457, 802.3723, 0.6742, -333.6277, 794.6291, 0.6, 64, 64, 64
L -333.6277, 794.6291, 0.6, -321.6018, 784.4823, 0.8599, 64, 64, 64
L -321.6018, 784.4823, 0.8599, -311.8722, 772.7617, 0.5132, 64, 64, 64
L -311.8722, 772.7617, 0.5132, -304.466, 758.2685, 0.577, 64, 64, 64
L -304.466, 758.2685, 0.577, -299.5681, 743.2595, 0.6843, 64, 64, 64
L -299.5681, 743.2595, 0.6843, -297.9232, 730.755, 0.8036, 64, 64, 64
L -297.9553, 724.302, 1.545, -299.507, 712.1307, 1.3466, 64, 64, 64
L -299.507, 712.1307, 1.3466, -303.9184, 697.2404, 1.2701, 64, 64, 64
L -303.9184, 697.2404, 1.2701, -311.2674, 683.2495, 1.69, 64, 64, 64
L -311.2674, 683.2495, 1.69, -321.5018, 670.6928, 0.4898, 64, 64, 64
L -321.5018, 670.6928, 0.4898, -334.73, 659.7676, 0.2686, 64, 64, 64
L -334.73, 659.7676, 0.2686, -347.9902, 652.677, 0.838, 64, 64, 64
L -347.9902, 652.677, 0.838, -362.5905, 648.2626, 1.178, 64, 64, 64
L -362.5905, 648.2626, 1.178, -375.2413, 646.9818, 1.2454, 64, 64, 64
L -375.2432, 647.2549, 1.2415, -382.8091, 647.2123, 1.2435, 127, 127, 127
L -459.6931, 724.1407, 1.9626, -459.7542, 731.1749, 1.7702, 127, 127, 127
L -375.3197, 807.7355, 1.247, -382.3115, 807.7414, 1.2764, 127, 127, 127
L -298.55, 730.7551, 0.8871, -298.631, 724.302, 0.9665, 127, 127, 127
L -297.9232, 730.755, 2.6581, -357.819, 730.7635, 2.6581, 240, 240, 240
L -324.7995, 730.7589, 2.1598, -324.8102, 737.8143, 2.1581, 240, 0, 0
L -324.8102, 737.8143, 2.1581, -327.6114, 746.7693, 2.1581, 240, 0, 0
L -327.6114, 746.7693, 2.1581, -332.7853, 757.2424, 2.1581, 240, 0, 0
L -332.7853, 757.2424, 2.1581, -339.884, 766.1982, 2.1581, 240, 0, 0
L -339.884, 766.1982, 2.1581, -347.8777, 772.8455, 2.1581, 240, 0, 0
L -347.8777, 772.8455, 2.1581, -357.283, 777.8392, 2.1581, 240, 0, 0
L -357.283, 777.8392, 2.1581, -366.1832, 781.385, 2.1581, 240, 0, 0
L -366.1832, 781.385, 2.1581, -375.4359, 782.1019, 2.1583, 240, 0, 0
L -375.5885, 748.5218, 2.6581, -375.3184, 807.9905, 2.6581, 240, 240, 240
L -382.3115, 807.9995, 2.6583, -382.2869, 748.5445, 2.6581, 240, 240, 240
L -382.3007, 781.6799, 2.1581, -388.2674, 781.6893, 2.1581, 240, 0, 0
L -388.2674, 781.6893, 2.1581, -398.5514, 778.7971, 2.1581, 240, 0, 0
L -398.5514, 778.7971, 2.1581, -408.877, 773.6761, 2.1581, 240, 0, 0
L -408.877, 773.6761, 2.1581, -416.1447, 767.8922, 2.1581, 240, 0, 0
L -416.1447, 767.8922, 2.1581, -424.502, 758.4419, 2.1581, 240, 0, 0
L -424.502, 758.4419, 2.1581, -429.362, 749.4564, 2.1581, 240, 0, 0
L -429.362, 749.4564, 2.1581, -432.5319, 740.3388, 2.1581, 240, 0, 0
L -432.5319, 740.3388, 2.1581, -433.5405, 731.1448, 2.1581, 240, 0, 0
L -400.6172, 731.1068, 2.6581, -460.171, 731.1752, 2.6581, 240, 240, 240
L -459.9877, 724.1408, 2.6585, -400.601, 724.919, 2.6581, 240, 240, 240
L -433.1385, 724.1187, 2.1581, -433.192, 718.384, 2.1581, 240, 0, 0
L -433.192, 718.384, 2.1581, -430.1426, 707.4918, 2.1581, 240, 0, 0
L -430.1426, 707.4918, 2.1581, -425.1469, 697.5576, 2.1581, 240, 0, 0
L -425.1469, 697.5576, 2.1581, -418.5097, 689.2854, 2.1581, 240, 0, 0
L -418.5097, 689.2854, 2.1581, -409.6992, 681.8052, 2.1581, 240, 0, 0
L -409.6992, 681.8052, 2.1581, -401.1505, 677.2534, 2.1583, 240, 0, 0
L -401.1505, 677.2534, 2.1583, -389.8056, 673.3025, 2.1581, 240, 0, 0
L -389.8056, 673.3025, 2.1581, -382.7624, 673.3202, 2.1581, 240, 0, 0
L -382.7038, 706.1056, 2.6581, -382.8093, 647.112, 2.6581, 240, 240, 240
L -375.2413, 646.9818, 2.6581, -375.6548, 706.895, 2.6581, 240, 240, 240
L -375.4257, 673.3469, 2.1581, -368.8892, 673.3048, 2.1581, 240, 0, 0
L -368.8892, 673.3048, 2.1581, -358.6498, 676.4664, 2.1581, 240, 0, 0
L -358.6498, 676.4664, 2.1581, -349.716, 681.36, 2.1581, 240, 0, 0
L -349.716, 681.36, 2.1581, -340.7336, 688.258, 2.1581, 240, 0, 0
L -340.7336, 688.258, 2.1581, -334.138, 696.1658, 2.1581, 240, 0, 0
L -334.138, 696.1658, 2.1581, -328.8734, 705.1301, 2.1581, 240, 0, 0
L -328.8734, 705.1301, 2.1581, -325.76, 716.293, 2.1581, 240, 0, 0
L -325.76, 716.293, 2.1581, -324.7363, 724.128, 2.1581, 240, 0, 0
L -357.8222, 723.9915, 2.6581, -297.9553, 724.302, 2.6581, 240, 240, 240
L -382.2869, 748.5445, 2.6581, -375.5885, 748.5218, 2.6581, 240, 0, 0
L -357.8184, 732.1032, 2.6581, -357.8222, 723.9915, 2.6581, 240, 0, 0
L -375.6548, 706.895, 2.6575, -382.7038, 706.1056, 2.6581, 240, 0, 0
L -400.5996, 723.4464, 2.6581, -400.6172, 731.1068, 2.6581, 240, 0, 0
L -400.6173, 731.1313, 2.6581, -398.9726, 734.7966, 2.1581, 240, 0, 0
L -398.9726, 734.7966, 2.1581, -393.9601, 742.1819, 2.1581, 240, 0, 0
L -393.9601, 742.1819, 2.1581, -388.9026, 746.85, 2.1581, 240, 0, 0
L -388.9026, 746.85, 2.1581, -382.6263, 748.5157, 2.6581, 240, 0, 0
L -375.2839, 748.5113, 2.6581, -370.176, 746.5659, 2.1581, 240, 0, 0
L -370.176, 746.5659, 2.1581, -364.5221, 742.4355, 2.1581, 240, 0, 0
L -364.5221, 742.4355, 2.1581, -360.615, 737.3465, 2.1581, 240, 0, 0
L -360.615, 737.3465, 2.1581, -357.8184, 732.1032, 2.1581, 240, 0, 0
L -357.7305, 723.9915, 2.1581, -360.1386, 717.4389, 2.1581, 240, 0, 0
L -360.1386, 717.4389, 2.1581, -363.908, 712.6823, 2.1581, 240, 0, 0
L -369.5846, 708.6975, 2.1581, -375.6553, 706.148, 2.6581, 240, 0, 0
L -369.5846, 708.6975, 2.1581, -363.908, 712.6823, 2.1581, 240, 0, 0
L -382.3765, 706.392, 2.6581, -388.2126, 708.4745, 2.1581, 240, 0, 0
L -388.2126, 708.4745, 2.1581, -392.702, 711.3291, 2.1581, 240, 0, 0
L -392.702, 711.3291, 2.1581, -396.6306, 716.41, 2.1581, 240, 0, 0
L -396.6306, 716.41, 2.1581, -400.5996, 723.4464, 2.6581, 240, 0, 0
L 555.5072, 667.3954, 12.7085, 561.4246, 668.5289, 11.863, 0, 0, 0
L 561.4246, 668.5289, 11.863, 562.8469, 677.1349, 12.9628, 0, 0, 0
L 562.8469, 677.1349, 12.9628, 568.226, 683.8858, 12.4315, 0, 0, 0
L 568.226, 683.8858, 12.4315, 569.9615, 691.3454, 12.9731, 0, 0, 0
L 569.9615, 691.3454, 12.9731, 579.4305, 702.4881, 12.8053, 0, 0, 0
L 579.4305, 702.4881, 12.8053, 594.75, 714.8147, 15.1348, 0, 0, 0
L 594.75, 714.8147, 15.1348, 614.7711, 720.913, 12.5291, 0, 0, 0
L 614.7711, 720.913, 12.5291, 619.2802, 725.334, 12.576, 0, 0, 0
L 619.2802, 725.334, 12.576, 640.4704, 725.316, 5.7393, 0, 0, 0
L 640.4704, 725.316, 5.498, 640.4665, 741.8176, 10.1683, 0, 0, 0
L 640.4665, 741.8176, 12.5732, 652.9923, 748.3572, 12.6951, 0, 0, 0
L 652.9923, 748.3572, 12.6951, 675.4252, 736.4869, 12.9062, 0, 0, 0
L 675.4252, 736.4869, 12.9062, 699.3663, 748.3927, 12.6315, 0, 0, 0
L 699.3663, 748.3927, 12.6315, 741.6263, 737.7679, 12.6844, 0, 0, 0
L 741.6263, 737.7679, 12.6844, 757.9881, 742.5836, 12.6132, 0, 0, 0
L 757.9881, 742.5836, 12.6132, 766.5275, 738.2545, 12.7901, 0, 0, 0
L 766.5275, 738.2545, 12.7901, 766.5358, 725.484, 8.4823, 0, 0, 0
L 766.5358, 725.484, 6.2102, 782.5309, 724.9847, 12.8238, 0, 0, 0
L 782.5309, 724.9847, 12.8238, 789.529, 716.4492, 13.112, 0, 0, 0
L 789.529, 716.4492, 13.112, 791.623, 709.2734, 12.6682, 0, 0, 0
L 791.623, 709.2734, 12.6682, 796.6136, 702.3084, 12.9438, 0, 0, 0
L 796.6136, 702.3084, 12.9438, 799.9778, 675.8432, 12.6661, 0, 0, 0
L 799.9778, 675.8432, 12.6661, 808.501, 669.8115, 12.5333, 0, 0, 0
L 808.501, 669.8115, 12.5333, 816.89, 667.4967, 13.111, 0, 0, 0
L 816.89, 667.4967, 13.111, 839.9888, 643.52, 12.9937, 0, 0, 0
L 839.9888, 643.52, 12.9937, 845.2762, 631.9832, 12.8744, 0, 0, 0
L 845.2762, 631.9832, 12.8744, 847.1652, 629.2093, 12.9804, 0, 0, 0
L 847.1652, 629.2093, 12.9804, 847.6562, 620.94, 12.6515, 0, 0, 0
L 847.6562, 620.94, 12.6515, 847.1295, 613.7549, 12.9491, 0, 0, 0
L 847.1295, 613.7549, 12.9491, 841.9897, 606.5502, 12.5539, 0, 0, 0
L 841.9897, 606.5502, 12.5539, 840.3467, 600.4271, 13.7, 0, 0, 0
L 840.3467, 600.4271, 13.7, 833.5931, 591.7481, 12.8109, 0, 0, 0
L 833.5931, 591.7481, 12.8109, 823.9651, 581.9958, 12.8818, 0, 0, 0
L 823.9651, 581.9958, 12.8818, 799.4611, 562.2128, 12.9155, 0, 0, 0
L 816.9651, 576.3445, 12.9155, 816.9665, 602.4673, 8.7032, 0, 0, 0
L 816.9665, 602.4673, 8.7985, 815.4657, 602.4669, 8.8004, 0, 0, 0
L 815.4657, 602.4669, 8.8004, 815.4696, 622.466, 8.8877, 0, 0, 0
L 815.4696, 622.466, 9.597, 802.5326, 622.4673, 9.4434, 0, 0, 0
L 802.5326, 622.4673, 9.5814, 802.5324, 602.4657, 8.8026, 0, 0, 0
L 802.5324, 602.4657, 8.8026, 801.32, 602.4674, 8.8021, 0, 0, 0
L 801.32, 602.4674, 8.6287, 801.335, 580.3908, 12.488, 0, 0, 0
L 801.335, 580.3908, 12.7211, 798.6186, 552.4732, 12.6066, 0, 0, 0
L 766.335, 552.4732, 12.6066, 640.4673, 552.4733, 12.1582, 127, 127, 127
L 610.525, 567.4217, 12.7309, 602.7988, 572.6209, 12.5287, 0, 0, 0
L 602.7988, 572.6209, 12.5287, 593.9106, 575.5557, 12.9672, 0, 0, 0
L 593.9106, 575.5557, 12.9672, 586.7776, 581.4781, 12.8444, 0, 0, 0
L 586.7776, 581.4781, 12.8444, 575.5919, 592.7292, 12.8818, 0, 0, 0
L 575.5919, 592.7292, 12.8818, 569.5425, 600.8024, 12.949, 0, 0, 0
L 569.5425, 600.8024, 12.949, 566.7129, 608.6344, 12.4562, 0, 0, 0
L 566.7129, 608.6344, 12.4562, 562.8089, 613.9582, 12.9436, 0, 0, 0
L 562.8089, 613.9582, 12.9436, 562.778, 621.7288, 12.5382, 0, 0, 0
L 562.778, 621.7288, 12.5382, 555.732, 623.5453, 12.5091, 0, 0, 0
L 581.634, 600.3, 6.1067, 577.134, 604.4963, 7.9253, 0, 0, 0
L 577.134, 604.4963, 6.3906, 581.9977, 609.3691, 6.4005, 0, 0, 0
L 581.9977, 609.3691, 6.5073, 586.4787, 604.8863, 6.5731, 0, 0, 0
L 586.4787, 604.8863, 6.5731, 588.135, 606.3478, 6.6482, 0, 0, 0
L 588.135, 606.3478, 6.981, 600.8682, 593.5041, 7.1078, 0, 0, 0
L 600.8682, 593.5041, 6.854, 599.3686, 591.9958, 6.9264, 0, 0, 0
L 599.3686, 591.9958, 6.9264, 603.865, 587.501, 6.8023, 0, 0, 0
L 603.865, 587.501, 6.8385, 599.8, 582.6309, 6.9137, 0, 0, 0
L 599.8, 582.6309, 7.869, 594.5078, 587.1251, 7.167, 0, 0, 0
L 594.5078, 587.1251, 7.167, 592.995, 585.6354, 6.9358, 0, 0, 0
L 592.995, 585.6354, 6.6675, 580.2265, 598.4017, 6.1856, 0, 0, 0
L 581.6335, 599.9992, 6.1067, 580.2265, 598.4017, 6.136, 0, 0, 0
L 610.579, 567.3604, 12.7769, 611.3496, 552.4745, 12.6405, 0, 0, 0
L 611.3496, 552.4745, 12.6405, 640.4674, 552.4657, 12.1582, 0, 0, 0
L 640.4673, 552.4733, 16.1582, 640.4688, 536.317, 13.6583, 0, 0, 0
L 640.4688, 536.317, 13.6582, 628.4655, 536.34, 13.6582, 0, 0, 0
L 628.4655, 536.34, 13.6582, 628.4657, 498.4658, 13.6582, 0, 0, 0
L 628.4657, 498.4658, 13.6582, 689.4664, 498.4673, 13.6582, 0, 0, 0
L 689.4664, 498.4673, 13.6582, 689.4647, 478.5788, 13.648, 0, 0, 0
L 689.4647, 478.5788, 13.648, 705.7213, 489.708, 18.1582, 0, 0, 0
L 705.7213, 489.708, 18.1582, 728.729, 474.6505, 13.6501, 0, 0, 0
L 728.729, 474.6505, 13.6501, 730.5546, 475.2803, 13.5937, 0, 0, 0
L 730.5546, 475.2803, 13.5937, 730.5294, 508.9658, 13.6582, 0, 0, 0
L 730.5294, 508.9658, 13.6582, 756.9283, 508.9692, 13.6582, 0, 0, 0
L 756.9283, 508.9692, 13.6582, 757.184, 502.466, 13.6582, 0, 0, 0
L 757.184, 502.466, 13.6582, 778.5333, 502.4657, 13.6582, 0, 0, 0
L 778.5333, 502.4657, 13.6582, 778.5342, 536.338, 13.6582, 0, 0, 0
L 778.5342, 536.338, 13.6582, 766.338, 536.322, 13.6582, 0, 0, 0
L 766.338, 536.322, 13.6582, 766.335, 552.466, 13.6582, 0, 0, 0
L 766.335, 552.466, 12.1582, 798.6431, 552.4894, 12.6304, 0, 0, 0
L 610.9211, 557.4117, 10.6582, 799.402, 557.3452, 10.6582, 127, 127, 127
L 799.4714, 562.3315, 9.1582, 610.4965, 562.3048, 9.1582, 127, 127, 127
L 610.579, 567.3604, 7.6581, 799.9013, 567.3017, 7.6581, 127, 127, 127
L 734.2009, 622.4647, 7.967, 739.3929, 646.73, 7.742, 240, 240, 240
L 739.3929, 646.73, 7.742, 729.9056, 671.8369, 7.1245, 240, 240, 240
L 729.9056, 671.8369, 7.1245, 716.1566, 686.6753, 5.6208, 240, 240, 240
L 716.1566, 686.6753, 5.6208, 715.9661, 699.7152, 4.3244, 240, 240, 240
L 715.9661, 699.7152, 4.3244, 681.13, 700.4672, 6.165, 240, 240, 240
L 681.13, 700.4672, 6.165, 676.8333, 681.7514, 6.283, 240, 240, 240
L 676.8333, 681.7514, 6.283, 671.602, 685.8698, 7.298, 240, 240, 240
L 671.602, 685.8698, 7.298, 646.9007, 662.6971, 4.2923, 240, 240, 240
L 646.9007, 662.6971, 4.2923, 646.315, 649.2748, 5.4585, 240, 240, 240
L 646.315, 649.2748, 5.4585, 633.7061, 636.5076, 7.819, 240, 240, 240
L 633.7061, 636.5076, 7.819, 613.7528, 642.2758, 6.1963, 240, 240, 240
L 613.7528, 642.2758, 6.1963, 627.7756, 620.436, 4.3345, 240, 240, 240
L 627.7756, 620.436, 4.3345, 622.5739, 596.701, 7.534, 240, 240, 240
L 622.5739, 596.701, 7.534, 649.1462, 582.831, 4.4637, 240, 240, 240
L 649.1462, 582.831, 4.4637, 670.2537, 595.2181, 7.1432, 240, 240, 240
L 670.2537, 595.2181, 7.1432, 680.5809, 581.4708, 6.1887, 240, 240, 240
L 680.5809, 581.4708, 6.1887, 696.1438, 581.533, 7.974, 240, 240, 240
L 696.1438, 581.533, 7.974, 701.5195, 607.3021, 6.9973, 240, 240, 240
L 701.5195, 607.3021, 6.9973, 714.3953, 581.5692, 4.2849, 240, 240, 240
L 714.3953, 581.5692, 4.2849, 729.4776, 609.2957, 7.1397, 240, 240, 240
L 729.4776, 609.2957, 7.1397, 752.966, 600.7993, 6.2489, 240, 240, 240
L 752.966, 600.7993, 6.2489, 749.263, 622.7446, 6.1619, 240, 240, 240
L 749.263, 622.7446, 6.1619, 734.2009, 622.4647, 7.98, 240, 240, 240
P -249.9577, -240.9819, 20.986, 0, 0, 0, 1, Map_by_Goodurden
P -284, -58, 0, 0, 127, 0, 3, to_North_Ro
P -284, -6050.6841, 49.3419, 0, 0, 0, 2, to_North_Ro
