P 745.819, 527.89, 13.6582, 127, 0, 0, 3, Ledanne_the_Rejuvenator
P -378.8813, 727.551, 3.6581, 0, 127, 127, 3, 2.to20%_>_4.Quintessence_of_Sand
P -410.3913, 727.833, 2.6581, 127, 0, 0, 3, 3.Ritana_the_Convoker
P -379.3288, 760.25, 2.6581, 127, 0, 0, 3, 1.Tweyne_the_Sandcaller
P -346.5357, 727.1354, 2.6581, 127, 0, 0, 3, 1.Thosan_the_Manipulator
P -379.3059, 696.2653, 2.6581, 127, 0, 0, 3, 1.Unala_the_Avenger
P 670.9646, 529.1292, 13.6582, 127, 0, 0, 3, Kamoj_the_Protector
P -454.593, 727.1307, 2.5019, 0, 0, 0, 1, chest
P -304.6496, 726.5801, 2.5019, 0, 0, 0, 1, chest
P -378.9667, 803.5336, 2.5019, 0, 0, 0, 1, chest
