P 0, -10, 0, 0, 0, 0, 3, The_Belfry
P -61.963, 1.349, 0.5699, 0, 0, 0, 3, Trapdoor_1
P 0.8189, 117.218, -150.431, 0, 0, 0, 3, Room_1
P 111.64, 1.124, -250.431, 0, 0, 0, 3, Room_2
P 0.195, -114.527, -350.4309, 0, 0, 0, 3, Room_3
P -119.3239, 1.74, -450.4309, 0, 0, 0, 3, Room_4
P -0.298, 1.36, -497.781, 0, 0, 0, 3, Trapdoor_2
P 0.581, 23.5369, 0, 0, 0, 0, 3, Tower_of_Vertigo
P -19.59, -202.96, -752.575, 127, 0, 0, 3, Ayonae_Ro
P -14.74, -41.7599, -760.575, 0, 0, 0, 3, Concert_Hall
P 1.85, -138.93, -630.575, 127, 0, 0, 3, Roaming_Ayonae
P 3.6709, -16.466, -623.399, 127, 0, 0, 3, Ashtar
P -138.93, -152.3779, -623.2569, 127, 0, 0, 3, T'Pall
P -112.787, 1.691, -550.575, 127, 0, 0, 3, Melkis
P 4.397, -34.689, -550.575, 0, 0, 0, 3, Trapdoor_Room
