P 1234.9989, -903.1539, -25.4698, 240, 0, 0, 2, Heirophant_Grazan
P -1226.7714, 1025.378, -10.2605, 240, 0, 0, 2, Crusader_Kezzal
P 209.4266, -113.638, -19.9355, 240, 0, 0, 2, An_Ancient_Shissar_Servitor
P -37.2657, -248.159, -19.9355, 240, 0, 0, 2, X
P -203.629, -76.5649, -19.9355, 240, 0, 0, 2, X
P -33.5112, 85.2536, -19.9355, 240, 0, 0, 2, X
P 140.1188, 11.5539, -19.9355, 240, 0, 0, 2, X
P 201.281, -23.9688, -19.9355, 240, 0, 0, 2, X
P 143.8143, -158.554, -19.9355, 240, 0, 0, 2, X
P -396.7853, -203.735, -18.9531, 240, 0, 0, 2, Revenant_Sthzzzizt
P -145.4824, 157.8089, -19.9355, 240, 0, 0, 2, Revenant_Sthzzzizt
P -147.7629, -351.8881, -19.9355, 240, 0, 0, 2, Revenant_Zsshta
P 159.6384, -346.1184, -19.2714, 240, 0, 0, 2, Revenant_Zsshta
P -16.8154, 1331.9666, -7.6134, 240, 0, 0, 2, Stonehand(Trap)
P 1630.3733, -1122.3339, 15.9847, 240, 0, 0, 2, Stonehand(Trap)
P 1721.8667, -986.2627, 28.4627, 240, 0, 0, 2, Heriohant_Grazan
