P 870, 720, 28.19, 240, 0, 0, 2, Specter_Room_(5_on_turn-in)
P 1075, 1209, 0.2, 240, 0, 0, 2, trap(3)
P 870, 1170, 0.2, 240, 0, 0, 2, trap(6)
P 931, 1249, 0.2, 240, 0, 0, 2, trap(3)
P 696, 1213, 0.2, 240, 0, 0, 2, trap(3)
P 870, 785, 28.19, 127, 64, 0, 2, Gas_Chamber
P 276, 753, -27.998, 240, 0, 0, 2, Gas_Chamber
P 280, 1006, -51.9979, 240, 0, 0, 2, trap(5)
P 495, 1167, -55.9979, 240, 0, 0, 2, trap(5)
P 810, 1250, 0.2, 240, 0, 0, 2, trap(3)
P 1227, 630, -9.999, 127, 0, 0, 3, Tqiv_Qukret_the_Furious
P 870, 1, -9.999, 127, 0, 0, 3, Vrex_Barxt_Qurat
P 221, 184, -23.998, 240, 0, 0, 2, trap(4)
P 537, 656, -9.9979, 127, 0, 0, 2, Tqiv_Araxt_the_Enraged
