P 780.612, -415.4284, -47.8937, 240, 0, 0, 1, Thief
P -277.8199, 127.5199, -13.8699, 0, 0, 0, 3, Hiero_#1
P -404.3654, 94.1131, -12.8938, 0, 0, 0, 1, Prismatic_Crystal(GS)Wiz1.5)
P -349.947, -303.6967, -25.3616, 0, 0, 0, 1, Prismatic_Crystal(GS)Wiz1.5)
P -345, 115, -310, 0, 0, 0, 1, Prismatic_Crystal
P -338, 158, -310, 0, 0, 0, 1, Prismatic_Crystal
P -558.4088, 247.7529, -30.1209, 0, 0, 0, 1, Pool
P -561.7676, 13.1006, -30.165, 0, 0, 0, 1, Pool
P -367.2, 141.9474, -15.9979, 0, 0, 0, 1, Pool
P 289.3111, -103.1748, -7.8417, 127, 0, 0, 2, ancient_nobleman(Mnk2.0)
P 351.962, 531.3035, -19.8416, 127, 0, 0, 2, an_asteatotic_highborn(Rng1.5)
