P 448.4606, -277.9533, -22.6946, 127, 0, 0, 2, Decaying_Lord_Guluk_Derk(War1.5)
P -498.6279, 448.7921, 21.1062, 127, 0, 0, 2, Explorer_Gamus
P 93.2762, 203.9078, -15.8963, 0, 0, 127, 2, Spirit_of_Garudon
P 507.754, 41.71, 8.9, 240, 0, 0, 2, Undead_Chef
P -476.3879, 497.8419, 34.9, 240, 0, 0, 2, Champion_Karmak
P -619.9809, 513.937, -11.999, 240, 0, 0, 2, Lord_Sasil
P 10.5366, 104.1534, -29.8937, 240, 0, 0, 2, Behemoth_Golem
P 50.8359, 249.299, -29.9989, 240, 0, 0, 2, a_undead_shopkeeper
P 174.5987, 243.7529, 8.1061, 240, 0, 0, 2, Undead_Smith
P -95.774, -339.7284, -21.8937, 240, 0, 0, 2, Warlock_Gurag
P -156.6658, -281.1204, -27.8937, 240, 0, 0, 2, Luminary_Salox
P -242.4551, -249.8138, -27.8937, 240, 0, 0, 2, Heirophant_Vradik
P -266.5262, 133.6392, -16.998, 240, 0, 0, 2, Hierophant_Ginai
P 157.286, 392.326, -30.225, 240, 0, 0, 2, Bloodgill_Warlord
P 308.6739, 383.9254, 22.1062, 240, 0, 0, 2, remains_of_Slythax
P 482.2416, -171.629, -22.601, 240, 0, 0, 2, Decaying_Slavemaster
P 572.2871, -196.8891, 42.106, 240, 0, 0, 2, a_sad_slave
P 298.6236, 115.6, -1.8938, 127, 0, 0, 3, Garudon
P 122.9699, 372.61, -27.87, 240, 0, 0, 2, Goblin_Soothsayer
P -70.15, 361.1, -27.19, 240, 0, 0, 2, Goblin_Warlod
P 524.1599, 275.8799, -26.87, 127, 0, 0, 2, Kylong_Crusader
P 496.4827, -737.3292, -47.8937, 240, 0, 0, 2, Plauge
P 224.415, 402.9089, 22.1062, 240, 0, 0, 2, an_Iksar_highborn
P 204.1836, -258.374, 42.106, 240, 0, 0, 2, Trooper_Muruk
P 222.6706, -342.2669, -25.8937, 240, 0, 0, 2, Brother_Eruk
P -271.2309, 364.579, -13.999, 240, 0, 0, 2, Shaman_Soothsayer
P -595.8029, 171.98, -36.404, 240, 0, 0, 2, Feral_Lord_Gulok
P -618.1728, -300.5267, -27.8937, 240, 0, 0, 2, Warlock_Dirloz
P 174.1329, 183.4699, 4.19, 240, 0, 0, 2, a_Kylong_Lich
